1000 999
737 904 96937802
45 836 276503860
119 745 224660022
581 996 304581011
478 561 497422926
40 708 419817389
226 706 487479233
726 877 194091923
440 699 178116420
473 558 247699866
191 719 328685655
221 323 40995394
692 781 306243979
261 348 188832515
239 572 305004110
513 586 266157624
481 841 6162031
22 693 32884859
55 590 287129572
295 427 865220398
444 727 398338135
285 966 330582857
19 459 310810313
99 303 441406124
415 791 377833042
363 934 920024138
216 812 24283119
250 957 491707192
776 852 445386424
864 989 496312552
477 863 180637830
125 645 294845913
253 751 355429040
38 553 408693198
147 653 328416775
650 727 289644698
97 438 16584751
422 705 401528619
716 995 235783938
133 554 26053686
78 697 42026263
359 670 212444312
734 979 169386375
98 427 15220218
28 277 128711778
233 442 334624015
806 947 268517117
571 860 106031707
788 927 260282269
502 654 78745122
298 742 390821561
526 903 459571437
107 317 27270071
499 835 280535182
194 598 123759328
676 845 110041202
118 934 192642748
58 150 383683468
208 598 98771875
289 917 163040368
10 344 75062981
908 987 58290906
96 517 79799268
301 584 133000704
154 294 375155439
147 640 478194887
57 381 117897233
77 899 131456266
633 810 362217602
534 723 186952084
448 769 98883800
202 693 73280420
481 878 100251350
452 736 299265826
257 867 492324087
71 316 351860575
231 724 34714081
159 200 351889742
4 970 225206282
66 591 136646668
527 854 259338749
355 634 230619859
591 923 234608737
360 657 185453239
502 550 171328194
389 488 4768151
476 787 413819259
380 552 234692605
541 786 21507145
437 628 66556432
694 881 25695670
175 362 169533012
216 746 410631330
29 244 331853073
354 394 473101833
519 535 277365813
44 518 22591142
20 981 225979251
509 868 77104058
1 385 295306866
691 931 417489444
263 504 207371293
225 858 122518451
80 496 29403855
435 497 389912227
152 652 221857858
275 859 424757082
378 935 359578263
326 958 92789489
130 422 296777582
313 471 78075701
209 372 485366284
201 353 352038640
538 795 310037529
642 922 75546021
555 671 452655016
508 875 469809565
222 569 213206832
663 861 48132324
575 752 136834389
587 824 435938638
269 747 41798715
342 698 182975295
272 892 430233167
78 965 178239255
406 837 190854524
86 616 451831488
293 407 1004599
732 931 383076887
323 713 419879654
15 417 429049260
35 479 284178209
373 546 239807867
286 499 366527047
771 861 372682295
379 543 368409055
237 266 182257885
495 859 432572859
0 967 11065101
915 991 194069323
178 599 200792860
341 627 420352428
45 634 386025827
249 409 391925377
425 536 172281497
259 960 106655094
419 550 350238606
149 304 433057417
721 748 167025461
342 827 8268970
59 87 38347323
65 990 23374009
626 992 477261584
756 812 23757350
146 784 98657602
815 940 196050073
217 450 350928504
490 522 78757639
338 760 465253960
15 722 255709903
858 927 311468880
427 873 505252332
25 104 433194729
377 902 281541665
18 880 465239973
74 621 191704889
174 567 8395965
472 511 236201984
383 730 347691378
39 758 220841400
349 632 494467523
614 658 316623823
113 226 164740287
63 469 335053670
798 801 107619584
369 921 340506104
288 548 379975266
613 776 83659928
21 889 206760595
562 577 280068889
238 349 224240275
463 917 119164790
483 487 330782247
355 659 463376706
89 512 298690003
42 778 23714515
710 885 178011481
88 545 400745603
773 777 267303782
363 953 56267565
520 761 457104405
404 469 372617498
152 193 157981949
292 928 325800046
718 834 347851835
55 602 158708521
56 566 435229210
68 677 7360728
165 997 68933469
7 730 411744329
281 703 1449002
475 523 114887257
601 709 6507974
19 95 402705439
290 630 179210380
281 894 492198761
316 935 30275786
295 816 274041404
182 865 93621131
423 608 193009193
170 364 224944589
221 289 102401331
418 909 161074019
26 718 391060893
252 446 29800465
17 428 101570201
559 950 124311868
87 863 402975855
656 667 43164241
96 827 298902291
23 779 11579407
230 869 222822301
31 521 369677096
698 918 470210147
330 961 380748057
350 397 159363849
652 919 434589028
570 605 178106362
750 804 439158370
793 919 125483425
474 759 456811364
318 943 370559580
195 528 171747406
346 766 353614626
616 801 454699329
969 977 487492052
162 627 91732950
253 690 378391965
252 636 315915462
488 986 92472552
80 604 85205021
70 541 475145015
114 605 323206545
242 738 196499821
762 972 185652851
229 443 236837857
172 993 436248121
131 967 104762069
157 705 476176895
498 568 175448438
267 683 464514465
169 607 377065255
415 649 107013789
314 324 368731821
523 638 271742060
261 410 470670356
134 944 50754859
44 877 31440185
72 933 346207518
202 735 211383041
258 712 7268121
262 594 131645799
111 294 494667434
282 514 9361161
434 729 392622292
436 460 278783355
617 774 179785786
702 832 400777996
200 495 487738505
449 922 35642781
314 756 798615004
455 918 421040568
441 661 289637084
212 234 498750808
9 549 358034095
862 870 15158385
369 905 322617726
457 561 483826522
224 609 62843081
485 959 308190187
161 517 423081603
102 447 50575031
343 398 187915806
199 825 51612021
461 600 281140089
278 884 88008894
114 785 61732863
182 997 310017382
251 592 146302350
265 851 346684437
71 930 290144914
565 644 328656833
33 849 444010154
41 749 245407454
405 876 181804311
376 547 374141248
518 719 357097576
482 735 248789316
288 610 208685038
311 611 113879953
493 813 473207676
47 895 50898785
249 466 18002911
92 408 380865763
398 617 28798771
573 956 190714694
83 870 359797580
480 487 143842772
764 841 479062706
563 723 262410409
106 117 200978906
243 270 148143432
183 650 464164918
637 738 283618414
971 983 493097587
302 612 401956165
121 129 24182812
468 507 66915344
38 827 572457025
79 600 125269549
31 913 376656708
283 604 93732939
310 965 497568288
227 734 212751548
51 405 142095047
30 759 53751852
235 981 247115844
24 309 19175343
655 929 189169226
500 914 106968944
377 836 329982670
37 431 379868737
512 648 213006621
728 953 284792750
345 565 238153889
260 362 44628266
18 244 485793988
479 615 219505121
322 865 145438838
304 881 16811247
205 831 451415864
426 833 404428868
236 618 31209763
197 376 26730153
325 789 355054554
358 426 194568173
439 755 159606704
432 905 400141833
139 580 401424844
429 893 271250797
255 463 82596853
464 828 9628684
465 811 145379829
403 526 200126277
69 181 358944676
397 548 396180129
973 979 156857992
702 830 324851372
125 803 259263604
413 423 421869407
149 406 323505991
160 577 493897641
140 646 20427112
449 505 390789296
747 946 326434760
90 188 317227768
357 853 280661199
392 973 401377104
944 964 337734976
332 660 303542416
424 803 376224318
874 928 235252497
471 964 47540241
562 934 979077789
777 942 64305914
494 703 116146566
81 452 488255538
130 890 161384908
260 566 304728014
121 275 371170485
484 532 98434767
682 982 401789034
151 687 416660553
711 896 382442855
489 682 126229122
27 644 130804881
721 761 68902821
895 896 252279860
198 667 312153696
462 814 727146746
315 751 253803075
430 437 223057340
658 921 12235546
165 193 381517225
334 390 248689239
105 699 163387550
13 319 34660999
268 888 243659942
510 764 56728962
898 999 114629112
88 413 298527356
91 655 393350318
629 647 263523149
135 278 77967880
393 542 146949864
573 814 116041882
583 940 134802019
513 767 75919564
679 740 369211917
29 649 253620656
91 818 461354318
358 385 454300751
279 788 126623644
56 820 228581813
823 970 174144839
239 629 361659810
628 666 268228007
143 891 239550537
671 941 494084283
60 804 250254113
795 904 141264957
492 753 163602493
297 653 256872056
327 890 186617254
103 620 316713017
256 784 248087717
72 139 329379786
516 672 178456684
299 809 316963510
320 506 195803424
264 760 346041569
484 963 401312769
556 615 153751040
46 675 72362603
22 433 319068302
726 897 443155068
485 729 364180170
65 535 287930264
52 670 264322554
117 427 2136635
680 687 494716166
109 280 370304556
69 691 161016797
204 356 378328578
264 267 312189175
184 817 188713670
213 892 108622255
871 984 492671072
274 656 410723900
207 737 315336521
104 375 362345577
273 713 379160365
68 442 345813240
94 707 247892327
255 400 273001249
317 467 166972031
475 886 237150113
270 461 37926129
32 663 363795244
308 787 166650460
230 412 125492885
763 988 93003920
159 402 216289213
446 582 56913064
112 744 306659373
136 585 360879398
26 986 338315637
839 994 109370289
186 818 474019696
259 840 436873571
214 675 9087156
347 971 124046106
641 955 455765183
790 806 326791217
67 265 323643892
464 669 149303161
436 844 416688087
5 511 446720650
829 903 461911165
711 937 85734169
581 695 26463046
451 857 397791667
8 25 271900626
662 807 492649287
384 637 19030950
312 800 267308884
155 522 159077478
240 821 97361615
340 435 255796711
0 167 139467238
458 610 457933728
21 503 210661617
796 906 445318792
336 946 432704122
352 697 453417831
144 470 422229323
145 177 470686756
555 985 264464738
416 736 57668474
205 785 8186308
158 363 420743616
166 521 466713867
743 799 158475101
672 868 486087891
164 224 216502326
916 948 34559140
173 960 406468585
430 853 22446726
60 143 351951630
77 457 212654327
2 185 482810924
168 365 307720064
185 701 110602984
279 330 456143712
93 528 292501733
579 891 275516252
414 545 103926224
298 664 357191535
24 150 94364373
678 810 27861488
163 247 199342639
141 391 339764875
749 773 356675520
206 269 318461513
551 782 345351973
142 850 205876699
195 272 393357708
102 955 266841801
124 207 249377105
187 977 192721572
181 458 472066983
137 155 225924519
525 626 309196507
148 847 130736702
4 441 476731380
157 558 491769094
248 842 291770735
815 996 284693643
215 466 396770168
240 674 316868841
201 768 166664667
685 974 244488550
472 855 427306244
105 163 488894764
63 92 463641712
84 639 359148075
410 590 27601412
746 916 61722140
256 276 487776010
82 570 337965886
439 807 141411399
40 160 344612834
386 882 454251320
478 588 311175279
90 540 270763992
576 666 474970705
519 985 349316636
849 925 91614917
199 947 310744663
911 962 133434497
592 772 316373164
17 847 464420886
146 532 22821063
745 969 346239585
680 912 248932046
266 563 375996449
443 689 231529088
530 898 301952708
167 197 348289490
67 203 230295858
194 368 101890093
179 808 42350127
3 531 101053739
329 578 11442132
153 398 815172318
305 360 286962447
322 951 441785109
844 880 242179095
328 708 189820531
771 995 481514390
501 783 186215367
53 766 261671603
465 866 336420128
572 668 237166146
234 733 337343403
250 287 219706459
176 574 27395427
700 709 245559376
733 908 308863841
467 684 464381452
66 834 408332234
206 825 309870132
383 775 357570046
127 510 385910151
742 937 436818847
453 546 287993854
748 889 215802803
41 962 176216082
473 732 286768181
213 576 467862161
321 392 474191315
162 177 187177530
722 872 256582377
223 840 132019015
359 798 9736532
676 694 376764876
196 308 100921251
372 774 251808220
337 640 159202915
79 144 101297262
380 586 82518579
86 781 92387421
543 679 39587774
295 813 281463328
923 925 259379337
756 879 160002247
103 145 88504961
366 431 223922737
142 588 369859094
462 589 482619557
311 333 313383714
346 710 296905609
218 936 420194909
312 715 28769283
242 274 428243198
62 131 102994894
525 696 272303096
336 913 468115742
328 943 310933477
64 110 173624869
622 845 435183430
9 211 287282399
3 888 333670268
585 794 362581495
399 822 366138677
549 619 116963842
14 395 390303874
297 829 101982280
36 704 162327654
911 983 303548398
313 476 358893643
198 681 420830018
515 560 451626557
219 606 337114778
860 976 311942354
381 704 381138771
456 607 150667061
237 824 279300650
30 879 242225412
434 625 23975230
454 842 295165976
108 116 399332094
238 914 93580033
156 357 189562411
306 354 429268865
254 538 107974715
562 579 322582673
247 597 127878765
603 984 326897012
866 893 448045754
6 716 438241848
16 701 274548374
128 373 20149913
210 907 221653907
411 706 418129843
848 929 227339115
39 361 313767910
296 305 331378388
828 843 214504134
416 677 210486400
75 707 317774964
674 839 962788
93 220 48950217
169 536 133225535
326 949 415088710
227 544 384413670
419 945 274852018
220 961 84255890
64 440 443396834
50 717 132781462
370 401 192304665
6 394 224282354
74 835 115565898
54 909 280520712
459 963 392885057
111 609 353770258
516 520 334309097
101 136 200003494
35 262 438987797
483 993 168157905
347 583 56259320
321 408 70928791
448 503 127733112
228 378 162564479
498 991 440666800
753 900 321944642
154 241 6776847
339 646 151374986
353 557 139358632
808 878 65943941
425 539 492886485
300 783 471903942
43 453 214499222
932 968 307281616
635 975 80077707
303 765 25218666
830 920 214592006
34 171 397332966
8 411 183565212
396 493 143062632
340 685 254263997
872 952 410548308
367 534 227053042
826 976 233384309
302 506 49886443
365 938 100572011
291 939 21147170
170 651 297989891
58 924 121179007
901 950 242926226
23 837 474735755
533 802 147837523
786 862 444307247
490 496 481458404
263 720 292703630
187 767 212378199
76 515 247941980
403 915 219759404
384 758 160969156
50 268 86063204
134 222 441807571
283 351 29792578
451 595 260545699
248 356 68783331
132 382 206213361
120 192 343899830
203 417 228693313
82 191 450084318
624 714 392927928
271 876 411280781
61 124 346233959
741 805 224994193
188 724 96205601
345 367 421030480
5 325 314453737
153 874 3403794
2 715 492613432
388 884 412836763
306 934 469327516
20 98 36162886
62 509 463090048
218 293 33280337
179 319 334233606
10 210 279010596
873 875 164439722
661 883 96539785
309 779 104788506
254 445 497140046
819 822 478714112
571 936 97256817
123 739 174234173
642 794 239323322
107 460 215947675
854 972 63615852
273 900 390278373
236 754 62516471
27 596 434181737
480 987 324036652
339 975 84572275
251 560 146586549
11 754 79463832
318 930 402983177
602 621 458898083
314 407 337138416
741 757 10787722
587 796 461380368
37 70 150259736
368 597 486469760
782 992 434157161
75 320 42117143
780 920 498466240
589 739 179146084
374 580 207469326
778 990 335671519
246 725 145743244
51 886 411444564
559 740 304732066
106 393 65728968
470 636 445435285
402 489 2349083
578 899 477259604
664 980 433901056
47 623 69668966
833 939 376397824
639 901 24510220
12 630 69145777
53 957 426608009
95 926 314507305
301 371 259673442
387 725 77226859
382 897 140719174
113 379 73043671
140 504 258443211
508 912 288685498
127 954 389500356
46 622 157206595
232 696 70079486
148 775 41167952
544 606 370875107
396 654 166625301
176 477 317333276
333 700 281020826
12 907 181787929
258 631 446190258
287 594 156698192
48 168 275806196
99 542 498533702
11 688 481621021
138 882 179767407
215 744 478418463
335 429 494999965
332 414 424732421
110 387 280057027
613 924 321040124
883 998 239530886
370 867 313604582
885 887 155298253
315 552 102823304
816 999 494529093
366 978 54335972
351 994 261414791
184 832 147592606
755 780 28188301
386 433 497113947
492 945 453916111
212 593 170517606
291 769 406985499
84 329 269554390
128 231 421167760
49 814 383584129
596 926 114789902
101 575 66710324
116 683 38050632
89 497 414055715
444 445 227659108
85 568 424738126
83 956 493941468
401 624 69255827
16 189 415562658
391 491 40634803
424 765 251122294
171 183 468440094
564 599 23711758
85 952 347749084
52 789 347954248
537 673 441054025
235 820 373885946
669 728 278532037
59 172 46764382
529 717 443298600
49 933 71074767
100 632 325998388
665 819 425917187
662 793 469979253
132 864 440142424
112 204 80221552
13 614 475069296
61 524 181796885
214 331 489111873
648 821 127679211
951 989 397926302
344 638 134968618
428 949 485291024
97 108 263094946
73 537 16236662
399 404 418585684
831 980 5275433
217 501 202195668
584 948 348270913
647 799 460228998
120 689 177823293
180 958 29137941
455 665 353770622
527 857 78138582
126 720 323349917
352 809 404407523
211 574 478283185
420 494 288540335
245 792 199579178
331 695 10769686
42 284 318522022
173 246 410569580
277 529 464740251
645 902 265653706
375 454 63118072
620 906 199339227
94 409 80105910
28 567 324787344
43 643 391308273
186 307 205947494
337 612 303212172
34 852 366302583
196 456 165034396
225 731 113028293
229 757 90086894
800 978 442089581
792 887 475184125
14 659 464595846
232 243 456405994
190 564 318125449
161 805 227364504
73 491 29395876
109 141 382580837
625 873 352442599
209 846 367564960
126 371 418984834
32 938 455280590
223 468 199588031
118 593 165546147
245 823 96002749
284 450 471601508
119 762 271333885
389 623 5179782
350 539 32800663
712 850 118809789
855 894 315910001
327 811 327660703
100 668 167952631
361 790 344112071
421 998 78813279
151 692 369769198
164 618 109378483
166 910 242659876
122 631 260397691
189 290 145401297
271 286 248642640
374 846 439765134
556 686 80730656
135 438 76045987
731 942 94591613
257 817 292069000
190 582 98319139
557 959 356317013
153 208 411623570
1 364 325779620
569 641 467337281
81 681 401870100
474 524 68503080
241 982 234942
122 686 13238783
115 233 98280642
335 608 474727495
412 752 460189554
299 848 170395786
651 678 174416550
192 802 226830571
388 635 433390730
643 988 272330691
341 420 498709704
324 797 6966677
115 791 208815633
307 603 403048716
551 974 191543666
343 533 139640096
554 954 9360476
228 838 322789191
750 763 3879424
400 968 14598216
280 871 238552308
743 770 236012733
36 856 460890424
48 178 306075355
33 421 126525748
38 486 387342626
447 688 396430049
338 657 425845784
219 530 312386118
500 768 397593326
57 932 158065639
285 395 35465250
772 941 337394025
505 684 23249776
174 432 110940605
619 673 302820227
76 770 427427063
601 633 330203435
611 856 486030275
175 282 27881938
180 310 180798643
334 418 154728240
7 514 291834282
276 660 495751996
851 966 257561324
482 690 274458544
531 540 255218609
300 869 471646729
54 158 150990305
129 595 360641811
156 910 178835096
5
222 982
84 211
531 980
546 943
286 289
