1000 999
376 806 151987
76 905 989983
649 735 297937
23 989 757625
607 828 481911
427 562 103696
183 187 431381
266 884 896601
302 378 171364
231 591 869903
438 890 451735
371 620 257098
93 514 921743
145 727 743865
322 360 704882
150 522 681468
668 926 157533
277 534 888342
25 932 268908
388 812 765071
257 950 556668
459 637 911536
797 940 861428
270 928 990587
283 428 414961
90 313 606146
304 469 522774
292 299 907081
235 711 236371
579 638 647551
262 472 622521
170 528 656033
221 747 951173
219 410 317091
273 439 33142
339 708 151273
555 738 200210
231 482 169527
31 596 80071
374 819 605547
39 922 437234
136 397 918089
333 577 964360
952 954 595041
416 852 936515
630 879 432690
288 853 285870
287 908 845634
632 971 747459
414 904 130712
639 782 949053
24 551 363415
213 715 909320
35 817 384600
393 997 529861
441 751 763654
182 619 199646
59 961 709267
179 781 331050
147 721 865647
438 473 718392
755 928 20944
686 777 500129
808 933 596554
389 956 845108
303 535 957492
389 778 183983
172 494 942346
115 703 560500
328 743 284116
878 972 739405
582 608 617947
259 456 298926
507 695 463793
200 271 990097
341 929 320
69 636 239630
16 573 813613
291 906 122891
134 803 23503
458 801 330471
574 723 790292
305 899 822493
707 787 340737
631 892 456879
46 467 463363
228 836 70755
328 680 613738
471 651 103680
895 963 553445
545 637 107792
94 763 597945
548 567 80308
340 443 35977
473 741 693080
66 829 786073
208 756 372931
600 875 858848
565 664 750936
776 941 550249
770 909 570467
46 996 205895
100 999 437455
594 688 150922
364 665 326694
95 748 635572
293 334 309530
384 999 341639
29 111 458463
427 490 614492
173 654 884445
601 660 109991
41 493 334516
404 505 54398
572 763 634284
55 750 470218
483 498 408134
613 875 87409
184 279 559228
449 774 372834
215 852 551607
408 957 383984
172 189 76295
396 665 344340
696 783 227393
707 908 460853
407 621 281019
867 870 434245
249 341 205591
489 869 560191
739 750 815909
146 373 822357
4 320 765968
464 768 203991
450 779 80102
675 681 433175
237 733 593377
165 267 811654
672 984 430133
72 73 441204
360 505 901072
255 862 984938
667 729 90128
103 708 527738
454 540 587842
126 419 78285
127 235 998922
224 800 173611
174 817 130328
387 858 741759
124 125 781085
370 676 552139
801 944 315066
359 811 848483
197 670 956689
453 558 330687
592 888 252352
369 454 683800
342 400 426942
195 437 580203
653 835 834549
611 697 146011
379 997 338742
53 818 335486
27 123 385616
301 669 229666
366 547 645095
335 869 152569
53 239 733233
579 726 884172
307 509 178651
414 925 476973
556 636 985005
455 594 230449
529 831 653116
409 942 957596
146 698 825766
413 700 595914
422 463 474043
445 570 843867
12 929 862492
661 857 89067
236 354 110636
731 760 791727
429 736 174440
75 80 67801
622 984 553818
108 974 850181
1 996 59188
495 764 635813
148 820 642006
99 740 348545
765 915 146904
85 260 335207
381 863 842495
169 431 751007
0 588 343173
296 488 368557
65 227 765850
383 824 83791
348 795 877334
3 589 453406
634 682 850524
432 964 971471
440 857 631411
33 871 767050
451 991 953595
724 949 512876
48 512 670828
17 899 880584
176 424 630037
247 744 793157
143 772 536264
30 254 705853
461 620 44123
191 539 539399
582 692 385906
118 413 922259
415 791 26031
725 827 826212
33 834 566419
525 581 656511
634 690 564915
742 866 898384
677 919 847907
68 302 262142
903 912 77897
405 479 571196
31 813 896884
490 994 805379
346 820 359285
8 219 193348
251 457 453213
845 889 477838
448 762 636343
425 978 469142
855 998 160390
376 966 195527
532 738 473457
506 699 290806
133 518 804516
353 361 292514
633 765 593561
284 809 370528
186 380 465097
15 481 229104
220 253 23393
786 889 643398
807 902 489913
253 485 21267
698 769 509308
28 706 266218
128 149 865566
154 168 58288
671 970 140998
405 780 565827
518 876 146575
221 561 678424
509 936 146440
98 229 10911
316 363 324570
62 913 975538
37 475 569445
129 132 229245
205 918 426225
101 218 30139
230 460 954874
168 180 113815
272 593 198899
140 759 586969
85 517 447409
462 767 465489
477 863 494557
539 934 396310
63 542 510055
45 627 775393
84 391 132616
436 481 922710
434 971 565346
893 930 432650
561 577 774617
274 911 187837
240 425 219336
13 904 517539
554 959 442914
25 590 144538
289 351 809490
775 797 215341
212 578 961940
268 554 286956
63 232 511657
97 812 149898
841 952 454831
20 418 184935
201 787 709657
42 701 201577
480 831 179148
21 210 454829
57 337 850954
508 953 344690
479 986 92110
166 614 276679
50 545 678306
466 627 445870
49 616 503321
22 796 2093
858 927 39164
38 230 94211
497 749 973402
194 956 410422
216 670 939038
266 270 436714
451 559 690416
305 453 946710
202 482 733628
90 645 517361
510 955 526826
124 693 537935
150 945 613322
362 884 202868
349 825 265422
89 570 594814
165 727 178346
20 543 496760
678 935 925150
138 967 161189
515 709 519224
609 667 934909
754 784 376410
286 502 290311
77 260 634864
647 896 205555
244 823 426796
61 151 76999
39 226 114183
228 846 926646
327 721 435592
1 130 154296
399 880 802168
115 131 747420
566 914 769977
288 742 218122
524 564 899181
717 803 574927
395 679 837877
368 981 109365
161 223 618308
946 947 395784
521 563 4783
153 799 83312
267 766 474026
674 980 712264
551 717 765042
182 604 118465
250 256 395345
86 859 274029
499 944 619035
914 998 706657
680 912 299030
252 589 598361
141 825 826101
586 832 421748
51 810 642122
34 716 814715
705 866 197871
688 853 437263
106 798 835760
530 990 437450
476 955 478864
590 994 165248
502 555 381958
752 862 356483
432 553 450054
9 874 582192
32 83 859139
420 906 351029
61 314 164034
30 329 329369
163 206 713671
246 576 859089
52 916 445422
162 431 322314
827 949 748332
393 790 860102
403 748 603420
386 449 664756
713 973 367426
606 704 126437
338 833 564478
493 900 366630
607 921 552143
226 632 596783
430 613 886130
683 942 331899
363 924 552992
421 851 622580
361 932 387603
98 569 231881
86 626 263529
49 666 392654
777 843 564466
222 647 570059
365 390 183063
89 436 283806
18 746 5328
40 319 784187
44 196 454777
671 905 352947
347 931 89066
87 289 798436
278 548 238899
58 287 520726
269 897 567782
68 795 440517
580 836 321854
306 574 231182
254 428 910496
110 277 535319
298 308 372753
573 934 572466
534 878 406354
343 411 853742
261 466 343328
560 729 66540
214 478 802337
82 660 715656
29 159 624387
930 957 79808
807 826 803191
441 868 630302
450 839 113595
245 710 560256
207 907 943296
269 536 137547
15 297 567085
346 683 253912
471 743 9244
322 663 894354
214 275 272389
395 442 894540
757 830 888353
181 241 244067
197 962 327041
129 189 182913
38 948 909976
285 844 66191
190 211 888233
351 659 321862
324 612 33092
6 206 419321
117 135 869478
6 533 450920
543 691 203708
156 276 81780
62 767 18036
357 448 226074
740 810 557550
689 963 968404
617 972 770505
320 872 989125
609 691 138412
143 175 392371
310 463 818405
191 446 294666
244 556 226643
238 599 129485
195 986 107210
224 788 897728
325 538 85581
312 813 329856
294 464 335690
167 835 586230
856 976 634431
179 673 554363
70 443 698688
580 933 494388
720 883 659751
515 941 236088
116 737 6676
137 350 763695
689 870 240623
605 682 726959
658 991 765517
3 508 903886
411 775 987873
626 737 181978
188 921 523951
52 248 726706
106 762 678688
238 702 638789
205 243 808508
496 696 221787
92 519 875740
605 659 986274
318 538 951032
83 88 803472
43 730 976240
60 447 692368
42 838 817453
643 753 717663
74 987 526320
162 679 697084
91 498 725364
557 848 489990
638 720 57833
28 960 875986
265 901 661172
358 525 340712
630 895 155971
517 655 715148
563 780 993213
387 409 827241
646 913 272400
210 256 526263
75 77 572642
537 724 170876
275 585 946763
5 705 342078
403 700 507831
343 868 880801
2 109 133813
814 897 979647
492 521 31470
352 891 464413
201 806 850224
822 985 582665
415 793 393168
406 487 757625
800 923 319704
523 779 833548
416 533 743479
321 844 299472
117 651 739375
58 456 447079
421 531 527815
426 938 450456
76 166 369274
142 381 972717
78 356 749651
374 747 212596
123 211 390764
35 845 993824
192 772 889300
529 856 378641
47 144 29403
144 958 86134
340 837 386073
239 423 816491
141 907 413445
65 541 133298
602 967 728459
120 788 692809
104 776 949361
126 960 739961
587 953 173636
258 282 579557
196 993 197545
114 316 131566
64 789 340917
342 656 100263
128 133 180270
371 656 156281
257 399 351756
714 741 716174
718 851 178948
789 881 978913
215 961 645348
251 345 678641
125 662 955089
91 99 224812
154 461 971789
477 536 459767
59 631 955666
78 989 252414
120 323 899744
755 867 633868
382 744 19428
352 719 792353
408 992 232831
673 900 160173
51 104 447661
424 770 434036
233 710 226709
203 357 725384
66 695 790351
151 501 643893
174 990 696559
313 641 845780
155 711 328472
281 452 876011
45 382 659977
54 832 511107
8 368 518325
164 672 242235
838 977 422989
485 859 732212
198 976 645097
462 798 82394
564 614 20935
283 745 429853
234 694 485773
64 446 313788
558 628 612452
549 804 794917
503 629 662590
417 975 76454
308 909 1535
531 894 591487
546 910 574392
88 402 736890
460 701 149619
93 364 632928
499 734 222232
274 592 814309
317 641 866563
167 643 569384
596 669 254322
96 734 77258
300 527 885980
290 445 171166
213 635 27925
796 896 580861
54 662 556898
644 650 541349
685 828 620238
12 290 794372
394 578 444312
385 452 599865
367 560 661286
92 943 431010
32 824 489608
486 511 85108
310 390 470437
541 600 634608
118 183 60757
527 846 800105
181 568 98522
169 601 794009
392 501 302370
847 938 78902
791 890 267690
359 927 521505
82 746 369995
180 802 769092
149 822 670403
325 552 472689
102 300 603082
348 457 615908
40 507 165049
470 677 162120
74 757 791491
69 730 981373
362 494 918410
142 652 487378
209 394 312126
16 163 943842
14 618 52638
5 550 34434
375 924 424659
67 483 799141
209 562 749459
7 751 630771
383 603 612915
407 693 673022
347 811 296082
566 873 869395
523 718 690472
344 854 771031
137 398 417337
175 437 621750
311 805 508796
152 177 677887
113 139 557126
247 491 630826
0 841 491615
530 785 796758
217 584 990471
678 818 61323
687 731 202136
595 608 386270
255 923 977685
412 652 20768
17 378 132138
148 377 985815
55 861 842932
135 603 87238
370 894 431452
122 642 159633
315 504 413718
34 138 886947
575 758 67632
242 965 192639
329 839 12297
417 977 202143
597 995 528709
385 584 577826
194 513 134105
187 849 128553
504 864 854126
56 442 313418
474 893 155981
345 434 36978
311 655 492706
279 550 909076
840 951 318180
203 349 708156
583 786 53742
372 469 863757
873 970 60439
171 324 634136
19 939 463363
544 879 887750
248 615 552135
105 842 596765
475 514 921527
699 814 746352
185 891 654679
285 335 146749
706 849 476179
511 987 546558
158 974 629030
392 648 851106
296 969 187897
377 623 312016
96 367 366218
131 876 570856
615 684 289276
164 716 647530
587 752 549247
598 616 478161
22 489 750764
344 568 457777
406 722 11445
145 979 960358
284 871 522450
122 732 292737
474 892 779666
540 887 409221
330 624 423687
576 704 461419
57 674 229351
764 837 532400
81 105 828886
132 702 571120
127 629 52100
36 71 86184
225 937 825205
173 790 914257
107 153 591334
218 497 678029
355 379 692679
571 761 300451
147 439 889568
139 571 49488
160 754 437710
4 753 411898
81 112 629215
294 430 750954
331 512 607792
661 898 446876
48 136 804392
152 433 690556
258 936 575338
101 401 354674
323 440 998635
319 850 406060
350 769 575696
121 470 966278
108 565 204552
386 552 448914
537 842 13425
429 931 85825
156 612 74813
978 988 567391
467 808 631629
581 640 328363
298 847 537612
233 756 624719
7 553 446671
557 886 934263
312 794 938827
373 964 920582
593 826 464777
423 911 428385
19 628 723227
217 715 927030
200 621 901704
388 703 875253
113 664 421859
72 646 694898
212 575 622889
337 937 382948
236 774 584346
202 263 512057
240 980 366545
130 760 76133
2 418 31942
404 771 48886
435 547 505238
520 877 584679
675 966 637771
478 771 155597
56 435 915003
220 259 993706
112 510 54685
23 567 147963
280 917 752207
419 888 244719
318 681 369650
686 982 468358
140 158 34111
865 969 413560
73 979 840357
263 736 420996
397 821 645902
18 618 625712
295 781 447364
36 365 809349
41 749 805757
70 307 279786
625 799 277247
190 199 30933
249 644 102731
119 459 981422
176 735 46948
480 714 581447
304 668 134552
332 886 413103
687 805 490257
193 495 21287
207 983 697988
712 975 284648
79 782 553124
885 901 271048
864 943 998037
333 940 72816
766 881 288277
402 815 457329
134 954 914696
198 650 520610
252 458 996158
619 816 322900
834 962 958163
47 119 41899
336 794 11489
732 910 930446
268 947 926423
633 860 915203
95 396 298524
9 468 170144
959 965 709224
50 809 119979
654 935 597234
506 617 326510
444 648 808512
160 280 523055
265 444 133199
542 823 494710
157 939 989874
246 694 423310
585 903 478512
80 635 612408
372 391 805698
84 178 33086
271 420 343962
14 559 877600
184 569 532366
398 676 426387
111 916 986515
293 649 561848
334 697 689319
177 625 90067
273 281 715693
110 722 663462
843 882 79629
713 992 618023
528 611 825744
71 245 709467
597 639 352715
229 412 660675
496 985 470846
193 572 634335
532 726 144063
902 950 638240
26 622 836866
107 658 701511
114 291 397138
785 988 719483
227 465 391564
759 872 344038
11 855 64840
487 642 297173
384 513 554116
97 793 825778
524 586 70144
67 476 223705
484 516 502432
860 922 189973
60 915 373402
286 317 353547
262 685 518359
204 544 713442
11 327 350562
728 773 349970
400 719 894345
355 492 561024
728 819 542720
657 877 831642
297 526 310897
339 401 302190
723 854 388818
783 792 970011
301 356 722195
127 880 804478
315 773 846848
24 745 230547
282 465 389723
303 958 129338
272 292 874760
171 410 961982
326 549 614444
295 918 674490
87 995 133969
204 232 238660
520 919 892505
161 946 758656
13 917 470750
276 426 253506
178 948 179128
243 602 165221
709 821 229926
157 926 472959
792 951 484494
242 366 917016
468 920 259888
94 778 719503
43 369 50281
815 898 291612
10 920 309988
264 802 908261
102 973 638331
591 804 601100
516 882 346084
250 610 611973
299 595 773479
598 604 344847
241 982 578676
188 422 110318
331 447 391762
225 874 118919
830 833 687704
640 983 557143
159 336 968453
261 606 742605
79 199 323452
761 829 816232
170 326 31969
588 865 239240
223 657 389375
21 37 317725
186 968 827526
535 725 488266
314 666 93781
306 663 665660
208 234 164934
840 981 445829
264 624 303935
109 519 150986
100 484 376118
488 848 529989
472 500 636323
10 116 640441
330 816 892200
690 968 837035
692 925 955207
358 433 295427
338 623 464807
185 237 445810
883 885 395180
222 491 975379
375 599 262958
522 768 422259
44 503 550539
455 486 350456
27 309 345568
321 353 261686
583 993 277252
332 526 889341
155 500 235904
380 546 549535
354 945 380212
309 739 338150
653 733 827796
121 216 101033
192 784 381071
235 887 206393
103 684 560624
278 850 621040
645 758 880732
5
139 899
232 995
167 253
217 934
534 869
