940 939
511 518 907477290
280 435 753595481
166 793 705771587
502 811 858848972
137 363 693147906
22 461 261889706
523 529 648163630
850 905 931057145
26 587 880463683
374 505 445737348
102 880 645616452
449 929 596933552
358 725 479475905
108 876 999521604
54 305 35534096
701 749 247574033
57 699 461961825
36 259 60109613
615 633 193172994
831 927 367331238
32 756 550280204
552 570 368208400
127 849 735297496
128 730 220653006
215 448 47746980
23 496 421714826
64 674 680369262
28 77 457218108
265 890 125153861
18 269 189983026
249 662 926165944
243 647 724910930
500 577 682757840
557 795 57476997
745 921 590920633
316 818 331591994
373 821 882512601
180 934 207591494
306 757 983912940
235 257 652438565
401 900 707170736
535 828 195015563
207 379 237531159
389 782 338252407
82 743 48866756
442 457 134977182
215 630 946168685
172 494 342974260
94 920 293918171
360 532 762419302
330 851 898711566
163 779 269724068
431 599 145544021
256 904 680738278
152 453 54768687
36 829 609555444
332 869 118377421
173 499 445019315
134 400 401646686
206 597 131088417
459 615 327777959
430 616 105022859
688 747 415042508
745 895 571580284
391 711 78999423
234 776 693990675
122 418 369677676
89 629 179782841
718 924 400987699
617 697 674646836
73 738 273872650
10 843 815907680
642 786 426290181
493 755 461705523
45 884 634136221
51 832 157393093
456 656 333858959
576 908 552574262
308 838 991234455
171 766 430441160
283 590 701153154
477 596 135088701
437 690 490555058
338 691 540574549
378 438 69923644
88 467 967449879
204 863 843483296
119 156 530369677
252 352 857586051
338 628 291312707
772 796 116141848
349 379 844985577
367 892 755043462
349 772 421249251
49 246 150050882
623 801 167480032
208 279 262604618
365 922 354305693
182 260 496173444
179 361 214952251
408 580 162382222
183 486 634579058
97 192 971134794
447 559 491596782
345 374 37569514
365 582 835412851
611 877 250942573
50 741 486033028
319 748 861928703
157 176 912018011
16 333 113142870
728 746 758997827
143 532 479679935
125 384 495804492
116 926 20897668
210 434 105115032
538 870 665777463
405 865 31225327
343 442 120527505
83 470 736014743
393 514 684875803
92 847 846018095
620 836 917122634
128 222 930005062
25 750 722832831
665 894 589739024
19 224 368780719
710 725 492001667
540 712 14643420
366 541 830710075
149 749 692278226
484 715 561958552
54 426 856930821
193 239 536893896
464 777 48242991
19 216 211368287
601 918 519110147
295 809 375699769
632 885 691729369
599 683 791331879
20 262 919732314
661 683 639088367
549 561 504651894
201 878 634764957
312 872 42093151
253 655 468025824
406 807 225335965
3 895 660104139
256 678 390285570
388 646 694945005
645 909 54817812
479 897 80446285
295 515 762035151
182 920 639934781
486 503 212582414
458 511 363226879
68 566 873192130
198 226 199519211
24 340 39397110
446 660 991552839
510 877 136900888
242 692 755877274
427 469 588685704
63 602 21626506
627 762 543582030
245 436 81443417
524 764 706374085
414 937 153611039
260 314 580904005
96 562 503767291
65 319 325657222
178 823 164005847
759 835 864858711
92 359 61708619
445 777 144067846
656 811 504216429
98 862 734145682
141 560 608072461
624 881 407658394
231 463 832020831
761 816 539504887
553 598 382724419
248 406 937366496
339 650 850147354
507 595 745958624
321 756 495048898
539 546 120499944
608 708 434245156
761 935 65382531
41 356 863064749
585 716 422111979
39 433 463054729
375 509 167609246
29 143 848115927
240 554 846818260
576 841 753536728
452 666 436469044
67 912 219444643
191 808 331279369
330 483 370993049
404 614 897268097
312 836 276833938
250 875 33902964
41 865 629982761
517 608 69920438
146 167 315965885
58 202 611854830
270 611 902631302
85 284 410536380
219 693 825757928
415 493 969566162
426 879 854824240
140 573 599452257
416 753 860943231
601 630 338949071
186 187 794174351
504 704 218636307
220 872 794832010
15 460 278504351
577 899 570687639
193 874 493787241
503 743 674005919
240 842 859267906
650 672 432875987
341 342 708637982
327 328 958537024
170 540 554183607
194 723 62179615
307 915 839216988
313 821 237108266
830 843 948197350
362 512 508230137
109 480 216108546
473 558 127686095
153 456 231884815
5 7 698913587
197 528 722509233
266 371 551027896
294 372 665855093
81 90 109861845
6 559 529791691
80 765 589319262
96 751 80828364
481 636 599134411
579 702 835630693
227 584 136458736
211 606 341054632
190 754 871082611
397 605 5706981
516 593 108563344
343 533 45488050
221 750 296714759
431 544 779304326
261 455 627752200
53 587 521618275
37 232 996406820
507 621 26595571
558 565 854210354
63 845 45585165
509 868 335556118
513 536 884055399
333 833 823785535
475 705 264572480
371 392 714973969
429 651 178552066
144 387 825620959
604 712 89970288
275 626 596655826
355 690 320238987
293 911 675878843
232 474 772000073
174 906 773436925
254 747 32670221
106 331 264760094
773 871 787871658
480 619 911967946
211 594 393147144
274 448 983997423
151 923 864231650
105 482 806789207
583 888 444293131
296 433 477255641
72 344 110000858
70 790 998698835
179 237 131796245
66 418 494897692
562 643 84016106
142 209 157563927
588 805 226883325
155 900 999039870
38 203 384382327
273 767 844163477
685 736 128554217
118 506 694163989
229 755 990090774
74 645 376225199
110 544 773379576
125 869 858810849
244 903 73328793
670 898 382133065
192 820 454251245
237 910 576782036
168 413 19078971
430 537 696892364
286 325 888320810
129 145 974848552
135 806 828854460
424 522 509903754
474 916 930784817
607 704 101680380
76 931 379910291
198 560 40302206
145 292 238135591
257 531 323583450
7 286 774315676
517 644 573354428
245 417 39867611
462 751 645247634
278 915 789994903
35 634 579872082
313 471 752186888
99 320 107624833
20 906 417993811
419 658 361938033
132 585 487350180
471 830 164907965
567 635 32419244
90 859 606263852
679 888 769831
665 696 764365077
484 542 742547
485 934 244202586
181 794 481450456
48 781 159320667
354 396 282766174
359 652 390675360
121 589 17451303
276 490 291575774
563 818 305893503
569 720 940267416
491 592 535296322
689 935 182342300
568 825 370286941
170 848 515848578
81 380 963208138
441 603 163600114
377 740 165774574
280 567 42114629
199 390 824842737
230 703 923122207
391 738 320780698
252 446 390008755
463 889 780450348
47 454 459967926
348 575 567279276
571 791 384011985
141 504 941294060
53 82 632071174
197 423 601779237
597 632 286345665
300 548 984784426
301 785 697432062
425 638 910600682
297 775 690629427
174 600 338644430
196 483 479740674
158 797 930173503
236 707 161436820
8 206 827953624
28 235 141278653
288 307 975745100
241 839 756345394
542 829 552399859
228 293 808807471
436 927 15302443
70 396 753742700
425 465 652346864
527 679 736995162
512 765 244674313
144 262 798643043
592 677 255038523
281 936 547630023
382 919 417045751
268 322 577614888
268 638 565415296
267 402 467648428
604 788 995884585
395 613 211147340
720 804 634734338
580 776 654485066
450 497 443547853
155 752 925126252
106 398 385577564
45 488 88987609
317 857 993635344
246 477 220129330
626 742 431309408
790 924 525795171
103 311 64784584
274 490 550088737
277 384 485124093
91 822 642436885
657 707 988430447
202 939 425856870
791 890 149393232
347 376 859850950
787 892 90385527
44 913 804203660
150 524 406161976
332 713 857869427
208 472 408661171
461 652 247288742
273 925 191050543
355 662 523770476
188 356 965106227
26 879 591625265
75 129 544350299
315 640 738293384
634 882 505353750
432 551 968139784
270 771 818754680
548 848 236073712
451 824 293543178
104 614 594117719
496 664 509152067
130 660 264969856
547 820 836883755
148 813 543681572
303 586 964904852
37 301 888039280
61 162 414206296
385 744 496694433
241 563 234213176
658 721 821487607
771 846 64164574
140 236 829602693
757 814 285540687
9 495 692377679
248 348 64508220
93 340 861372638
647 649 286630879
58 644 764090245
48 689 951116579
223 627 979414625
34 863 210937643
35 363 749465159
200 780 331418786
451 734 21143742
239 401 615908772
265 534 298853281
440 815 826554665
50 724 280429281
124 902 66712446
421 485 372167302
85 502 973340651
78 163 47857868
194 323 214618534
87 736 827365392
228 769 786131721
536 817 770473648
735 754 341480648
52 353 312876361
100 778 716367070
328 855 380986293
554 653 339893195
161 569 45916576
175 837 628813420
537 640 949574706
302 488 19430817
72 98 351009130
169 873 945964466
420 742 416793381
71 798 823120878
654 816 841034249
87 489 294248818
139 624 739430501
131 696 45758507
152 364 109940371
527 667 15870902
386 855 111216531
413 595 892312868
151 637 731341486
5 852 61202048
164 729 722639131
159 730 884196027
9 34 343419017
302 386 36261952
398 752 690866016
596 859 313723061
492 663 826387964
495 827 727884178
43 368 406307526
65 898 658957641
691 774 277088974
207 862 533164493
545 928 114549405
609 673 629510488
404 918 619180445
405 508 631529493
0 113 856086695
147 774 210855136
83 588 53149949
334 695 803809583
366 646 105882076
641 874 814104299
684 813 258224599
369 713 484890316
60 105 897705221
12 13 87597045
326 685 796290276
764 860 994277810
489 657 975224272
318 613 307869534
180 539 748212654
107 572 271191805
288 565 448329303
383 530 123230513
427 886 562634787
136 842 357374547
711 826 339883448
466 760 581986701
798 887 104861253
464 805 109365562
40 643 778802375
212 325 833675755
263 476 523071317
290 522 587195240
322 844 284496622
76 150 724837869
281 409 666944349
95 856 374376403
205 817 849989639
199 766 249447941
529 552 953767326
88 875 876625407
11 620 43889043
233 591 522130676
154 770 629328614
299 937 881558360
309 637 367201663
409 616 271091034
40 887 398666326
867 916 347211039
651 684 297050387
733 832 30007111
351 795 848583227
18 675 765462283
229 393 38378410
168 441 709245313
123 261 690204871
327 901 639503066
667 748 317711590
56 593 716414775
47 573 828989697
183 686 434622376
783 803 745599761
164 753 90503717
292 526 761337509
674 694 987561144
55 521 555254852
130 800 321213784
402 884 822306365
326 929 538440970
169 449 97839819
269 323 891717192
49 324 354975075
854 899 518217628
102 135 1198493
519 891 553616179
290 717 517225920
339 796 73959832
682 722 327541400
444 923 158902786
354 705 950008994
628 677 996387706
189 612 396772883
136 149 288524124
716 914 426446931
636 682 846285306
147 763 571574603
254 264 815496286
139 845 533196402
387 815 423831674
172 768 148645432
113 443 851779708
157 547 213664893
219 827 325212975
46 233 662434830
62 189 65037
564 582 29421313
42 195 402023959
127 541 875341221
181 672 353960235
218 444 911427527
633 687 441980545
453 896 10066527
786 839 364903681
336 847 596242510
400 933 505954416
272 718 141398140
341 520 611717205
251 621 930352913
17 99 988980213
12 481 174430144
487 779 980630794
303 910 159960546
412 550 646085011
97 858 713679240
708 866 805882593
508 853 256729224
516 825 582333632
267 352 904522062
52 723 617550739
165 230 340655539
422 917 4998090
173 510 490024906
101 126 414184171
205 702 527171138
550 661 283218398
278 814 744905197
680 938 492549945
445 826 923806736
57 419 336715356
308 454 808620212
578 819 724435153
294 676 820197798
77 864 794941752
74 549 355697251
376 407 473356396
543 885 325796104
574 824 353211415
586 648 425453536
686 880 894366178
494 556 208296034
38 478 715117680
158 788 812057226
555 726 112844571
411 721 699507431
669 693 847198754
133 648 27047871
450 806 211204852
375 411 952713031
17 603 884303638
618 851 200722296
110 317 299758373
59 523 923751556
114 794 782283984
214 675 515213741
13 266 429978338
279 710 279804509
33 692 748752653
100 610 497196205
533 799 160522832
14 117 845709554
714 882 539440691
525 545 673602348
439 724 766348615
334 410 668474639
249 673 828290592
32 447 705495277
372 551 689593185
225 311 806414787
579 783 79270363
117 891 634502743
190 902 597143455
324 909 400619400
619 699 392494542
209 871 448108050
200 203 245787663
253 424 365180399
258 767 280151105
222 709 456182047
519 594 775661989
55 506 838799428
469 706 765190800
171 392 237651016
505 737 578687146
176 727 394573624
834 926 834703128
733 883 986952352
4 395 968656023
681 808 323527993
803 876 940008699
21 479 660648035
188 600 252847381
103 605 680732624
247 458 423227011
622 688 772524083
6 166 317964771
819 867 876335198
350 421 909477951
221 612 861522932
10 739 851174863
732 801 127702553
300 639 294522774
25 578 978662922
175 698 213558890
43 462 620182639
602 717 552419057
574 606 398586902
739 921 831878918
572 622 966762185
30 491 566629376
212 773 734974713
27 226 828113919
107 860 385959887
342 443 839119054
397 802 111659319
546 828 175303022
86 781 964339306
804 922 330210012
399 938 957027587
153 908 535190277
112 834 307859694
213 528 717493859
893 907 38205669
320 905 258445340
243 362 243907531
2 111 801750261
186 287 951461970
84 598 67311654
247 561 343947729
746 785 265877583
84 468 678302608
492 678 26389380
487 722 347948529
429 758 426303247
134 583 706736058
234 744 181798115
687 883 387228610
3 417 387735133
223 238 992451068
60 760 711736728
403 719 982911473
78 438 593398992
216 792 568342520
196 659 751120970
108 555 93367590
515 663 758502580
309 812 909789703
66 849 589322410
581 681 428661772
258 434 539131766
857 858 856044887
520 889 623025671
1 822 804985798
184 353 490767478
470 498 153629288
80 347 593178312
210 514 826918779
408 759 215769017
46 789 631522818
225 623 964426595
432 735 307577148
304 784 40548889
276 465 68531962
518 700 393504840
694 912 144341030
501 911 645990634
439 719 49804419
668 698 452029568
435 639 182466303
271 930 275702342
109 476 23978335
394 423 694936295
291 629 612487479
299 864 711956903
30 390 564698695
31 304 964314387
178 214 150795785
318 337 327693875
39 861 937719594
51 403 883378672
242 789 794040422
218 856 719868847
695 741 289481541
111 217 727469064
255 670 811467473
357 381 560912126
0 310 298489426
732 901 457416583
138 610 771074448
132 142 411314372
21 526 783834223
75 316 111656346
27 534 112459543
420 907 713176213
335 823 552726974
768 841 691486455
837 878 705274806
525 793 438917553
917 932 670549058
306 460 156160295
69 71 126155639
11 734 587297325
275 553 92121255
382 800 529988875
104 897 850939219
67 881 687800993
331 389 953161515
115 653 887775398
255 368 870055238
298 437 516515397
726 838 434482461
61 914 633198242
14 478 467230152
289 913 905135688
64 846 376100848
810 930 301570585
335 664 165495667
79 160 611267176
62 394 407907972
44 204 721047376
282 521 745270648
93 231 490860667
655 780 73655291
727 728 911307802
251 700 410989950
466 564 907703242
161 346 233543299
217 936 260415945
86 259 830280672
56 357 341856784
635 861 461865339
370 482 955749986
344 758 194858718
360 497 308315913
138 184 40850162
16 566 760190265
531 853 36793955
346 731 394440
893 932 456183425
116 581 154112627
415 782 685701380
119 631 419676682
618 631 238181740
4 680 9560596
701 904 171147694
159 831 933992256
195 931 266038151
24 120 798360573
201 852 114348478
272 642 828533690
591 919 163512740
126 388 860147601
185 285 697563350
148 809 236790459
467 896 867115034
380 649 22933712
459 668 538768913
361 543 723329692
101 250 44216469
706 833 308327875
114 271 254251363
337 844 108849551
296 714 570366417
185 703 768393491
535 557 5292610
287 886 583420456
191 570 811606581
112 213 619992706
350 501 543884255
284 513 792584187
120 797 158269653
345 416 198978237
167 850 739231445
500 778 329967912
137 568 581777369
289 589 652431423
285 873 827851392
410 792 106042623
364 654 673408685
377 870 852086475
95 609 77763455
455 671 475531296
8 575 278743628
775 894 57695955
928 939 162549108
378 709 700631947
625 807 142062144
770 835 362753872
385 468 298625335
146 227 467457229
472 715 127362441
224 414 400564250
187 329 926993656
407 740 322821728
131 315 825874464
314 666 685436939
177 336 511104499
498 840 207485893
625 840 86205185
15 641 208368286
277 737 558329629
310 329 832608246
133 428 154811077
298 556 114682439
440 617 841560068
22 160 549842483
42 854 861214517
118 933 181383033
220 697 806700064
321 475 975535587
422 571 753166276
238 263 852879219
73 866 816343476
351 903 997577185
291 297 425440931
31 671 168879635
305 530 716416337
156 383 998170527
68 69 739468195
162 244 946575652
367 763 29075025
282 787 450818718
122 590 320633983
94 731 46939353
89 373 293859027
115 802 952798839
121 123 397220794
452 729 109274988
124 381 180541231
91 473 36771271
676 868 663032642
358 607 813259103
399 669 877733758
29 165 132924610
538 925 803183364
428 762 127076738
79 154 325615234
23 784 345178932
370 769 242460402
499 812 907404191
59 283 667215212
1 177 424808413
33 412 418274522
2 584 854114939
264 457 207901426
659 799 244535027
4
756 766
221 381
143 923
62 640
