1000 1015
223 448 625336
298 580 704786
202 239 878640
843 987 451589
104 516 816870
817 828 413729
673 986 983473
363 571 631781
563 626 515915
585 867 124914
246 609 291652
176 398 649067
816 862 566955
578 906 855372
178 604 65837
236 432 806017
459 875 228231
536 671 95936
89 489 950374
98 871 740883
162 727 794657
400 482 38350
13 426 822429
83 966 630997
409 583 739710
40 710 611160
618 824 600735
740 936 966965
725 916 53997
606 793 683676
292 813 660103
190 757 441313
298 334 703837
671 720 98038
37 599 422981
188 879 945884
732 893 418107
457 593 541477
477 520 693654
203 621 55659
619 718 41506
329 515 834369
450 951 736758
10 717 451143
110 443 389573
646 791 148808
549 570 8162
498 900 927682
116 907 843435
779 864 541514
45 129 504781
128 848 651278
368 662 296578
574 881 621395
481 536 91474
183 970 975738
12 756 767976
656 706 29957
256 980 810158
527 896 268642
354 427 485649
534 759 9395
376 825 331396
101 392 639828
60 222 743842
22 715 832964
62 689 799306
20 843 452050
96 652 187775
458 581 349876
8 449 287121
41 271 538148
263 631 586168
176 775 645910
484 770 80814
483 789 731953
524 892 54503
86 143 688432
189 917 514499
28 772 284441
194 475 869395
477 820 692672
876 938 462481
554 856 589518
123 629 212418
300 612 381923
76 856 588982
96 467 187927
826 973 730976
451 751 968467
491 546 287131
268 695 49136
241 561 679005
632 763 79539
306 400 35846
151 676 159476
84 172 310351
437 444 777008
914 937 699871
252 974 817310
414 622 814328
532 670 473949
109 294 890009
509 726 993604
538 620 400616
54 893 419178
774 989 127790
406 922 899984
135 638 915499
678 818 838072
261 700 595083
303 331 696614
148 649 615460
102 669 113149
442 473 188392
255 456 672683
36 460 801969
126 344 757782
85 682 146608
654 701 797809
766 809 426278
566 666 617041
395 493 939171
596 715 831397
150 473 189026
600 740 963215
719 833 234446
156 164 30653
899 988 874518
238 827 318127
305 428 172472
14 448 625691
526 594 272318
161 633 324573
88 478 896504
70 385 71362
208 969 847806
437 617 779736
73 572 531762
21 311 360753
47 184 635820
155 522 222741
668 905 503172
121 525 891898
114 325 300988
801 883 758570
347 771 470202
690 836 486485
667 868 601202
524 725 54332
237 591 976391
658 878 455066
312 518 651901
316 386 195955
339 917 515553
63 807 181250
226 996 639535
392 571 635573
244 869 11515
741 858 91075
501 623 297977
686 847 653660
218 872 935164
102 141 113161
58 527 272925
547 898 344769
16 761 711508
201 832 382992
266 912 153582
302 368 299315
30 248 431672
433 492 572681
789 826 731938
335 774 129574
268 310 101256
170 898 345363
168 503 591250
511 557 887930
515 743 830587
199 277 856353
537 918 313047
780 878 456354
518 647 653342
512 689 799326
728 942 409481
166 820 492724
379 582 684846
28 381 281539
684 799 397929
308 923 728923
116 295 844027
360 411 472992
415 806 293461
172 845 310418
503 716 592348
307 786 764544
1 258 330753
305 880 172282
531 834 722309
144 274 547975
139 835 436758
323 891 797552
174 603 72242
271 355 538589
704 758 720117
208 295 844033
499 852 117597
130 769 709139
624 925 556679
39 993 804516
276 752 199452
736 764 68641
283 919 141739
641 965 210947
15 608 264520
77 735 949139
721 782 745943
146 493 938805
597 598 839367
428 434 173519
326 474 845487
336 995 233015
87 981 16346
366 692 322536
310 736 102901
532 976 474140
147 642 678321
157 660 305699
859 937 699353
535 604 61408
25 551 327551
398 429 649619
475 930 870047
314 543 864698
171 731 362611
714 874 269727
404 602 24230
393 537 316417
157 870 305780
378 581 350159
65 995 231701
219 679 83907
75 322 358712
185 768 144039
560 997 136539
452 511 884194
834 983 722401
267 846 253269
246 415 292614
775 885 643627
24 420 32831
782 947 746518
479 613 766369
307 324 763625
737 761 715648
297 467 188166
46 236 807922
345 680 675345
65 113 235539
265 476 324294
351 681 758036
325 652 300161
121 788 902723
260 568 319613
369 968 862675
426 743 825281
276 955 194883
635 811 680013
27 310 100865
216 601 536984
449 746 277346
231 730 334527
53 701 775618
554 618 592309
541 869 10816
347 733 469656
198 730 337499
115 932 404326
223 982 623812
26 285 689265
166 747 492753
334 850 701927
179 255 672787
447 480 878343
227 441 917268
300 954 378420
325 614 301770
455 836 484238
66 330 480662
360 771 472265
173 612 382023
732 828 415026
542 798 693411
17 114 221226
435 769 710179
99 289 138403
551 991 328939
193 811 679575
42 569 786234
113 389 239381
765 776 166570
777 901 77419
753 984 918353
2 229 100249
30 327 427474
393 827 316877
178 736 68623
46 71 808067
559 712 458507
387 465 219818
394 888 474570
100 364 169576
267 958 249548
371 607 182499
416 950 409112
888 976 474533
431 952 531860
32 788 903528
265 692 323140
397 569 782060
590 713 468217
84 634 310130
762 926 344999
128 847 652492
377 749 167121
37 882 422129
494 672 439272
345 894 674705
122 482 40645
419 760 837074
376 530 331399
277 911 857614
144 423 548342
34 655 453541
239 913 875802
485 681 756920
67 230 736848
166 561 491295
73 908 526690
85 350 148183
599 842 424475
108 363 629901
220 690 486738
270 658 454594
361 584 354131
250 330 480498
285 985 691114
81 756 767036
217 441 916220
94 332 685984
279 978 262044
509 890 983101
718 797 31845
544 735 948482
290 486 43122
153 234 524469
193 642 679529
496 504 563111
552 751 971524
560 682 143163
113 280 241435
396 992 553916
166 518 490458
663 925 557679
603 748 74691
89 513 947817
903 929 111744
590 853 467801
34 270 453686
42 380 790028
644 781 375673
384 986 983202
611 665 604302
92 978 262653
333 696 160379
636 814 378779
183 237 975753
123 579 209024
211 459 227046
132 417 864974
107 126 757101
230 871 738986
358 643 884935
406 446 900884
548 580 705365
809 842 425795
287 316 195138
177 510 46598
645 662 290524
232 877 643725
712 780 456625
521 627 440312
445 835 436195
120 739 252490
311 322 358851
810 891 796001
534 602 22786
469 630 649725
192 637 258763
35 629 212674
202 358 884177
52 674 561064
544 879 947524
314 709 863419
233 933 340563
768 795 145305
45 189 511067
249 273 140171
231 530 331581
592 731 366478
187 595 907284
514 564 175945
939 957 493874
470 702 392015
495 823 676980
79 250 480302
402 490 189888
337 574 623972
672 717 442954
21 171 361175
391 742 43947
112 865 482071
287 508 194748
61 161 322055
972 975 743285
29 328 735258
74 723 822134
352 965 212807
212 663 559353
472 489 964273
634 783 309043
564 805 176065
468 790 725334
745 927 332573
91 130 707851
301 577 992053
798 985 692635
481 699 84189
806 940 293656
390 424 890704
3 113 251330
264 384 981204
158 326 840021
227 753 917886
207 897 52470
134 785 686779
340 436 161279
886 959 904748
500 969 849549
301 946 991696
691 963 217942
14 540 629976
327 766 426326
639 650 204302
7 463 459276
57 389 205725
586 794 815496
103 318 230990
402 508 193178
164 656 30105
647 813 655297
87 244 14572
425 723 818092
288 625 175070
142 343 908810
211 225 226053
899 930 870769
111 395 943933
773 973 727946
382 674 563029
369 911 859596
464 792 660890
498 956 928366
247 943 267865
315 754 369078
97 779 548045
62 323 798316
156 873 31324
348 665 606701
50 431 533545
66 949 481616
332 694 685291
135 187 912724
148 408 614935
103 186 231593
140 585 134721
362 572 532382
575 711 559865
3 335 133165
26 405 688156
191 719 234977
64 516 816182
74 844 824355
180 502 893849
582 694 684886
68 306 33922
383 487 119383
47 996 636030
622 895 815138
750 958 249450
254 823 676781
204 320 157966
397 517 781288
373 729 346181
479 651 766049
492 615 568755
180 294 892748
652 807 181338
168 631 590389
309 867 122537
214 268 49572
621 961 50817
546 609 287930
18 830 275024
567 941 260406
528 759 7515
107 744 756261
407 470 398661
568 839 314797
336 356 233756
8 808 287349
50 601 534587
138 317 953903
447 819 877617
254 680 675537
131 480 882065
697 791 149472
184 966 631064
3 235 133172
163 457 544219
423 953 550916
31 616 770562
724 741 91418
86 561 687307
70 174 72212
418 960 929648
545 829 264446
920 979 42563
10 251 451263
16 520 707683
279 941 260812
313 548 706221
664 800 23689
386 887 196487
185 738 143919
251 463 457462
188 565 944494
63 805 180262
453 840 86386
852 857 118412
222 972 743718
596 675 829677
0 881 617632
902 998 642097
11 352 214143
105 488 81956
61 90 321074
195 747 501684
110 243 388649
558 589 156904
160 872 937755
506 781 372362
296 960 929740
290 619 41630
471 905 503780
142 462 908638
100 625 171797
660 802 304186
365 438 85090
213 353 935653
678 760 837847
182 218 930499
584 762 350272
197 529 582642
632 863 83535
341 635 681465
497 687 197322
446 886 901512
125 851 444483
197 263 583536
163 657 546843
405 785 687869
35 318 230545
206 710 610049
366 430 320303
443 702 389996
138 454 953842
31 924 773322
117 865 479336
910 934 928143
127 154 257852
23 957 492809
175 944 597503
229 278 97522
49 373 348293
52 212 559960
653 659 614682
167 706 27503
653 837 615505
80 831 6600
497 887 196913
160 812 942059
33 453 86961
44 661 109330
371 442 185161
234 563 516377
215 821 760796
597 818 838596
119 303 696311
379 793 684419
567 739 253416
688 796 578151
611 698 548807
410 959 906913
122 979 40829
418 910 928630
359 422 552655
947 990 750133
191 750 249110
350 778 153274
505 974 819476
119 542 695594
240 845 310627
221 904 984678
9 280 123810
64 794 815840
200 745 332582
18 614 276375
49 458 348494
815 944 596733
56 200 333754
861 980 812213
325 545 302376
566 605 620600
357 848 650848
153 413 525245
118 414 802817
114 387 220879
7 938 460442
59 784 393326
259 714 270845
797 873 31609
169 346 17228
737 790 724374
112 427 482681
605 722 620848
269 440 580321
541 570 10029
558 912 156382
720 903 105183
275 895 815316
846 855 254043
151 245 165385
169 981 16382
401 722 623366
819 988 877539
409 951 737320
29 308 733802
41 216 537934
329 466 834427
269 529 581686
451 936 967842
13 505 821319
309 487 121291
860 909 515801
217 343 915980
598 907 840280
399 556 327900
69 242 73799
676 778 156206
321 841 977529
421 890 982905
346 800 19933
91 313 706277
292 342 661186
579 752 201996
908 999 525339
705 964 499397
620 684 399771
2 44 105205
339 626 515841
166 782 493751
124 900 920380
341 606 683460
850 914 701390
147 495 678087
152 746 276692
885 962 642909
210 677 312939
661 804 109879
738 919 142687
613 640 766650
588 734 793005
557 562 889018
111 565 944399
422 953 551852
48 512 799990
108 337 628109
727 810 794780
583 975 740739
315 506 369441
247 896 268372
81 640 766852
205 525 891870
362 864 536387
509 935 728969
175 868 599289
297 490 188325
137 233 340524
127 855 255038
95 787 298413
88 922 899555
149 461 339109
577 726 996449
559 853 462961
55 882 422066
179 370 672914
648 721 744944
374 686 654880
113 340 235654
224 502 895124
291 685 826242
401 982 623459
382 553 563971
253 839 313941
51 420 30478
633 928 325835
319 765 166533
139 521 437774
40 659 613429
173 262 384735
33 228 87166
772 866 284922
272 728 430045
6 600 962417
199 906 855904
586 861 815077
170 729 345694
259 594 272023
931 999 522225
152 526 274606
468 923 728651
77 454 951613
210 253 313096
1 927 331628
302 677 307575
39 460 802096
338 523 193943
281 773 725335
552 683 971558
439 573 356985
372 744 752523
962 998 642663
359 992 552836
784 799 395930
920 961 47606
344 651 759104
889 952 528322
5 273 140983
106 655 452540
195 354 495161
282 372 751544
390 643 886935
209 553 564075
293 637 259006
146 755 938311
32 595 904165
225 977 225533
378 573 350267
266 304 152309
361 636 365793
803 987 449374
72 257 565078
450 483 736628
4 707 867341
699 863 83895
501 940 297064
141 499 113782
150 338 190645
491 587 286843
391 486 43647
825 991 329888
742 884 44139
822 932 405511
242 764 71995
776 880 170508
95 623 298380
288 607 181794
43 533 400805
324 849 763398
383 929 114827
17 155 221922
186 833 233148
320 589 157156
610 770 80835
939 964 495661
286 971 165550
370 894 674627
504 575 562379
713 733 469482
19 53 769179
476 708 325548
348 408 610506
388 474 854302
38 832 384543
333 436 161194
364 749 168148
5 283 141608
650 687 197521
510 884 46068
455 949 483138
209 257 564139
365 840 86286
27 777 78473
65 875 231156
410 462 907733
131 452 882984
349 593 541176
926 933 340920
75 145 357894
934 984 921784
78 971 163821
507 859 697747
43 284 401080
145 439 357053
274 657 547464
646 795 146883
576 796 575896
240 918 312757
58 830 274918
57 641 209914
549 994 7998
357 429 649994
591 841 976923
411 670 473513
592 754 368874
367 464 657267
78 340 161580
375 388 859669
15 874 265550
709 968 862888
281 983 724222
280 857 120603
353 755 937960
822 950 406136
351 883 758069
182 956 930042
204 696 159824
838 942 408733
6 854 960884
317 854 956252
105 610 80936
54 55 420021
417 913 870884
523 955 194557
433 921 573321
92 545 263264
98 648 743494
403 456 667813
177 695 47685
24 68 33114
124 638 917188
862 967 569901
0 649 615715
109 562 889022
238 430 319152
325 941 303092
56 137 335832
101 232 640490
207 916 52563
611 824 604051
97 945 552377
79 539 478914
522 977 223753
261 716 594106
264 321 978484
203 385 65903
133 256 809846
76 967 587935
683 970 975712
413 889 525528
136 507 697113
11 963 214805
500 578 850053
787 802 303892
205 424 891136
673 904 984184
48 196 801175
496 816 564674
165 748 74708
132 375 864518
367 374 655735
9 989 126294
469 948 648502
860 931 516024
219 488 82062
644 954 375971
286 319 166165
438 679 84047
416 817 413003
214 897 50818
587 866 286041
666 837 615634
243 262 388577
206 667 601334
167 664 26942
149 547 340734
60 282 745817
293 608 262852
4 194 868025
407 533 400118
485 990 754493
154 192 258280
767 876 462568
299 792 661642
12 616 769499
228 628 87237
440 688 578346
80 82 6355
215 801 759854
831 994 7578
275 425 815494
434 514 174561
519 945 552753
201 814 380268
241 342 674631
136 331 696831
90 260 319823
248 445 433952
93 349 541129
118 654 801400
94 134 686742
556 928 327859
517 617 781219
23 915 488714
272 494 430513
38 412 391646
432 993 805146
71 133 809068
224 478 895264
143 820 690499
576 921 574105
115 284 404252
381 614 281366
69 901 75738
668 705 501273
220 915 486917
538 838 408129
550 892 55480
27 484 80182
535 550 57553
291 844 824511
129 471 504203
472 555 788158
165 763 75570
221 946 986248
120 356 251396
700 815 595784
389 639 204448
162 588 793557
396 624 555762
159 838 343029
159 942 343590
25 708 325731
198 461 337625
99 235 133353
821 849 761999
531 704 720733
299 403 665363
444 924 775751
51 404 27134
380 734 792333
140 693 135642
394 539 476823
693 997 135711
245 377 166385
67 328 736777
181 278 96498
543 707 866968
72 615 568333
310 897 104032
93 355 538761
703 724 93641
36 196 801535
181 703 95315
22 158 839628
213 296 932108
304 697 151578
513 812 946299
104 252 817279
829 943 266692
312 630 651550
59 412 393056
645 808 289334
421 472 975381
125 803 446541
258 399 328814
249 289 139425
117 767 470611
783 870 309021
747 909 510163
19 786 764633
465 691 219189
226 902 641193
877 948 647331
190 851 442652
627 757 441221
628 858 88743
435 758 713992
675 685 827210
20 106 452256
83 540 630252
519 711 558615
669 804 110373
419 466 835927
5
336 431
141 512
37 465
514 642
325 868
