1000 1902
502 729 377372806
109 872 524154440
101 337 328089210
254 974 422335648
194 508 769893685
106 659 68632431
82 954 31260323
185 195 706934
266 351 50286792
216 656 254246263
609 992 70475818
17 279 766487843
317 348 834129081
851 924 219636957
16 505 631456440
256 496 293494153
334 663 328969356
172 775 949055996
33 436 211022461
210 588 830119190
28 906 444378571
222 823 741107542
222 941 30301563
368 578 294419334
299 376 535871802
742 754 890968176
506 737 697281655
231 924 354505646
106 608 180540352
28 160 153785374
262 815 360656827
0 852 358422513
868 993 187090526
479 593 910648914
66 884 95781767
427 481 553696087
372 564 983745908
714 970 247127722
471 971 481985633
381 752 9162377
391 788 69690478
577 985 353892999
509 885 626251371
372 470 724312400
176 603 907284854
31 501 28583268
19 352 683962783
280 895 638192263
183 793 580666965
205 941 448041984
208 511 805788476
143 359 32113232
533 932 184634009
81 554 375843159
572 799 688997654
108 769 953175523
505 568 941807957
186 438 840300839
22 237 46845397
839 858 676033390
18 674 362367077
21 755 440212353
407 894 181569398
457 788 649987874
26 98 874453556
444 958 969274591
163 853 967403306
785 891 325327548
136 672 76041693
332 531 484952472
82 179 198717106
475 595 676375190
834 909 555067913
197 786 359356298
100 272 316592659
131 291 776310578
215 894 932623407
338 955 953109206
324 966 234615205
388 689 857376043
725 984 881215283
27 408 754277733
14 577 821868735
159 545 16274439
650 746 299782598
674 987 320216998
73 922 551741584
214 254 83531142
669 917 894672436
341 535 707384329
296 510 440046224
719 833 600954017
648 766 628803952
12 196 311661564
375 937 89420425
202 269 686872105
23 585 784858753
146 281 456115781
579 938 282451812
359 628 840101536
342 539 12862043
203 562 276274642
640 822 961097995
379 602 542844653
363 651 793502213
571 919 210062629
110 652 866346272
714 855 112379521
252 729 664478170
358 880 345195866
115 603 743104324
617 817 779608750
141 281 189085223
178 797 259108572
135 913 668826476
4 532 909500247
124 277 201854111
715 983 706679790
170 419 695790201
227 269 21244894
286 365 85235008
228 537 479161879
415 486 825193221
198 259 696782702
329 534 945807611
309 476 624644884
744 775 769887889
952 999 854755347
373 662 592642907
389 678 734069928
336 441 95104685
586 904 641944418
417 752 517056380
47 630 135190406
359 601 197947010
453 708 549367165
521 977 746649551
409 839 944943541
38 378 656309041
65 263 869126437
32 701 620767079
697 871 782329694
509 704 625873532
188 286 464328172
286 659 568453398
305 727 155139234
770 942 38608427
277 361 503108691
259 341 899889366
365 577 392850007
471 600 302170446
443 973 118416635
565 860 346872640
163 837 732552272
179 716 172468974
491 876 680968249
212 229 927717485
184 347 164630605
204 923 397291314
555 838 285395711
116 788 4270452
157 879 775314913
635 840 764134796
49 962 821581239
530 888 770073828
216 890 40680593
20 839 419985438
261 785 563213298
561 724 477548022
105 425 696832976
240 647 441498362
50 578 571221903
44 824 866427284
131 767 842897213
644 751 76465602
510 807 450522881
12 912 13240391
123 900 602331778
528 994 842512964
55 393 945028612
158 743 949679722
199 516 102880704
814 905 42407537
249 637 505031876
697 720 560164281
159 181 854111093
460 526 996493944
282 347 867043828
436 764 372810943
264 793 410565950
219 893 27424556
753 926 486592841
118 311 911218025
113 244 775153358
54 307 526790976
264 673 939254265
711 872 581921187
10 878 618761547
796 846 83891089
52 407 705615618
509 816 998618304
384 620 427353227
365 705 905174165
288 504 795656597
678 756 256859177
189 564 421019054
275 956 544455002
489 903 27051364
245 474 954927927
335 743 862149650
193 767 928064541
80 679 831249150
119 862 404142231
12 955 871851207
130 540 160523764
353 392 630855431
213 564 349460584
83 537 999063060
197 334 709174544
531 601 831325647
649 778 126440461
569 706 68882677
479 508 415146381
80 925 883872593
334 533 703821495
92 249 672172617
594 607 751962390
412 619 206422203
458 501 97020061
491 981 901690856
213 468 692405755
492 746 944978829
275 488 559250817
441 568 270251537
261 270 869316770
470 838 474375853
297 479 74371334
278 754 774442412
430 727 26275300
218 923 323971633
496 534 104131339
314 442 313659141
134 635 887670382
378 718 850971238
36 321 930554012
224 297 860573412
82 567 746803150
19 706 215837165
296 517 83386853
191 235 753894890
38 763 500327960
572 858 526033718
166 628 876390594
302 638 952755773
213 732 773119479
561 879 572526140
239 624 549816249
223 576 324286289
555 978 246269699
139 233 725992769
66 177 270129662
1 198 30371093
38 433 408870867
320 893 112796371
252 739 996085316
500 636 801469800
22 610 40410446
309 837 925447204
316 789 23774215
664 899 359233209
322 480 661412218
473 826 774530523
760 773 874628846
339 524 900826138
231 969 152951714
63 446 228500336
289 609 835299495
280 677 710088243
491 866 825284567
63 157 838274296
211 422 320077042
309 820 292214248
483 575 770482351
233 998 379149202
123 433 131109607
319 542 223028841
923 963 209935334
361 465 472893609
289 500 827359684
95 888 432285752
409 773 909731499
342 550 752051672
115 809 981715302
45 200 967911869
87 527 676509581
571 626 616704235
538 542 877673688
379 517 969989997
806 852 335679593
313 548 573789216
358 836 637613933
451 586 236639492
32 405 409449239
81 93 800667792
851 918 141215412
680 712 676457707
126 829 137019775
406 840 350677867
432 626 342871783
503 510 629484096
8 327 489771003
262 741 547506363
62 928 650801635
625 910 85511504
791 948 372151846
362 524 406430795
705 716 607290225
68 180 743121118
93 454 274311247
776 950 682795830
328 848 109154866
155 707 140648330
66 898 815893529
402 746 86761347
251 508 797448796
394 512 843910036
762 769 243035272
354 490 90297845
72 474 561634748
887 919 93319864
394 908 405858030
414 676 610136881
111 310 410469207
838 876 64569450
427 951 908251773
141 279 695134326
698 927 399008984
476 719 425492067
34 957 812420024
104 225 10023342
462 583 757955435
529 894 361443683
569 779 382973150
621 769 343533416
614 952 132416046
815 860 292161887
139 592 509616760
682 991 727305215
287 695 477881655
276 396 232670243
607 705 226335917
357 832 951596904
334 781 862281246
398 855 861123816
501 636 152319570
9 715 903932158
370 720 101908627
125 166 812227904
578 885 820977171
176 374 63728338
58 857 302749268
72 92 675195661
561 629 374972192
304 539 113308445
78 246 339154900
255 489 472771419
152 636 365961796
263 481 649649442
608 707 539678892
560 732 431810623
219 276 161189563
641 726 253881403
55 958 34526786
4 219 512795878
142 961 981819800
587 920 766880857
628 921 422863634
361 943 301755258
711 817 380651555
677 824 627855667
58 603 999992465
357 845 578996747
412 694 14729490
69 413 775977883
214 282 818403389
63 246 598700369
487 924 332382521
21 562 285209534
402 440 834423290
334 835 751688143
239 942 893948721
185 779 757687992
190 379 466590353
343 568 229044641
420 994 642865042
378 728 722962783
290 960 894191562
798 958 575916541
588 677 870845051
405 893 140839577
223 825 93623372
569 856 264989077
622 640 176795533
290 760 657470265
515 954 465989957
509 882 208994564
301 656 910790262
307 852 372541892
289 509 468021518
86 965 856134768
190 670 825926162
599 670 143897461
325 935 235658489
489 749 316679316
19 399 934213206
261 303 967624607
458 698 644344932
589 619 221394766
70 851 673582541
413 476 839327923
472 938 275984525
180 353 225731430
80 442 659654987
227 289 874935036
249 447 493765666
830 914 157124159
263 348 476559864
681 852 257020216
155 205 717647987
80 429 658633663
181 973 146482929
225 637 420426706
832 991 998353895
251 864 739205764
822 900 152876443
313 532 287669806
380 657 126027655
6 286 304786396
178 655 310873680
656 900 150457925
285 805 173792636
174 332 162034934
284 678 824823726
437 796 386511352
794 837 903650065
363 721 826620211
200 263 908704220
431 900 426603698
125 508 50342319
841 899 176427853
539 567 805907300
140 424 221495892
305 491 765383269
520 611 238926085
348 630 436246556
110 231 655539765
159 252 302635091
485 690 587551870
61 257 240956977
71 795 342200148
162 848 757602472
89 675 592702681
254 528 65732505
624 646 407054194
744 957 86629458
168 602 886444421
43 703 761769909
190 712 420450370
128 360 552236872
224 513 421712316
293 787 263221007
64 872 548856043
318 682 606418473
177 498 715285820
281 721 854538440
349 459 578949425
196 555 340766132
243 861 77652528
703 878 360212840
333 776 69660715
507 625 927331861
257 353 142971090
713 867 852429699
112 285 511387793
525 827 840298245
239 721 320721412
13 840 436046904
404 683 199741059
477 656 987941893
96 556 253657487
898 942 565539788
81 283 518707493
60 962 591986709
235 600 130123063
379 858 362685762
266 937 891843675
319 695 678292764
206 425 469038125
308 977 455798747
283 992 601500189
7 469 68750454
226 802 916044387
95 394 529485527
109 602 848017955
135 651 222453260
199 611 600820107
338 528 563882748
226 352 689351397
356 883 79240930
323 799 367551654
292 692 913752539
874 934 661716374
201 433 899621832
367 796 517571782
124 742 881539697
375 900 126988121
46 934 104957877
378 610 4243712
471 822 864235884
401 987 188009089
922 983 733187344
25 122 454282930
304 411 173655173
282 902 239115489
806 932 762320683
534 718 337854013
106 411 787267749
47 249 229162114
101 366 131401231
699 948 162651951
323 957 983355055
828 952 797129482
940 991 765895242
589 914 510261232
202 277 614574200
220 225 559220061
85 194 113688020
91 749 842179228
45 120 508245389
660 826 440215922
213 691 56359944
234 420 928633346
199 236 301863718
579 607 742522772
161 641 317219673
83 429 647774461
848 995 250907193
369 721 457892111
678 722 898700816
259 806 351753013
366 799 584460224
552 778 413928344
388 510 132117042
380 691 338566417
527 586 805195477
225 838 491687342
362 396 255238845
649 785 93818098
696 899 661190618
592 810 655557164
39 602 194397840
476 857 269403702
64 475 637719309
322 358 475733348
291 433 196614045
424 983 491762874
758 939 652462170
312 829 207893340
437 599 443513004
815 917 439874389
700 771 456218000
162 881 26531983
559 753 291334834
551 887 97203837
267 685 855502615
799 914 906406636
82 752 78978185
0 47 372881220
516 656 445100187
191 429 767905785
152 727 120740699
540 707 279403008
126 866 371189065
292 786 781404871
98 545 564558844
405 572 10055875
253 320 142203970
721 858 299920661
379 397 93985116
25 736 290957297
274 708 492309233
753 810 115272982
205 513 527457656
243 429 933379542
771 913 431012261
270 884 873558121
830 944 976837835
378 638 639124696
186 329 806112253
131 709 394566634
167 638 608298357
324 687 977384929
190 443 684936922
50 565 604980561
203 918 943111280
105 207 161542041
291 580 989355250
230 413 970760181
444 789 553569498
507 986 323575054
576 702 995421323
148 596 571850617
113 272 549413395
316 544 18913788
416 679 437611020
273 681 821062119
13 519 814129073
86 225 848487813
173 310 921458710
120 697 442935467
372 598 833156289
145 764 119460333
342 778 984706181
615 978 958115594
701 939 838713061
41 673 43289716
251 851 555433262
271 591 386062992
684 960 278983226
364 870 994863889
110 726 33263024
82 545 519973526
610 989 159463143
151 447 768798789
121 140 1503124
303 737 925658202
301 652 4814355
423 456 583672749
301 965 351436465
95 306 114462097
494 958 219504552
206 867 643405007
413 784 270706752
61 647 753324580
91 738 697411021
114 616 829516200
146 775 632249339
310 663 765346651
571 701 906516864
287 655 227503540
28 442 714781762
23 903 752595815
76 824 13356276
733 781 535297462
236 954 563472747
444 492 821590986
357 631 447338665
319 825 34204750
46 864 323709619
224 901 393742184
668 801 387723372
469 576 858778797
794 873 674156276
5 515 261180534
544 957 565554169
726 919 960844568
393 868 715080966
82 783 338669746
924 938 683417767
28 43 579665403
435 892 804978362
256 788 510058462
288 955 359923608
2 873 971789874
144 440 307573936
716 765 647289745
328 583 852397764
424 999 384825603
125 741 479613872
667 936 562501762
68 523 312314991
266 672 306068197
395 706 795693329
64 947 758684193
146 306 561205862
743 991 995144500
436 915 499446998
421 901 956372523
365 789 571787633
697 780 215486301
16 751 3999879
374 597 419288020
105 575 833879632
109 817 447417787
373 633 189015144
780 856 710913849
455 787 492817770
179 333 512872694
199 995 698811287
78 609 338313277
119 618 250777735
329 830 485119573
773 861 702335724
635 691 3865488
149 706 49956096
97 917 53587491
113 236 265164376
225 361 47928992
14 35 899823995
259 490 626355181
668 800 615413971
117 738 308145583
647 772 801024316
245 767 912212441
448 910 420904649
170 482 416347787
140 492 476466842
595 702 849068683
606 972 361221226
382 757 597651698
134 613 943413719
109 770 485956535
359 762 543360664
215 251 551425128
937 998 545608822
150 284 469049734
260 283 221308855
4 379 763766064
634 719 117664926
88 575 373934612
269 487 157146628
798 882 171159562
41 737 965953485
387 903 350125090
197 708 187517937
241 994 494335324
199 801 522113581
843 880 162671723
274 912 64121546
195 553 514893464
354 402 909428662
202 360 808761147
979 985 668726065
194 735 254332730
310 710 698869374
67 146 375079146
176 824 47977067
83 147 202671341
450 581 216551335
837 857 491299864
169 553 394483558
563 883 364922066
54 536 374343949
233 500 205006117
225 909 809668536
157 336 408426954
32 542 574768878
112 757 694467957
243 850 119320706
795 968 846674877
194 925 187972824
302 634 277464191
17 830 794236744
232 512 622202529
309 720 530526834
405 974 942803850
35 77 671632375
198 456 203066024
623 883 859996587
491 741 827775489
70 985 929825774
269 496 589639279
168 728 935353358
601 661 496629279
185 198 949619712
402 772 152007075
614 884 62390675
706 723 91016563
439 734 900695819
453 851 625585701
650 902 842416506
164 391 364562678
345 620 521691004
878 984 257724109
78 469 982391901
531 546 43323229
236 751 264291503
130 210 962807928
97 987 128161468
200 679 753107557
81 841 662786759
417 897 517583153
1 815 952275067
152 614 400109521
97 206 504883053
732 831 345577798
500 934 621256306
12 645 163619073
400 766 812869451
831 948 33244168
363 571 614074473
939 977 261691928
499 524 357312285
138 904 53932589
8 700 845473
442 723 404089342
928 965 967262206
36 553 929092974
264 686 365653765
518 669 398624550
152 840 761277432
353 787 602900872
519 646 759079947
252 835 367748467
418 608 338057750
28 533 306094408
211 844 602954324
364 496 275533218
511 627 701587347
276 920 510901717
262 891 734468686
729 954 727921450
292 370 962365124
696 933 628828323
132 390 549471439
151 725 599019941
439 785 356261480
221 367 684116805
316 567 981819649
363 524 6389290
5 404 531484749
548 942 796816549
687 942 515960367
835 960 214430369
5 959 617654572
157 334 724350150
605 611 844302124
209 886 697889726
766 807 550874951
129 921 666473180
585 853 949815866
117 330 282923635
336 432 96862570
516 601 76058554
304 530 666604897
19 327 549133979
178 683 278459482
106 975 181055244
454 536 980227778
32 565 196940009
42 493 366382247
13 332 970017285
40 791 967752837
9 914 502173658
537 974 761468067
291 574 272173047
501 969 207450106
259 962 427704363
344 671 929550410
40 128 568582920
246 521 984120121
639 663 555361395
539 717 309252908
6 247 557878258
209 554 558098524
164 680 480193231
270 393 127307676
150 421 289353125
371 466 177994602
212 743 894212382
829 922 83280330
531 569 764114821
255 307 425731637
282 514 248026058
439 990 802591553
133 857 222037272
93 934 863310359
653 942 825385719
288 403 204716778
51 772 108041400
322 953 928905667
59 748 38038379
143 958 71188788
235 880 956887687
349 804 811825890
204 269 276291318
104 925 816549496
25 87 714221870
689 707 716878821
177 898 832866452
460 752 486354124
447 689 421350533
239 744 287995931
317 931 331944373
624 732 519590540
349 498 541768233
145 594 148822932
11 722 1180788
46 229 347358249
248 434 745604643
88 302 831438101
34 506 318005498
425 486 374415224
69 196 233418169
172 229 180796589
347 653 910700788
462 912 567348577
21 825 290209699
737 953 729327211
580 688 614135387
284 834 76321888
282 306 609694281
63 378 953829125
345 889 474019080
136 892 950492473
366 915 864158395
342 583 923412160
548 997 503383703
278 886 5860986
256 985 469356651
415 688 124572189
445 584 587229018
457 613 883539144
40 688 994180776
484 659 189707994
75 776 878898363
76 554 738519616
839 996 228869704
336 560 727799457
290 946 125285342
438 488 719907909
666 711 107401312
6 383 525990421
268 532 586150261
64 115 115122530
256 834 385834541
118 943 494138148
33 787 248530961
459 704 865754265
4 984 520083232
585 994 566646415
97 605 241120523
538 760 786865502
130 527 640766596
424 618 147416347
442 793 402214677
220 292 433385741
71 153 956714118
928 995 673183817
164 276 456941669
188 235 48967215
478 711 264426671
203 725 976229583
187 321 626211212
740 851 727022391
436 716 173949310
66 339 140125479
737 849 164642544
61 505 588639764
142 975 722969378
496 680 16597579
186 193 227096250
367 409 240770343
399 458 601504928
626 717 671795043
51 407 624141105
10 12 703326770
74 184 32527694
123 550 670079710
117 911 703199491
919 971 160935299
694 785 433329262
490 677 236043939
390 674 691437007
275 940 117712624
593 845 31388754
585 936 775322505
269 847 747049527
443 512 650692865
698 900 128990218
265 346 60304931
492 901 824701248
450 634 5996567
700 938 623298070
616 914 609924794
68 175 16075051
707 739 882736941
770 908 579709598
567 658 719126185
154 636 397890425
393 950 268953633
704 858 604713358
827 966 278761150
294 311 135190303
424 521 176407909
223 803 867004574
743 848 663289458
372 485 912776722
390 621 562351966
56 991 268276760
441 618 851104961
219 597 802487405
366 944 394806249
192 911 750743744
290 517 130135747
622 926 377796842
565 673 684039116
184 682 118067111
42 241 43562814
246 716 697158302
132 470 684717662
278 442 248372916
345 878 883005462
187 551 446964122
258 645 597365940
712 981 900193663
13 82 175876623
250 866 342021798
414 792 938936835
81 513 578742175
350 966 747011905
581 973 232185584
151 834 513899488
14 578 481767357
175 665 458127056
255 613 347872475
397 590 15369244
731 750 624357131
494 711 30108562
549 673 43741171
332 523 942347018
667 670 451021513
94 339 11334651
52 999 717154563
289 534 50299149
10 285 365957355
411 890 819808041
165 322 61202535
634 887 316647981
569 963 228797252
409 754 195196879
134 895 132248390
554 934 978930963
240 372 753809861
181 480 23622114
35 417 497798476
217 644 643355311
84 380 371052132
471 557 394613919
219 654 667211745
322 712 976777395
403 708 614755788
468 702 754883417
44 429 397980807
482 515 742742570
488 661 776619129
187 543 456468620
732 984 441357112
17 68 552218425
140 634 482705854
409 457 106216995
241 455 700277008
33 597 761335353
625 866 126786565
185 244 680469031
250 993 503372143
736 887 881207442
41 719 376459970
155 385 112718549
668 763 32914964
29 92 766511160
346 565 357067698
139 972 397581678
119 539 224440239
22 731 636775861
16 865 724267771
402 623 142102069
73 301 158149275
614 823 532984407
585 597 46553037
621 946 317127162
60 895 398471360
185 595 367666866
428 759 548541658
883 951 98425130
238 327 235505300
40 770 349898568
28 92 5147494
170 282 504269905
582 938 241115390
435 824 746497174
130 785 327037154
115 683 731264576
468 497 162627119
427 763 813354300
194 426 750102059
66 667 885877367
200 570 525220465
213 279 425879617
621 873 437096472
167 592 833799790
250 450 766911475
122 131 26695797
359 594 784937474
353 590 149127849
177 696 493645450
139 647 266917450
77 168 356582553
282 631 731184671
531 866 414241516
35 100 806049192
19 677 63689859
220 541 324799190
244 412 789749371
558 943 854890467
400 700 942851724
196 431 783883018
237 461 782026109
167 859 73170852
164 303 220526510
121 868 225038575
167 500 717578543
80 454 315033429
544 667 463628562
44 350 280613395
402 893 152829289
133 873 582696511
473 968 652716389
107 515 133716027
679 980 863080387
411 776 227458307
454 686 50160762
579 888 372589946
128 303 904659978
346 844 851072247
822 894 301976865
142 574 519763377
802 896 920302294
446 995 613906759
337 862 833813371
82 161 866455167
449 717 452715528
575 781 144273897
98 159 319748882
941 970 665553717
484 669 349367536
266 353 406571413
259 272 634101578
370 976 338539912
44 228 679078456
447 759 136735628
97 869 919803749
641 713 690145342
727 820 14829838
382 743 8287504
169 584 941029628
430 971 249650977
584 589 756351980
619 951 555916193
416 849 102445814
144 225 529124813
557 876 353863167
239 696 850613879
331 337 782453390
623 821 645672416
229 288 989901957
430 960 607951665
63 633 394395636
311 441 88834872
227 519 543369055
263 653 812850272
220 340 305345957
556 835 526097368
530 980 813342577
591 729 954345571
402 922 993353616
259 484 387957442
367 694 264761830
733 894 933754764
3 338 928380435
163 297 266421498
26 91 208433361
164 487 636698901
774 828 904216531
24 673 713571352
40 82 783781330
662 881 904800980
265 825 717419320
142 662 106203020
292 345 13306905
701 842 537905973
31 653 442706717
184 662 504842568
85 379 699952202
632 664 519031072
149 538 136561070
127 520 281222399
515 897 334099679
349 852 523023868
117 914 534169138
16 996 731692399
150 836 124251727
29 119 684774477
556 804 695262804
245 593 806066455
528 981 4453270
512 931 218130920
869 927 775761945
300 572 246131123
742 979 890971097
92 836 727812295
749 993 356697107
240 390 173386531
339 899 214036496
46 415 156610684
162 274 86340157
125 443 174709961
698 767 960311067
111 295 975595870
314 326 192248263
99 888 267166410
236 832 767843898
37 986 581034842
608 843 503305870
708 843 858108452
919 929 454268221
101 238 755418088
49 338 907559282
532 830 862217850
21 342 507920940
261 882 780966305
123 530 12205061
242 863 611958765
57 693 709298658
198 566 195858233
479 790 268953187
249 278 644795128
124 514 647555154
603 768 934396248
63 133 147660792
84 555 688577427
201 425 417828651
942 959 397183534
113 204 480436666
400 957 540605920
150 394 645458056
328 638 754024888
148 284 634801513
228 470 917856417
321 720 953042137
498 737 331731000
73 80 53533376
153 558 894149444
253 632 948203061
238 354 30523211
645 936 440869542
10 831 862085988
169 498 645646025
791 830 156051792
437 507 813980308
284 974 158330241
707 827 486156828
186 731 902797446
217 967 28052930
74 756 187052385
233 599 97347099
136 855 508126630
386 565 911123454
353 391 224042362
517 811 178087978
232 950 97979454
464 494 978350714
15 791 888367097
332 519 414888034
108 988 909818781
83 204 763521708
850 951 730453635
218 439 164036127
47 787 621152112
386 497 798018099
71 356 196388099
698 826 166173718
733 949 609673835
55 606 607836077
568 748 672828093
358 779 532247456
541 559 31723161
14 955 301642263
171 342 125508734
243 948 196465342
664 871 465786765
220 285 596057074
167 709 193721198
98 473 621422594
111 993 40876764
47 570 251421932
852 949 926925542
75 819 787713920
185 772 731000271
301 961 510159084
674 971 898047387
178 809 55529581
423 454 740578107
168 643 420005426
110 298 191075270
275 888 923826783
318 663 185577949
402 486 888556255
360 796 434072514
523 742 56729238
256 808 396410707
419 564 949674046
826 843 540877085
218 310 210863954
726 781 550707023
529 630 56125088
25 543 387126478
6 664 883014378
523 617 119907626
510 560 694521042
97 574 545275065
75 503 595146813
533 959 582458241
191 861 211330390
837 904 264305396
44 597 809574577
355 390 736673531
411 563 189241956
599 710 94258312
200 558 564963450
627 836 241728056
239 591 840427479
459 795 721193849
360 839 964169984
158 297 803422284
127 785 333569580
350 352 94152008
37 622 557913555
155 865 806792410
517 906 564472761
561 893 849696794
562 975 350954936
614 670 731096931
79 905 495348608
554 936 460254640
103 782 236556499
481 748 320030095
254 444 330971824
452 897 262794300
44 57 676897186
455 907 292296734
480 860 893990433
260 893 583177701
478 732 520626761
421 596 319920968
278 885 948328771
432 464 146740139
186 564 996456310
2 229 409218947
685 786 455448832
147 324 840063098
94 408 34174069
293 419 320098106
18 78 115803453
200 550 259876393
127 985 572148286
683 746 214937590
232 529 842290681
58 69 731729696
143 198 867045589
551 702 326206056
650 954 572825562
213 814 831409866
731 813 747482214
618 930 992277033
440 786 224981253
481 594 100862167
411 808 549815489
804 865 396797483
46 109 311192547
680 940 907574912
451 844 519683404
652 778 394641250
86 780 708809119
144 548 201716149
111 724 93855348
652 667 305650956
108 610 598510080
49 792 473978522
552 923 380768642
213 755 274996195
76 335 270506356
90 651 39277393
170 275 4426396
209 839 872539468
198 424 584080824
363 857 786789924
596 625 192662292
462 761 45006385
221 788 842998671
562 698 691969073
59 114 336842405
705 992 135665865
189 823 623180885
91 413 957684961
301 638 931072385
456 469 367492246
111 751 235040025
733 807 494358508
312 623 482315489
218 502 267224709
626 815 131684643
155 710 346445882
253 620 78867808
37 48 597863075
234 503 176334917
711 976 100102463
281 657 85102277
495 625 547904062
19 376 501769933
462 553 660737154
88 149 286406270
122 930 741646630
473 711 161259149
123 130 64796233
82 539 206993903
125 260 812734297
603 623 509056504
157 623 73821187
362 659 945871307
160 860 388838364
45 559 349307573
246 659 174690050
656 929 560146803
129 788 601899627
628 679 55046194
649 729 450971152
224 619 752771204
27 477 909680291
70 813 235483693
282 433 749649590
137 157 116936517
222 923 258941663
136 214 775120194
112 234 919296475
335 411 155502128
574 908 435465757
329 641 583561642
253 680 312891007
553 909 792707787
38 818 7974537
407 544 959744917
199 257 853929059
314 733 288173942
49 495 493541631
0 766 657187198
349 353 767367054
158 484 620977643
315 677 650907675
231 732 188238979
660 989 110932713
398 976 523189291
514 960 727908549
439 966 806554910
60 582 699128717
247 526 315619611
470 539 708439039
720 796 450908459
403 586 663960
318 789 456358531
427 945 546837124
31 764 913736367
504 840 629373675
827 854 933881509
808 880 855668257
383 432 994421206
335 404 135801914
370 725 844018041
66 464 27872240
61 211 757901888
215 460 626095261
445 503 527534186
546 993 815995256
611 777 891286834
740 828 711337223
632 963 288720706
63 651 826762407
176 898 259239809
745 848 426409349
45 659 735530351
829 912 63278643
229 532 818937415
499 774 388305793
181 507 951164460
645 845 795111606
112 441 221646896
603 729 188347459
271 494 752340408
572 804 170187806
485 881 391218425
661 924 986785363
465 541 13935682
603 842 497805733
67 755 985928079
314 341 735974555
27 724 28874532
81 158 841669043
533 625 913927292
620 703 623305487
536 855 428882147
180 320 288055389
38 722 248758968
85 243 479507041
220 604 646600011
347 768 664086523
290 409 122214501
481 956 405517499
63 360 832274221
112 978 70736596
332 837 703384173
690 877 484978851
263 955 801273695
197 514 901593857
150 872 574590132
214 765 525464012
89 547 503954465
195 438 466615644
173 427 254838878
511 884 308676051
379 519 252349941
43 692 406190820
527 971 997026453
443 461 697610279
885 952 730205668
160 904 178394966
615 739 721903526
470 818 147419223
547 581 646399390
204 225 859419998
52 924 590842261
192 802 838842849
79 228 521620855
178 575 706524650
7 364 333313742
527 892 387395132
197 672 260932303
216 491 722070831
206 269 647820089
107 309 698223421
284 412 719003173
690 740 143858584
408 417 498856495
102 809 21374423
179 428 472413320
811 878 677055441
111 726 181027609
128 473 200136223
293 528 756598956
388 509 56862116
730 733 587203544
57 324 79067814
39 198 351673445
720 728 325913122
40 162 626483193
133 684 156089223
641 745 563187124
285 946 102928783
662 833 244486586
506 742 104149347
376 938 83664947
296 390 726246732
369 717 797584347
563 772 613914483
0 833 81694975
529 961 399755116
12 380 211162084
895 977 324984568
721 871 920729385
218 793 89750744
341 437 733524834
858 923 111587388
474 677 318435373
324 398 281744487
155 401 446632335
74 968 712249297
111 737 450092395
223 314 543394691
666 771 797533252
561 828 383701264
238 893 754032340
764 835 713707317
119 969 35709824
867 947 668740163
62 818 183606393
272 831 939401940
173 775 631072503
25 170 917447345
310 880 538397921
278 638 224143783
123 632 210856364
579 861 307250371
337 779 54423355
189 297 389729258
109 457 747183953
343 794 877815852
448 475 967160611
208 292 278036716
60 880 183571940
389 407 460379007
378 662 49523838
553 565 121184075
59 292 16519062
911 989 610358156
714 777 133834138
218 957 697326107
4 633 247658122
113 825 268516416
399 797 626642676
624 681 414385597
512 777 716262605
14 141 310299724
488 986 960457026
495 657 328529287
51 196 993975145
116 292 723826050
175 489 823408659
176 844 913327996
94 375 381826969
29 852 758131164
97 889 981082253
605 963 788486326
273 437 977427684
36 496 717313621
50 866 895112859
284 636 209040484
233 503 9894840
219 915 118062610
342 465 569366078
779 818 187141565
203 580 383349635
110 559 446027770
591 856 288798489
224 610 597788244
340 705 555129153
21 298 410283139
454 961 723254672
132 710 724516197
259 654 431987466
867 972 985219066
327 659 724834272
156 318 422017538
15 434 836838093
530 990 762479409
12 634 929053498
552 823 810218046
599 802 327029606
322 491 934201004
110 552 485307853
121 585 184535808
22 972 301599954
192 714 19552296
465 599 311236366
160 553 172875409
916 936 397261402
356 423 932677700
373 483 555712224
370 409 622253056
475 551 953603916
237 815 76353804
236 907 266608943
69 903 891241130
386 558 39909093
667 977 113495109
416 489 388181245
36 926 15181702
612 671 563229852
349 937 340823827
7 615 466748178
143 212 322609740
141 736 220818145
103 839 307004745
30 72 542785281
264 875 454706031
117 173 607163591
221 662 60039635
49 843 470894818
344 459 740981744
89 760 570882388
216 432 907236279
687 714 558478284
513 671 202952797
852 882 698089875
589 694 529946160
606 609 382623361
672 995 342188784
664 800 792308081
287 883 729382807
201 542 974018358
551 558 488808248
16 119 186386990
111 879 436791643
539 835 614123301
55 727 150927774
701 758 889952725
335 426 500869716
16 410 840013642
526 643 867218413
169 244 231971217
184 410 679092135
699 912 666894971
543 851 504672550
535 546 811071150
142 761 635002905
854 950 804556363
396 399 206542492
551 885 99402155
444 892 435652977
8 67 618301140
98 247 280806580
378 390 693461556
514 538 779908854
861 870 571267178
219 268 495146584
80 336 96260296
23 377 428114047
125 323 134612307
655 831 429757415
602 812 196764741
44 975 771381811
276 438 579361909
383 916 240340557
171 683 321871324
179 517 887146081
237 756 655452862
573 963 512146759
53 105 868191170
144 494 483234843
392 979 931219934
29 661 608506384
74 945 520208834
13 235 293027478
23 325 517712188
349 549 952684277
68 79 867824422
48 704 905597750
847 849 703202443
512 602 746479537
28 983 324593563
770 802 348883534
132 711 416126856
322 331 434255060
182 609 883044735
137 828 696758028
163 718 324228052
493 629 35311494
134 232 459355828
141 960 523978811
316 769 587738401
609 618 437102396
629 908 986891483
291 603 815945782
72 982 896549116
452 618 947462786
306 317 825740586
776 901 9639270
377 675 425380062
812 896 263477686
387 875 170911397
241 948 709272270
345 709 328447145
480 803 62323588
135 463 694014249
105 584 538895422
266 820 696233513
288 981 268918370
232 744 760049870
544 733 687800032
230 678 570916186
424 468 242804089
92 816 31374882
379 393 581614964
644 968 67870255
400 690 696415326
453 849 568991004
361 556 653314694
181 240 938176491
148 623 192059863
396 477 930587787
44 370 832502404
112 999 408685363
31 750 121731930
188 566 753720699
310 435 241806664
371 818 322134425
918 925 961834839
351 459 429000269
504 771 726358275
56 789 216645251
739 948 493444991
623 671 357160154
89 964 193907257
111 633 899691036
512 879 682048628
494 785 385676397
52 943 160996632
0 751 836337111
488 917 560676592
181 329 487194514
171 646 509760256
537 758 793540792
363 843 684459961
178 737 694574601
295 766 819574227
676 813 411679625
338 690 62269222
180 440 249577831
12 403 594279163
35 719 473677488
526 775 459644494
430 653 359118140
65 96 415937312
716 760 318307449
161 899 777093900
426 522 248815481
234 891 477375110
197 279 694471237
4 899 919381330
242 313 685286061
374 778 11598544
51 617 950014561
281 759 309000795
112 274 895324899
386 805 886166282
169 850 697575464
175 338 589823175
328 747 429433647
444 791 88737197
710 946 735981622
472 988 790294558
854 930 114993459
537 887 285266290
18 916 227058020
210 671 720523648
665 832 832484024
37 817 307087132
248 383 279996821
53 642 19733919
667 990 29242542
8 942 693766575
665 896 337576619
358 386 79888697
848 909 591863373
539 770 156838314
534 580 338774420
88 706 982744194
406 678 933008221
165 686 553000785
938 982 996898079
411 523 705204115
224 875 133873278
159 694 511271662
387 643 331525969
138 147 298181407
757 935 819251825
660 752 990176468
210 843 515315117
724 797 359138633
366 384 74332036
124 176 458622094
310 518 228555850
100 258 517317428
199 610 772112104
126 422 537510455
230 453 597135800
333 492 22224580
34 905 482657780
653 770 495329533
517 859 225231040
3 440 318361354
242 790 466231005
27 145 245409861
69 734 421921258
243 689 697115267
299 752 688390981
699 966 609510243
208 897 7852165
405 615 464604567
283 866 224948165
744 967 912678119
336 732 859466816
202 467 273500633
390 916 176220301
903 932 359433980
205 783 486226639
497 787 896189237
268 395 532004851
153 628 330401743
324 898 442141213
226 272 915069241
76 708 605834672
551 630 112921409
306 651 64646619
5
29 143
387 656
62 323
173 220
506 618
