1000 999
206 351 803105863
66 149 976411094
121 505 993072899
666 954 552376721
704 896 139897619
79 840 82840878
530 988 573596822
70 615 124427089
296 993 727141237
126 955 777433286
102 795 506306515
592 982 90303669
543 829 934742567
283 524 247471800
553 961 682974436
307 842 589053801
311 515 157685583
435 991 960101486
11 549 348166431
72 682 393749867
458 611 415610192
528 981 244224834
322 962 606924239
515 977 281896467
334 479 789213185
211 546 681696891
584 735 503277832
116 424 857510347
71 455 337747637
121 419 151367972
584 620 256823294
119 840 589868920
803 956 371866488
59 481 567473346
489 752 356507053
0 524 531743317
449 894 211234920
853 946 615954209
163 941 46095028
15 227 838177935
581 931 993892733
171 233 539743439
101 944 314620897
544 945 661857357
755 872 619842521
129 811 753086141
415 824 548078819
335 413 230324799
198 916 674492040
58 737 430915118
338 404 973123887
423 691 829791696
255 496 390104947
655 712 32753125
51 990 982705915
274 516 249716045
68 782 55006074
193 871 682919660
19 940 864671682
39 685 642828887
355 872 640372083
558 776 607049087
179 837 736057523
138 881 144834294
467 933 792953967
290 559 453595567
595 621 454902134
146 333 30101025
142 441 677908901
83 942 7914540
314 648 47952045
468 748 453595361
199 708 326631928
669 721 357717195
31 625 179112344
80 704 107736395
154 595 348829010
191 744 286306406
33 263 240187546
78 880 748458190
9 168 89872412
147 668 229105385
715 925 853798840
870 885 151550549
12 502 260889259
373 797 523771980
285 713 486016826
245 282 715056346
189 783 3769581
244 304 802100426
214 745 20294872
109 644 620129622
826 914 866374703
110 190 730035589
63 746 478600917
209 653 92578704
641 726 180783466
589 733 482465482
292 374 54759393
548 846 648392898
416 551 352067296
393 816 299075445
266 385 537245371
284 797 797814755
55 375 385194216
195 461 183050660
486 639 317058975
368 408 871237860
736 831 634669106
69 492 948097491
109 243 766580754
208 911 751196091
656 944 555149647
66 555 339080299
118 336 903619831
346 806 121743613
112 532 909606586
160 293 859578144
267 904 496356922
817 929 971785601
126 720 286422578
645 830 126939241
26 417 271937423
327 454 442991568
350 792 370502376
266 901 552951183
213 506 465393586
98 475 462764701
208 874 182640274
455 763 237150986
22 513 53413982
445 544 242225063
88 875 577391240
376 593 965570618
140 167 533048329
401 451 634149030
686 910 381681427
72 587 362356476
596 751 112852377
507 592 904263681
890 987 285086748
60 770 388881907
256 469 507594561
323 943 645130766
11 851 760260716
250 364 870417498
411 673 372642646
664 754 644056738
444 975 288655693
579 994 414217608
137 346 113276681
692 877 400723474
144 407 114676392
7 222 8667272
388 401 363408888
686 855 124424613
480 647 790741944
750 843 871857197
738 954 496762908
321 825 722939761
1 551 78861273
603 747 417783621
467 609 877139543
431 603 614018427
123 636 984220568
330 794 948802389
610 830 879450137
179 590 113405257
394 453 610050010
605 780 259163168
44 91 700246666
188 231 282033762
34 624 305045642
454 917 110669227
348 519 856622443
356 919 348055104
280 374 683731604
633 751 390522662
487 504 345448963
437 834 560545038
244 360 118995855
97 402 693661340
753 774 350083969
493 612 245331718
386 694 611777849
149 411 465019828
128 248 190320592
127 616 628831680
90 279 287742673
484 814 995542117
242 488 648593136
85 852 274577054
426 836 652518078
278 589 573365099
0 945 48904680
363 525 326910738
94 879 430731180
45 357 300617636
613 791 397027555
234 937 537704470
224 915 931264351
559 987 359893051
670 689 244862635
297 756 914932231
295 548 707506131
465 586 771261130
108 287 743903118
28 125 282058147
607 637 974769066
83 690 297336464
107 496 722652940
358 731 944509912
96 182 280148469
235 431 111534407
93 862 66279918
12 366 595398858
739 902 854149037
129 479 579204018
383 526 878862510
606 870 903289680
5 331 138791377
40 533 898348058
286 400 326623171
723 959 142508241
35 391 999166772
139 970 464821749
720 908 854162251
157 822 162177153
313 903 428855524
245 492 715922235
875 971 493533798
80 610 19954538
62 430 745871161
221 859 371503728
425 913 350804748
886 934 618431444
229 786 861001898
432 632 205193350
471 717 382090282
60 600 662545127
562 674 542984411
296 628 563137625
56 540 812362081
593 845 259025459
328 658 340891481
218 523 433451369
252 320 713299112
135 941 318962549
153 387 988430227
9 664 981279089
304 652 297368082
410 777 308965909
153 889 934382652
206 650 973429243
114 569 540357771
728 869 325726140
164 734 495194386
35 857 637036686
418 499 717197898
823 892 174688697
398 740 370139695
489 805 907745564
632 665 305127424
298 895 128283351
36 230 204488402
184 403 698352823
340 675 643614935
225 671 300610628
6 649 233780089
68 287 171190554
67 585 266857027
274 531 845831158
398 552 782307580
397 452 286395875
352 917 583381894
325 833 753994083
41 428 276373391
514 766 846372776
601 757 715756955
187 476 847380108
450 852 134641289
905 957 207447541
329 564 781298521
743 787 918838738
240 926 122349964
115 288 625492808
189 497 669587487
158 529 688541090
299 545 128771262
84 916 278227364
265 529 926607576
54 302 25441325
735 816 801850446
85 656 309595009
23 942 176466073
305 384 199584679
204 510 356562118
474 577 774822297
192 609 202135325
202 522 713885276
390 811 906204414
205 576 124186599
99 349 34738691
246 993 138936059
78 887 472514404
124 470 660152822
95 790 335920957
226 739 841804376
62 381 333088106
142 371 273442789
758 999 629538064
49 861 92123868
580 967 677239691
577 606 155562825
396 687 139806518
473 774 548449106
380 989 884829844
210 841 397520193
75 513 479979317
258 448 735630741
25 33 847997743
143 627 229642216
527 839 714138455
718 743 693453920
508 790 738207140
377 978 733245520
186 901 830939069
225 789 545861693
324 439 490494465
348 676 848341327
52 381 790889628
629 837 3834243
801 985 467519196
219 709 825949787
316 760 1417440
500 732 40333621
362 978 904823875
536 949 261717039
651 907 818149202
169 408 699338191
402 523 128985111
447 808 508232288
690 938 259910847
444 727 969134384
460 958 304533743
500 873 834725142
42 43 617135258
330 389 796215360
251 517 337742657
1 166 971112344
221 698 467309112
324 571 729231754
124 585 916387480
566 640 918116344
377 459 503133690
332 539 849159319
689 754 829535814
77 924 123214948
219 992 965414027
212 905 917475281
696 814 785074003
531 722 921721883
89 561 181474565
497 575 559114541
628 844 43630472
672 738 766373157
396 728 117369524
127 372 689808295
144 327 16864566
15 341 159602691
406 822 509885095
191 261 837686494
268 740 334417000
19 147 763435008
522 798 221203392
4 175 618724164
657 803 363033305
196 634 44893787
237 439 709226991
69 734 957019650
64 867 878394537
236 514 292010996
27 438 672652740
52 390 314441176
271 535 118412194
180 665 953386858
788 918 240546627
209 853 342171835
702 795 857793325
195 786 727500106
512 742 2055657
133 520 344336993
357 962 321759602
289 660 998921966
7 651 400716108
561 971 241312566
41 648 546018730
583 909 250171981
117 247 955530841
198 518 647794407
758 799 870983790
114 970 924744230
39 695 809644754
617 997 561154490
652 927 33164045
371 730 655737015
46 434 212665818
572 711 976045786
567 938 505268433
620 639 635653109
672 697 362745321
281 310 283469999
463 975 888857511
228 328 535992413
176 320 165153250
342 855 216698426
18 695 195245156
77 344 947249218
384 777 607264180
76 928 923658045
74 534 108315071
553 908 712250827
241 613 798467233
442 536 797408840
28 765 581912710
345 761 931696488
135 369 169594907
103 894 898807135
258 502 201075897
312 588 277892068
456 564 153030525
199 808 111649923
309 789 231703890
602 899 203996477
163 769 995228393
161 842 293086792
262 353 507106774
692 762 254439252
65 139 907487697
264 616 563809594
63 375 828244279
87 745 623711733
31 477 490889082
84 385 565321166
273 900 671851976
54 473 952835444
117 181 585619022
456 882 562225539
436 671 266408497
342 477 476813773
367 779 969994727
173 319 502700790
677 923 480509818
237 812 662222227
148 570 670288052
576 932 252166568
574 936 367478801
506 597 608434242
650 800 454002563
397 819 338054737
59 155 385796814
663 796 81458441
788 897 574610844
449 832 549992521
519 880 414056176
873 995 951727523
216 711 859831632
91 631 451211181
278 891 788956927
724 757 867522641
701 847 521308193
452 912 729926186
32 395 603904484
427 667 419765732
482 611 817721986
94 566 631089700
285 866 644423847
20 47 105411550
810 963 261919143
425 527 123697532
392 919 998515638
255 807 935638246
307 510 536464188
228 759 743459353
262 457 41290218
680 964 564209094
624 884 300588847
354 922 657588791
145 343 101032802
450 974 172685895
82 234 290700354
182 461 66523427
134 688 55531418
104 453 322976265
235 316 557898317
539 854 317453432
308 588 644153308
507 625 440065954
555 877 915496553
29 350 790167980
379 563 129108439
339 710 10461746
192 744 362024040
485 706 364355907
168 693 518928355
435 778 218598340
480 702 728673750
96 460 354837720
61 662 270979485
301 766 457017109
590 679 767699986
520 723 167418351
409 699 537349022
165 310 481254011
601 843 716121219
326 990 820150030
900 965 234175957
138 443 803218385
462 638 188086022
30 964 788124714
181 687 217160380
155 973 314478952
4 150 810536876
53 370 894855941
48 537 772722209
768 820 624294669
229 554 130846273
475 773 444545636
306 684 27600777
284 300 957530829
282 579 493221115
400 505 349344253
742 804 679300124
148 406 435447195
27 318 710588428
270 911 436416903
378 483 98258685
684 813 96709192
119 683 817053432
240 569 322750038
210 332 697825195
604 965 84274176
43 556 523713116
187 409 661466767
365 641 856098117
844 884 905213560
166 572 616261684
501 890 248338756
446 716 188524882
666 926 372072599
705 726 313884157
158 659 264739303
256 813 352902429
204 824 825263309
335 856 118473588
269 599 4758513
20 599 574397999
161 600 274450943
133 303 133559811
17 841 453894503
93 170 48894661
10 972 161747449
207 254 967973209
338 800 639309407
185 984 597276780
174 785 700540155
57 373 973641761
202 236 895991348
429 509 67362820
136 410 837904731
430 817 241106548
49 118 633443047
538 762 428988518
186 291 945351698
678 781 952555248
653 771 701117968
131 899 941046344
50 421 872798212
474 764 817294933
498 893 220278561
570 892 969375793
56 767 575392135
13 32 440289472
760 947 469602484
264 300 440490421
174 582 247923696
621 792 252927068
442 732 794721342
587 967 45660968
301 920 796150201
132 326 770770643
412 893 447515998
239 693 463360101
673 804 936182534
263 946 946224128
549 643 124414641
273 674 276848547
443 737 568113646
217 983 766351244
337 440 57552267
71 869 727430773
82 763 673298543
98 718 614303104
469 959 656510165
540 793 539481994
565 725 280783364
67 194 173389584
422 649 985852400
220 347 45890645
25 111 590629059
105 748 371592061
645 956 404177476
359 679 575742361
257 568 532794612
701 896 485166843
286 481 677663456
420 906 260496768
232 966 4151604
542 661 845079171
860 865 651255976
141 594 299306605
393 491 383600984
8 447 462819958
261 557 15152851
216 961 115352111
173 709 656732343
276 308 135517311
759 829 480872691
694 818 860733905
630 749 287579134
275 361 502142956
521 605 229535176
838 864 30042501
575 887 548658798
370 432 127760736
557 972 629564233
128 681 102758915
631 807 911658956
88 991 697599216
552 836 556322538
243 291 472750065
44 110 707301118
361 805 120688337
636 974 355201622
382 925 616036201
162 302 106162757
269 832 612036950
399 722 431322603
366 545 774648988
344 669 777718365
170 404 77773966
878 968 129081660
867 952 601845071
708 888 231579875
57 854 116908841
214 933 471517905
2 122 608720531
211 769 690262900
741 876 246277609
141 329 670337088
172 379 710640251
197 979 479811912
36 253 784135647
275 849 284187012
730 839 875058793
902 960 989968616
152 550 862336103
217 802 348507108
6 37 855048300
478 484 738608607
143 222 154885461
120 951 832091552
272 388 447626059
215 494 902445173
250 538 324760300
10 92 738350496
511 781 652482391
73 883 14738231
299 420 170135336
421 663 716851592
277 904 538229039
14 90 831133001
22 48 150413718
317 647 343875380
608 626 488481340
457 518 98428734
416 776 923219933
414 821 903009723
775 809 27354655
778 914 756076925
92 567 938928942
271 349 245862719
863 881 826022870
169 429 109744080
247 719 87693855
380 997 623667228
159 667 953460445
688 986 146942630
929 948 163811279
494 750 485568825
249 891 443868897
248 618 728682129
415 876 306291793
145 952 40217157
705 864 872299685
526 913 787811256
8 294 290181897
130 490 848828710
29 668 230203764
511 791 437900904
207 503 684779292
546 675 866402739
360 799 861399536
156 921 549625707
918 934 70818276
233 464 680435350
295 835 48930836
493 578 694962628
560 637 883756373
260 937 909008542
180 586 921371117
403 968 771066212
488 619 276888939
53 322 669685298
533 634 68076569
79 654 905156342
160 696 407540517
337 498 341765854
749 935 458067214
354 615 668155236
227 458 100336296
387 547 233147835
164 422 654299220
413 604 991414189
290 418 735198936
21 47 418535382
38 183 732834603
682 755 688626007
747 903 877304339
565 835 347938217
38 468 435225660
276 921 242877463
831 953 170476107
178 910 249613074
105 367 580715294
24 833 630552280
13 249 28128803
681 772 736790531
313 448 349612704
765 951 475159506
201 359 811585022
193 306 905597177
399 643 316816226
614 845 523612702
281 810 506889098
21 293 143656277
259 635 408971146
459 821 677174115
724 955 619784125
372 501 197999108
433 998 923439813
253 629 605523046
185 642 477083184
486 847 974770362
405 619 898515353
657 691 595544016
292 859 821689807
167 333 567629341
725 998 615018465
343 976 257030732
111 512 188911593
339 476 999517777
197 719 689762445
661 898 216068308
554 927 470810827
294 440 690259169
499 995 552738718
107 928 745652906
175 685 463559033
710 922 991597127
463 677 219598565
95 136 29162162
215 369 906845686
820 823 856741943
154 288 957890750
252 462 918262275
151 516 742544971
438 780 984209735
183 389 620466014
441 715 817288788
76 125 428543489
224 436 457272578
297 848 145596048
580 706 464442424
81 818 471151332
254 714 232971941
424 861 133800822
260 414 949345539
466 509 12602009
30 46 436014966
434 741 538519976
152 849 85090381
223 826 159851328
212 419 282204929
156 939 443595305
466 678 448336838
727 812 601042664
130 504 735209033
949 980 203208545
134 598 344596754
86 368 804271813
113 503 409574111
201 721 645526593
772 784 249475540
277 614 413208895
16 834 400607676
495 850 680315773
602 787 16508676
150 676 296897499
223 433 238470565
196 860 958969880
74 809 128456828
426 574 354854738
825 986 764095441
716 948 379591697
81 885 163035109
122 764 37495165
563 857 527743857
309 541 998337516
703 783 694490589
157 819 697568465
137 707 930844644
391 828 766270253
394 912 869199718
597 983 533653690
487 979 210985217
318 958 746252934
482 591 807104938
75 341 724010288
123 802 483531889
131 771 90955363
485 607 442897517
226 858 583172944
218 999 861622685
638 815 40926616
265 315 68700430
272 973 445606110
868 989 486617926
16 395 167951214
230 950 642981895
61 644 22108863
491 924 141417770
162 521 782906941
472 779 463916087
113 490 200455147
34 717 502867300
159 756 102186123
190 752 97228487
171 478 423520937
178 382 326867567
101 365 635477858
356 508 984509996
241 806 490261288
132 909 561061629
386 423 626067290
115 177 304963276
97 392 721730360
428 785 115737997
23 417 272783915
213 698 44883365
239 827 391150288
298 654 681716181
405 612 651699851
562 932 188666074
846 985 561147837
317 525 663218142
321 331 751871063
87 205 59189509
827 878 882014802
3 200 769892179
767 992 576944214
532 703 209438706
200 984 980131395
176 931 916278615
5 996 808462891
617 773 323804641
14 446 62927699
104 660 528355736
323 940 31293941
314 889 540595299
51 483 786163475
203 495 482502409
608 746 158842098
73 633 56969911
238 770 317777183
279 578 532054919
26 761 613389394
312 858 451351472
231 437 605662400
188 850 964612520
364 996 775525469
658 729 459591280
103 775 343913309
37 796 509013385
865 969 897025933
543 582 4804598
184 594 194681485
541 571 270929814
376 784 90678752
352 866 898071905
24 311 610299853
714 828 203506745
556 731 986002046
407 640 583027036
106 547 31611260
120 863 341331430
58 700 142022375
623 936 875068320
112 683 217639838
303 713 960184956
45 851 24026248
794 947 9093580
259 966 238488249
203 528 428000134
315 470 245346011
530 895 22264415
838 943 473776465
238 977 641410081
283 897 531693798
464 729 46648956
305 471 800510192
18 939 430506013
707 793 30547245
2 146 275833574
550 627 213473616
257 270 55914215
108 630 763662293
89 583 922130815
70 242 393088513
42 537 802016452
334 642 524421413
534 573 8764707
172 622 539179640
268 923 959382461
798 969 749081904
50 378 209720600
623 856 326193741
251 862 89715995
65 177 349776165
882 963 12172772
573 662 968588519
17 220 269722483
347 646 580100199
325 618 456871991
591 736 153843483
596 646 660815807
353 883 663713884
116 289 762514909
100 622 287674968
194 988 815628012
445 558 61919468
345 935 571159309
598 848 829565426
246 994 153106389
906 982 345671814
465 733 992118171
319 355 783130391
151 680 414171792
165 898 208903461
280 950 456860507
232 362 784022208
99 871 567308269
40 768 460591811
3 427 778727534
351 712 14020848
140 340 880342581
699 888 506116870
886 957 594546052
64 542 625359872
102 568 66440751
920 976 41907223
517 635 536745411
874 960 553183183
560 980 239082712
86 100 431071019
363 801 671613489
267 868 775380704
626 697 634680164
782 930 956280029
336 930 370876553
655 700 715625640
581 753 223802645
412 670 187862291
535 953 140308610
358 815 100455426
55 981 916675979
451 907 518262852
383 659 957990530
106 879 14754921
5
519 721
249 281
240 849
129 519
251 684
