857 856
276 561 38655155
820 829 526056559
734 847 211930452
614 829 612790249
325 405 384059271
397 504 243668139
196 630 311546888
151 588 206706644
155 520 736108987
10 579 581563397
74 719 451103219
147 244 429549301
92 706 257126213
652 731 268443074
20 772 325881166
592 629 387058223
14 134 345939145
315 334 559809248
78 851 518880456
199 429 944611622
644 700 162439012
125 439 727879575
332 671 152127540
442 543 252041307
405 539 606927911
633 808 381831895
735 736 263251514
468 817 120717483
42 194 616979200
116 715 314800487
138 306 297089077
226 708 158099378
82 835 664819822
186 724 870236066
300 488 271879336
113 682 369815867
387 407 837570974
358 462 718152663
386 508 166325850
227 651 475692785
42 310 517199855
231 790 736756470
37 262 694939974
566 792 719629076
94 148 973821127
65 689 816161056
67 326 445698492
45 499 560236575
591 773 299133853
328 376 43761683
533 576 666123996
225 783 838439547
258 449 817350636
61 717 852619501
201 692 701707630
471 541 841599244
205 498 570141503
538 618 56619504
445 561 606226009
32 731 702014887
209 615 854191508
691 834 402338577
158 174 851027753
87 401 487422431
234 795 896883588
723 816 444845437
18 229 639113295
248 518 417688900
651 704 850172783
589 823 642930218
21 444 794885931
532 643 987000629
254 741 514078341
627 771 774970817
756 852 199917072
120 142 79307349
513 687 576138626
487 718 587784573
419 475 574833460
573 822 214131954
179 567 677348460
145 812 69495246
403 672 698713378
694 711 718213618
172 661 84207010
156 781 360493059
22 214 999075296
157 335 167670454
113 742 967313053
510 721 502510084
228 770 959287228
468 739 870063189
60 125 341008284
145 422 265987565
148 337 493806580
8 66 644174591
97 575 195365120
623 673 663841522
389 590 241574139
352 687 966355277
103 856 387488674
638 642 433015670
41 139 24872036
184 721 732613038
188 770 365729398
393 613 344855713
73 620 274491881
227 552 867049705
461 812 44385868
379 703 659773639
81 391 724381772
353 614 717978730
341 522 987324656
139 451 778769929
621 648 663801949
64 199 564948552
116 842 921966186
533 682 604268180
408 479 959920872
117 732 240259699
132 586 600181780
800 842 607476067
27 608 162899798
416 462 672853064
509 655 345855867
150 371 208445113
150 368 498854901
173 213 229127742
470 632 271289293
301 559 139970705
254 289 162330017
503 678 719516958
759 835 371397720
463 659 570429016
487 721 427438566
241 434 509402263
5 261 933900931
638 761 678602891
12 85 549830580
395 453 661773701
370 450 245831783
92 557 959855591
492 757 997984315
96 576 684141646
25 546 127134296
122 342 689919207
31 694 561931489
358 457 416990905
489 790 666299168
474 803 300462321
169 752 67740317
554 606 65639808
171 730 430754800
435 592 23984098
2 404 152696594
348 771 721445230
540 544 338286264
599 717 944690025
70 557 281824843
183 282 231106344
1 488 161195832
105 544 643828113
116 578 89205441
751 821 483255469
249 391 692719032
266 525 673992156
17 454 839544119
59 635 907815819
167 342 830150990
237 673 269392939
577 612 628684291
406 421 578825692
279 410 287193423
494 679 457904903
376 727 797312903
706 782 400770584
68 745 420957393
37 807 398812384
670 779 35220881
287 439 177246963
705 757 994687499
281 803 929887487
29 290 781998030
211 232 51582276
33 447 216334122
500 694 937689815
3 488 469609010
415 419 281369653
537 686 305958046
639 678 820375386
224 534 758369028
760 846 707922453
545 684 597122772
383 663 524833585
249 584 725390009
242 497 963310432
186 420 998753039
114 854 683989590
305 673 597473155
4 516 301687673
398 464 749101380
357 758 559484872
59 853 702651417
538 558 424872718
230 806 965177764
126 647 842196510
59 695 101890413
301 707 453413962
102 195 858029459
418 844 855796918
48 856 553677270
140 565 223570382
492 784 713603075
88 240 762545435
321 479 464805304
507 688 263008684
331 712 972045782
21 89 294256987
193 777 418940979
586 819 433958678
363 421 613004669
198 679 178423674
213 658 190807720
231 491 477357617
293 599 455949735
67 641 743904437
92 567 238291933
476 660 324987557
401 837 43268144
675 763 991861895
425 714 605913903
88 143 165948853
320 757 699334189
357 394 977435624
667 786 831702225
263 467 872471050
751 753 440348161
444 622 146299695
58 366 4777812
129 375 493153833
60 754 459035866
535 646 693005344
193 613 225136158
562 674 334422511
154 333 83934545
232 451 111902766
731 779 306697774
212 695 896732212
717 720 184395465
44 727 802414917
346 347 399772222
163 532 510286137
272 440 811482940
520 558 47670569
0 722 790633911
690 745 967076461
177 703 558413990
462 634 781986804
361 631 126801125
99 426 986804597
230 628 66866329
158 733 591415773
72 810 201136589
134 647 742919485
246 587 172250660
597 790 572139204
41 824 610214073
316 381 768119338
418 742 898301879
355 839 24441378
797 824 520673725
549 699 764450131
45 794 129299505
43 467 691607341
600 716 309532947
193 611 117204034
221 229 776607998
63 594 507042444
127 306 225468728
292 782 48596790
108 446 839735229
431 628 125673538
24 569 185820898
416 811 468897560
47 608 392241771
582 819 497911791
113 129 140306839
198 550 284165686
41 825 833453707
236 396 836806994
565 576 949319775
549 738 251948748
381 616 952123245
103 551 626295347
728 804 708694598
265 403 502541546
142 358 148110931
196 612 204831815
202 331 225118846
110 433 913728571
123 220 504185229
558 776 485737805
312 384 793907222
258 532 550054577
241 245 200692475
293 369 182986269
54 129 458662219
50 246 502770138
409 474 242372419
624 712 842296912
61 506 944197347
52 60 151343716
718 755 152979219
234 781 674176218
14 776 476346816
262 428 300847163
734 840 139796153
11 321 435542001
437 600 465014402
3 609 108481537
343 768 925714974
374 716 546820417
27 35 305304065
29 811 145919959
146 269 867839990
378 671 671330446
28 658 625654703
298 469 846391554
447 807 185076471
296 769 169162823
115 474 653893736
593 799 463593917
288 478 425082829
284 570 247216523
216 424 963995557
307 613 97753943
132 701 713395468
135 587 85952200
270 568 555465898
337 710 479421047
189 746 631517027
50 73 12844946
334 807 587639999
162 563 217900907
257 496 366867761
1 229 3040840
207 219 207669098
260 696 883698399
147 607 954205989
351 397 993817284
470 572 705802428
811 835 471812439
377 513 952349728
314 549 716686915
7 382 882964746
432 458 40384833
218 433 566427683
355 666 72644980
668 816 619269663
134 411 467033918
42 662 681092359
76 112 948707648
519 554 11253585
32 564 646102190
588 815 185965366
200 764 786690083
764 780 333581132
186 373 235513934
556 855 275326354
22 197 509046274
98 228 966318659
101 571 258066785
217 848 680041512
133 427 534092268
65 251 7803386
31 32 645553306
144 454 22623650
175 751 123951388
210 748 986095060
226 656 387146968
406 533 147853473
327 692 806329697
9 354 344793480
58 652 264137169
63 713 240361676
476 749 276344533
7 293 145460605
110 619 325919193
143 583 214067284
109 627 960887262
625 707 123425381
36 833 616076453
77 82 447835252
0 737 354115906
411 677 688355032
6 664 387522539
297 317 95133713
271 449 45218940
112 649 17164060
412 641 30615954
57 775 421748882
190 611 622936779
354 466 331087341
172 835 988238891
345 511 953480752
220 752 699853707
208 316 461497513
296 323 35767962
514 560 906681997
274 563 879269635
648 673 242321899
726 809 886317791
732 736 340356308
132 776 509875132
394 763 5704044
640 693 309105501
195 605 858624716
442 836 193837358
369 680 438357646
588 681 455665518
330 539 374074700
68 78 490139082
295 427 382147047
616 649 493345143
83 533 346433159
317 535 480916527
4 138 897883609
253 748 908427282
192 816 185670082
199 665 709868107
137 759 96405115
222 759 155149454
125 657 607246843
601 611 744588764
598 823 325556190
460 746 951420687
223 437 261531378
275 679 598621392
251 665 796185699
0 154 4632951
289 696 365336121
165 204 266034734
48 171 484626912
290 413 404452074
248 493 574482531
51 435 434281109
531 805 371850498
373 788 638149096
261 320 661946116
81 239 214332573
183 699 584904729
464 737 172466615
431 693 476607969
90 373 69579168
482 528 624317291
158 167 972489988
218 629 443607779
547 647 909108481
26 591 42719746
227 725 171820237
421 805 974393188
186 767 21257034
301 437 934232748
626 806 54021935
130 846 764350639
146 588 138186764
306 365 792558064
281 729 863232081
192 296 831534241
340 765 290685710
4 46 94567398
225 840 300817781
147 160 79758165
364 849 831591863
517 785 946297587
128 568 328596493
89 563 497192031
240 270 735949943
136 501 681438421
597 632 273059646
85 482 34025574
330 443 385455302
451 799 285812824
379 403 690186360
12 827 925982343
81 337 811108265
71 831 67764714
420 831 438097030
497 672 641661445
173 850 172686167
379 663 191596394
215 564 336092977
35 515 35376518
299 763 889102410
388 705 978701074
308 452 878097806
206 361 782241863
344 631 860268464
338 534 868894932
20 452 700457423
142 823 939829114
663 708 930780110
189 403 7289315
55 90 869799426
194 331 961349979
178 736 896301027
21 826 493618770
76 159 852217962
116 170 70109762
481 641 462520671
50 152 343607916
417 659 913162572
571 581 566014260
359 490 811171438
184 351 12331921
138 428 430568308
225 664 72855866
342 381 201671104
517 677 925359430
30 136 351802559
264 468 573559721
84 247 348746373
694 709 11363913
395 611 286670196
7 579 98027424
338 351 597108521
363 555 538196293
267 328 10857634
2 740 647723793
739 848 639626125
156 277 32216860
34 685 13108983
107 840 551508898
292 684 538767348
27 478 744227046
84 166 911351621
99 768 893236854
337 585 965249406
218 738 114940214
40 526 373700737
285 688 763980393
302 460 642277219
8 616 131617446
19 428 392328547
281 809 92931982
735 839 376479041
563 659 893620644
325 676 330579126
74 256 448115477
539 762 947833629
73 603 87686438
38 104 548201176
268 505 851882973
497 574 953012935
573 722 682103475
137 480 179961277
441 473 865837670
273 553 616907081
345 489 265104241
286 408 960101433
13 812 373608676
660 777 184413163
38 596 548304282
637 781 680224538
187 363 372736923
274 642 713485624
611 740 123385768
362 812 571181958
16 591 595538157
15 254 878672305
195 850 726531613
506 647 190206296
307 400 363784692
495 750 135431073
380 522 947096551
308 387 656001502
189 602 781207673
235 236 213104471
357 777 334508657
556 825 253660118
125 512 994392838
349 386 249387474
96 370 452586692
196 816 604402628
56 502 30438669
419 679 626609778
557 637 687953428
53 440 909661000
255 703 182516711
336 381 225069873
475 572 716751227
354 631 710799280
255 392 933745016
591 645 95106383
44 544 613510677
180 811 827934860
39 341 695632318
359 813 83702775
484 839 238066997
95 620 47527234
168 659 955439563
509 667 533046827
326 488 928727017
668 787 145893508
269 419 394395791
346 476 199959154
765 835 808292550
209 832 546055647
747 748 316687055
198 508 929171498
327 765 947269916
400 753 877150343
119 810 958515315
96 692 456524625
203 475 362291772
284 286 407703873
324 697 359350033
75 547 646753791
147 567 23480627
316 845 799123581
456 484 400459300
6 689 489047250
421 829 899461513
369 443 635887916
233 584 217456548
789 801 978734822
206 551 104563961
142 536 895747909
23 35 387141002
141 171 945707619
182 326 648609143
473 605 249550296
294 477 715787356
493 700 345812770
287 522 294314957
435 838 186064510
555 832 841530730
91 327 947049359
220 578 160899137
203 356 56909220
71 674 613870423
392 523 687882674
483 519 889053222
25 633 117874461
131 238 818430878
407 566 942925757
457 509 785099356
200 849 857936984
231 659 42680812
708 830 70495971
86 303 435743314
564 720 514130240
636 856 498567760
133 197 696323240
527 833 500114513
371 683 896143867
62 74 326162207
99 322 33538621
309 604 600208273
93 583 536425402
432 841 97741087
435 595 409495168
69 445 969705818
286 653 619866669
655 798 594374168
27 843 167443038
102 372 391638838
402 523 792157829
312 786 772672844
324 796 416267697
367 828 985157768
59 769 278436459
106 540 750091211
283 569 263693398
79 537 340377667
63 410 138283864
282 725 603969079
97 204 389418655
213 801 661173019
252 519 29805015
436 768 869411363
219 485 343798058
15 275 681016464
43 562 414956883
53 230 292606325
209 521 320832148
55 511 748825503
226 313 538812207
86 453 819576947
322 774 719314673
157 551 56818617
49 569 894943527
102 262 708978890
250 508 668234010
164 705 709005612
117 399 875364691
668 750 410861372
114 423 469449715
336 640 739213549
322 332 294166241
36 727 70892829
47 720 989993629
291 824 819528040
101 601 57173651
448 541 737939131
698 708 496042963
67 278 978588790
410 797 969943938
304 326 640101197
65 243 756591701
596 603 368060416
762 766 13597710
691 701 763523870
38 426 548988518
318 756 365812775
79 458 333110137
560 776 708863744
465 772 157107046
627 744 523952344
569 709 446516755
705 810 762633678
111 627 28981864
280 802 805252862
80 82 667357620
10 662 701355145
230 248 128959735
94 191 44084105
69 847 330069097
118 689 865129209
357 553 67881712
654 672 786002938
23 734 367658488
390 786 862477534
550 778 605179892
266 809 38451781
55 385 680634954
218 647 994809644
200 380 131162723
26 328 265331839
61 617 128705225
149 711 642119208
163 498 366144799
141 732 179871208
333 423 410698406
360 696 162873971
244 703 812867129
493 669 716293059
170 528 233176278
161 283 305801771
380 818 926837248
455 770 195412232
308 338 614598842
238 685 796248997
63 711 302834772
301 397 558312401
395 503 134676888
78 486 440593339
310 604 114431837
580 767 677855820
256 285 458103584
356 551 184680315
414 790 288027911
257 616 238794738
394 814 439378724
121 466 889587670
216 733 49766903
522 744 550463821
97 215 76035604
454 543 151853618
44 153 513485240
459 836 33506443
214 434 179895558
530 632 938305088
176 231 522205420
481 531 899779109
208 258 655101628
359 423 97014844
183 270 124734215
298 645 954668970
259 785 701386061
199 457 550517729
615 852 134080670
333 582 205360425
85 95 105202504
123 377 680863739
714 851 777134362
529 748 878215510
91 524 122750706
227 253 81543103
100 234 720414188
362 791 263574483
239 537 357549027
34 703 477953716
388 430 378200637
444 462 162177540
808 830 274190717
150 349 621685782
427 817 674079879
236 763 192288737
98 530 379207223
548 748 600658960
81 640 152717653
76 542 240296219
461 491 64601089
74 433 423834997
329 382 741470337
212 317 704068632
317 375 691795712
275 793 606671361
185 321 93017343
44 620 617383452
84 263 749848517
261 505 661378759
294 810 853823027
329 837 166379406
350 665 274861133
395 449 193675179
389 822 471547881
727 743 796154707
136 854 221691124
301 502 599769168
479 811 896843836
265 324 967154549
130 679 471177195
258 419 618899953
229 437 748854328
377 541 672407095
123 828 246775849
220 547 522720835
720 804 200859066
545 702 5828400
446 671 52803406
472 850 642767931
60 305 450664619
181 400 977397010
219 790 58976676
124 235 670531718
37 802 991131975
45 436 435658849
512 610 823444583
40 258 571791920
339 626 736858278
26 512 549053818
78 189 988888694
222 459 83712234
33 245 45730126
246 637 633048204
19 32 955620011
289 319 304699314
25 311 766263736
525 781 325138110
57 577 365208319
554 796 580844830
628 650 48291475
613 705 81787442
266 438 638807896
5
74 718
128 639
59 713
82 389
459 617
