1000 999
332 978 38643
270 822 414812
191 244 839293
471 472 565992
388 811 107425
637 668 520931
309 320 47372
759 874 312399
48 855 109308
386 477 602447
700 792 278238
413 771 471610
424 830 952399
330 546 389404
18 866 844033
14 489 4041
605 824 890435
272 841 131823
664 807 314
284 958 969493
228 591 413773
281 837 481111
260 547 152949
795 895 767581
141 887 681229
55 650 890654
35 708 59910
472 498 63118
143 685 60116
835 955 239131
212 311 727921
238 300 172706
378 617 911239
176 264 803619
118 522 216922
538 851 541779
537 880 689056
447 761 683832
227 788 270136
339 383 671605
471 997 771312
742 822 492104
101 686 443600
114 583 580238
51 515 898598
436 719 111379
542 899 619957
193 838 526436
758 904 767052
625 900 976927
226 952 947063
449 601 488930
82 156 301162
341 531 743465
740 957 369530
593 799 879208
349 756 79928
596 618 961522
629 847 510773
31 358 807969
416 636 797456
83 169 715695
142 570 85118
103 920 491995
96 351 965705
635 929 543000
190 672 762172
425 504 436878
271 995 290415
469 769 486197
299 312 401943
322 607 771365
783 990 796260
273 784 33216
29 120 658541
0 424 976529
486 830 650794
125 722 756476
625 970 872735
357 775 696723
263 561 28045
320 865 637519
21 553 424155
85 129 569227
142 276 883379
165 574 73889
855 888 473938
216 922 93934
268 372 876904
339 490 175708
584 797 952775
347 560 314016
223 484 401010
160 433 800385
746 821 423447
71 136 201143
403 644 339644
817 951 672404
713 715 772534
73 231 609008
450 566 591562
724 798 69136
609 752 364959
345 457 230212
565 813 203759
456 998 992638
177 778 856333
779 780 110494
415 781 59345
148 800 377507
105 821 807340
102 367 703195
2 582 135450
423 995 641310
874 964 937550
289 610 45290
56 716 296668
334 613 345777
46 901 766888
509 905 181704
461 534 475868
69 561 499726
36 873 207641
414 462 559195
174 357 160270
757 902 120598
57 843 650567
494 757 175567
208 942 260311
114 437 521818
413 921 208971
60 930 68240
362 848 847083
833 940 146052
327 585 807628
179 962 746196
100 324 633103
349 809 695618
343 496 443606
333 529 424071
196 699 973239
695 747 594995
369 631 146054
606 647 112774
69 171 83804
127 974 905639
475 861 834702
252 740 222359
175 845 891461
183 613 395523
23 577 798269
95 382 82805
705 754 342118
33 872 405278
435 765 271403
6 842 580541
342 794 114186
113 548 582526
55 235 865898
254 397 353571
703 814 303674
727 861 679776
282 360 350631
164 851 412309
453 773 540047
442 968 780682
539 633 146249
743 924 66423
63 524 76510
460 522 519880
954 996 332888
469 619 42283
48 912 208767
279 810 429975
521 881 956878
523 997 202876
605 845 63147
575 839 179182
261 359 390069
192 431 404801
186 836 133984
820 897 286961
13 877 649578
779 918 966707
170 721 587126
429 923 911313
560 602 643566
662 786 947400
155 960 45525
200 385 40713
122 564 796385
163 872 808435
539 681 509280
293 452 825056
15 992 730812
271 763 289653
239 854 441055
819 883 439524
4 428 934986
515 546 822426
236 407 684903
678 834 347571
138 768 808291
531 834 142855
725 959 969896
436 540 694118
94 965 82344
323 581 722485
148 766 304206
267 279 949783
186 915 624477
66 985 845068
896 948 806502
329 967 361783
578 802 184992
30 382 633405
379 774 310162
919 925 831797
781 818 328403
86 775 902860
554 835 254404
530 746 178940
224 418 98573
402 658 954350
23 807 791948
116 511 124958
418 447 817679
497 602 557695
459 681 546819
62 541 748744
145 454 697819
411 492 867970
604 984 341856
184 445 916287
624 811 237786
47 963 271153
194 734 149345
656 697 764292
168 280 277408
154 794 236691
654 744 333114
692 713 927933
498 533 284279
690 732 726575
312 360 825802
258 735 172482
481 817 427490
329 978 497633
61 551 35202
495 745 772158
581 852 129070
343 761 888912
81 831 145961
47 848 924932
318 931 945581
258 752 4564
238 696 571080
439 941 568301
209 736 216551
42 187 748927
648 654 89929
408 933 224388
198 937 481860
88 395 997788
521 793 101690
487 911 810153
42 938 662917
688 798 544336
12 643 404046
125 502 89686
22 330 470046
337 893 999024
656 825 621230
64 201 106050
578 760 855169
804 951 205744
295 994 499411
181 394 756137
684 969 153101
377 564 431255
419 426 644649
235 866 365512
38 839 87857
34 623 969609
327 704 240544
458 760 490661
97 584 42390
306 405 5061
670 878 747905
692 921 5592
505 918 288431
221 948 332708
302 795 612107
108 241 698533
256 280 720726
213 646 279988
325 748 760428
536 571 601215
245 718 742755
36 434 231161
111 950 805417
54 570 120487
72 826 575099
698 846 351046
237 730 419519
558 647 959848
11 294 737190
70 532 917089
266 285 490695
147 259 628682
39 90 83199
306 591 380882
711 780 533679
175 304 558897
706 787 28680
13 936 484117
121 857 136068
363 371 618870
358 491 427882
310 869 972128
461 858 127219
59 479 97290
815 827 254875
562 988 834431
384 841 162236
24 29 116373
43 645 843116
130 455 290298
228 826 376913
20 220 385869
838 991 473283
335 694 749351
670 877 901034
354 398 817696
189 784 845580
38 896 137648
57 900 126746
590 949 337840
408 554 681938
797 816 980251
2 538 494558
427 482 116044
33 267 788574
93 491 810410
197 824 407106
170 945 79226
27 764 323748
311 412 7492
136 813 148649
161 747 497079
173 945 402971
495 652 854123
92 575 809508
84 792 348717
45 599 933598
366 671 571923
663 930 830862
206 315 699078
511 957 847336
562 999 882655
129 249 283938
276 986 957769
437 474 458489
499 645 353985
166 370 574498
292 535 721348
634 974 336228
239 355 781469
456 934 329940
639 953 652308
202 597 895866
100 467 174331
621 808 784615
199 682 193305
352 592 225098
50 702 120380
353 749 945673
79 973 669339
453 925 860511
7 134 810438
340 450 792744
326 401 43967
231 286 578756
548 693 941763
58 943 980647
741 991 288928
178 297 860790
277 969 403972
269 736 226007
352 617 704873
579 955 126745
202 492 509385
77 796 526913
274 573 536420
369 601 347869
396 827 343833
341 633 17313
16 172 360118
92 462 126048
685 765 828619
701 886 686748
140 702 901028
283 939 36627
140 374 339668
305 380 777134
432 499 41620
107 192 506946
44 260 963368
308 409 100781
711 934 211751
411 485 317305
78 979 710594
800 966 786919
412 414 281745
421 527 357048
431 739 997774
110 289 33761
230 773 93413
623 680 865521
756 825 65608
338 354 304554
194 672 366686
791 853 792382
121 208 957472
277 745 201664
247 284 95504
108 133 927904
665 905 283555
540 706 834853
106 551 841632
397 831 474314
728 919 67192
195 257 463026
207 942 873694
399 926 135025
210 541 968839
234 334 338142
263 759 431896
630 891 455593
1 651 23009
526 559 165942
191 489 277836
653 754 201987
109 176 922823
30 661 677221
144 345 869138
40 593 387118
63 402 764641
106 828 28578
485 870 702751
1 646 859166
143 490 361140
137 493 100312
557 651 331578
135 278 378294
291 455 135089
598 859 582756
165 496 355543
735 863 228592
111 526 317807
24 587 537132
509 803 605925
744 920 316911
90 256 930243
40 454 170907
253 914 879341
71 323 142861
545 585 631869
117 615 461213
298 714 174117
49 269 506790
506 703 277848
428 884 656805
169 856 601071
211 616 998827
275 657 620007
568 673 589983
663 992 218514
314 878 548402
729 966 831789
473 917 212435
178 316 357841
255 287 983159
346 923 939405
648 829 39373
205 957 595223
336 612 238743
574 971 524271
370 379 928681
559 763 920905
229 612 653114
318 863 639902
571 785 925305
953 963 193535
782 987 827195
272 892 170059
552 718 12686
220 355 81858
75 441 17133
68 950 243597
801 996 959768
721 928 269260
132 416 748896
232 480 3018
364 466 840667
361 717 535639
152 282 172404
116 219 759655
518 956 32100
567 691 482913
146 820 173430
250 777 360883
632 860 76540
60 884 858172
432 844 266197
10 620 345512
910 977 683554
697 732 35153
373 392 398109
107 774 827810
321 596 679683
362 902 981887
319 391 792903
731 958 458673
376 729 400702
620 627 929436
288 303 854222
363 532 318865
5 862 376851
15 704 817096
187 836 677326
367 622 969648
529 931 182857
160 814 67553
115 687 278332
304 618 314965
266 638 344690
501 693 4892
533 819 839587
359 762 744094
0 673 284019
356 459 882922
600 862 34593
151 350 98368
3 290 370134
25 182 133325
500 662 848338
487 893 698175
9 376 904904
181 880 267172
483 664 361516
222 368 759811
293 543 703243
185 777 249904
109 247 729475
669 806 799274
636 767 158090
365 714 828410
321 854 658101
72 640 8535
245 544 556742
404 479 51586
168 679 697153
51 690 566913
206 388 96507
65 240 137753
19 400 504200
427 965 856447
50 197 551988
131 725 350835
520 927 75093
244 550 251174
79 542 587004
159 722 188623
103 137 308714
139 440 382754
223 403 184837
189 322 822770
644 751 194405
281 400 835861
87 734 244421
242 786 650997
331 903 482475
433 641 483485
157 594 345665
19 676 415387
507 710 213452
67 536 151533
210 563 626100
331 675 18472
844 911 144834
62 241 831194
117 335 850508
250 452 153668
225 695 191337
99 731 915506
310 858 19808
278 573 747776
423 782 610732
104 875 200933
236 674 119242
586 727 737792
218 739 780841
190 897 22362
372 512 968653
53 242 527200
313 569 116757
95 790 78622
550 980 950990
296 503 410201
387 494 951936
195 595 509761
34 463 246780
163 616 750700
513 748 944967
365 500 196754
387 832 611968
371 723 941240
154 906 892753
292 582 414308
274 383 611828
193 510 861977
577 737 14437
11 270 630822
127 350 51477
157 840 645339
446 988 454786
351 514 615397
9 203 980452
586 927 34532
26 833 210296
199 947 37699
626 767 532988
544 894 769174
212 643 229439
225 429 54673
150 253 980719
475 976 76714
451 572 945654
149 785 691015
508 842 220324
392 497 7339
516 587 345186
465 993 290058
726 909 1718
115 805 777455
682 935 631419
94 818 590893
126 720 93282
64 688 578244
483 868 990182
158 580 251965
162 699 312007
243 993 586455
525 987 603128
406 421 585757
119 426 282387
614 621 183795
733 914 486733
576 815 356747
201 982 322079
611 828 115709
39 924 34066
641 983 485516
172 595 805538
8 211 581595
410 982 969140
188 523 561398
198 507 694235
468 655 402788
52 870 249647
303 684 868350
132 981 219500
631 852 128572
265 674 276083
27 246 796418
308 932 411206
233 850 664163
898 977 62135
285 743 224925
37 505 877687
610 938 357443
381 929 249723
25 448 118916
470 476 615802
660 882 201949
324 638 456759
535 947 813994
104 153 838834
381 615 158529
5 666 619182
149 375 873484
10 907 533687
315 603 812437
659 876 481885
67 466 322864
361 935 132644
649 683 691743
262 344 234408
251 518 50672
251 569 455204
885 956 933710
611 853 556738
305 946 706646
353 856 100783
246 319 739085
8 434 395684
742 766 36173
890 968 333355
374 635 435612
882 975 733756
74 937 891456
252 708 467787
61 864 460759
120 404 820855
422 519 933995
68 545 999196
328 788 990095
810 850 899781
488 936 44470
517 869 480766
557 592 99274
216 401 56767
480 890 873511
764 981 92698
508 962 475329
70 248 588336
221 913 771793
254 464 445203
639 909 297277
185 622 397400
31 234 689383
205 300 556174
889 908 891986
524 837 613326
393 843 354907
377 720 617179
342 589 579571
22 603 690644
219 671 746820
6 430 917054
755 901 926836
118 961 166406
196 314 785124
150 301 952927
478 666 823553
298 783 134666
478 832 258385
291 668 217173
65 614 669841
123 390 363413
296 705 131159
158 634 342168
4 738 292669
147 906 540911
99 438 806087
916 940 732781
66 709 623966
230 789 395711
503 588 616201
772 999 246041
458 712 136703
131 872 892963
724 801 131372
667 789 350767
547 624 22095
229 758 26051
410 859 60099
583 868 812943
486 904 441990
316 984 41814
657 677 55717
28 222 477507
214 994 289755
778 812 777453
440 791 29910
463 943 438446
171 630 354484
209 217 627978
857 971 950939
481 972 205057
290 512 859424
217 470 356303
138 823 502100
16 709 327030
378 913 597485
17 660 868115
105 348 79762
537 696 695661
552 776 153859
259 867 883808
52 356 772212
80 262 955675
391 530 795238
87 749 458706
233 707 995308
243 964 972883
328 417 94552
101 875 404245
295 975 467126
451 871 9138
7 659 569413
549 790 657398
504 876 817185
214 726 619871
44 134 601635
224 653 294209
35 200 298388
17 628 506555
594 805 127860
89 112 952901
232 907 402965
514 926 920742
417 707 167529
395 626 100930
649 689 649310
237 686 341294
77 380 671258
203 444 951081
41 990 531113
336 881 589221
240 803 14328
879 985 314952
600 658 541518
419 886 704771
425 474 697735
750 802 735577
733 944 997594
261 865 858359
82 939 371863
390 903 8662
333 467 301469
58 88 607291
76 80 84903
21 389 971446
398 895 983231
144 420 467723
113 180 671364
75 762 831902
45 661 392562
567 619 15560
347 793 824528
468 549 991988
145 892 934998
364 528 593978
54 755 563582
215 750 378700
676 770 640604
133 849 751343
84 464 109656
130 701 837640
299 989 389774
41 139 865364
162 394 541062
218 405 679542
568 952 40134
177 255 566929
607 829 552626
337 502 496369
151 652 6056
386 885 982870
161 268 177670
691 772 136282
59 174 764998
110 435 611765
565 972 389720
922 986 969703
730 846 412091
86 307 492178
83 384 37881
445 737 400044
96 501 712929
184 325 547588
563 683 558495
348 484 329898
26 122 420887
89 307 701972
91 751 169380
317 399 760706
809 979 209743
179 609 66122
288 393 677870
579 675 356576
326 407 929021
248 477 369271
98 576 839892
183 366 846207
37 415 467496
74 655 171743
441 678 929798
448 916 558818
73 796 451303
443 770 803291
126 989 232956
346 493 390803
43 910 86103
287 973 662474
227 960 953465
20 728 461345
56 642 161261
124 344 851459
124 566 450073
188 860 168658
482 555 772083
32 457 800044
264 556 945510
599 812 913259
128 667 315341
146 954 195482
28 928 715432
155 207 578320
608 823 93693
543 719 128831
640 941 8336
119 998 187872
275 338 469726
12 53 273381
102 932 84317
317 889 316296
449 589 600253
204 396 774043
409 506 63826
444 694 563419
753 867 799205
93 915 892589
14 590 329959
650 879 580926
598 741 118493
78 430 154896
717 970 756024
632 716 340953
123 313 401771
156 873 292805
128 959 467840
213 637 898026
49 917 630067
97 520 117455
249 908 479516
180 687 559689
167 257 158632
112 629 212395
283 961 795249
804 912 516691
604 864 267140
519 580 156785
677 899 504103
135 628 445823
81 273 491115
787 799 273887
738 808 978409
420 442 698878
373 771 521846
558 776 283970
385 553 163747
302 588 577313
164 438 188077
528 608 874323
680 769 697982
516 816 223685
182 215 348675
46 465 80780
141 446 15794
898 946 829587
18 439 651953
513 944 225262
204 525 962348
700 983 450083
556 894 140921
226 753 380600
301 488 398285
76 698 916793
340 422 953737
85 606 481246
473 517 62957
527 887 436223
153 597 610544
627 888 852571
173 286 216362
167 712 142812
166 476 664080
534 665 995417
297 949 472496
375 933 277035
152 806 57249
710 980 259841
294 849 317711
642 679 323191
389 891 840508
368 976 152473
32 883 590106
406 689 231560
91 967 571704
443 555 932155
572 847 240218
715 723 295218
669 871 537317
265 309 88969
98 840 127935
460 510 127508
5
632 963
219 434
629 631
241 471
522 639
