997 999
239 963 857616
272 865 761576
296 300 27947
229 245 154198
421 642 285386
259 909 239681
282 825 28710
421 976 798206
627 661 366056
696 907 215070
8 65 714348
70 686 612521
0 303 958823
924 952 121452
118 305 105511
63 309 14457
87 114 278033
237 881 922043
84 429 565331
571 878 459915
87 962 811872
232 313 482693
256 268 366367
203 956 399013
814 989 278659
21 290 490312
444 752 136609
631 948 946505
107 406 236787
295 520 717734
156 261 827182
445 827 387485
39 979 55573
805 837 75848
214 791 445524
548 884 613554
311 487 445152
1 15 303438
183 225 684771
559 742 574233
240 684 50798
30 801 566073
217 668 954203
195 381 519724
352 869 338457
212 740 94039
510 942 486454
2 117 651236
435 690 395674
28 597 377078
270 971 691694
162 855 82551
124 490 383198
869 989 818527
131 506 958245
663 862 390813
512 782 909520
405 777 275496
171 436 108617
728 931 225113
584 950 102191
643 797 875056
293 457 489860
554 901 811372
275 579 429479
493 815 744585
113 154 78661
397 523 531097
426 730 796546
141 775 814703
150 718 6788
767 837 652123
407 962 659910
327 542 788182
346 653 498267
333 509 952788
5 398 549788
414 822 415519
323 978 529269
525 937 780475
121 853 551482
503 917 128411
164 602 888508
199 446 93804
544 834 380616
558 852 710327
302 624 898105
367 990 477390
196 747 913119
286 849 997369
470 511 786768
269 343 438813
293 899 124613
192 852 766864
176 727 112373
99 146 827860
43 174 984951
111 831 95023
42 220 21610
209 812 323439
228 701 578491
372 844 112592
511 889 618104
832 838 408836
742 773 437035
138 665 242539
73 144 606349
650 685 171742
797 992 130543
526 903 278920
287 639 779536
654 717 895227
60 204 954392
131 342 102946
629 839 980741
374 593 696406
638 876 450333
721 906 209912
687 987 153438
86 693 337461
593 762 649513
191 393 22286
258 842 565906
49 439 749323
64 723 412100
482 538 677384
409 504 472835
133 292 469208
645 922 812864
34 341 572452
335 614 839717
530 964 412508
280 487 572079
58 598 741078
297 469 801891
594 621 468629
533 547 629847
202 733 429626
772 806 807453
299 308 649599
754 957 403714
253 648 803671
80 784 973230
167 237 526293
208 555 459961
152 792 177518
31 702 164524
205 942 244401
372 401 479477
642 970 535157
527 583 216623
612 890 181136
103 210 776282
309 658 93614
501 770 328203
310 629 216341
592 877 884163
405 655 992582
659 895 971370
104 795 315223
344 872 85323
497 545 234614
201 786 772197
446 929 501166
329 940 502134
849 974 672806
294 500 824968
303 404 637534
53 495 466510
154 159 853103
515 672 89844
519 817 167567
798 857 762518
71 496 807565
354 578 629459
766 882 471488
826 930 669944
231 541 441646
61 498 962357
529 828 189514
172 566 296946
581 897 113247
83 499 358794
75 400 226082
524 632 266402
345 478 493112
181 408 978974
51 912 990042
260 979 612209
331 909 353061
606 863 294950
144 219 482824
119 172 617065
317 911 653795
573 630 757294
251 666 555990
0 720 422389
381 809 188259
336 760 964779
10 345 686922
46 906 4036
14 807 649081
888 931 450266
378 857 279860
203 636 321077
4 821 186282
330 862 423566
197 843 105142
663 811 959973
180 711 425941
116 384 258046
294 671 500732
120 432 81769
892 961 284738
127 265 6817
388 610 513886
705 968 126388
465 816 308562
317 576 604994
383 656 731114
32 211 468042
134 542 344146
361 899 560678
634 881 892043
574 967 755170
162 481 366834
501 969 747030
270 369 851101
312 985 781467
418 735 150440
289 513 520953
183 456 828529
249 549 276821
186 614 251249
124 455 764728
79 838 747212
364 371 715911
254 774 982273
424 680 219961
373 868 895548
109 418 224037
499 743 416989
363 562 45902
450 502 287826
22 33 994951
532 535 775612
370 575 390190
315 539 828979
504 804 627307
178 244 351680
242 410 143056
490 688 430647
52 552 467517
601 845 58467
568 867 464593
213 587 944478
219 570 411974
36 254 236761
45 729 39659
29 426 307681
187 369 98482
485 836 422850
59 587 462386
137 580 616957
532 843 281201
400 873 516743
264 984 674558
34 616 446521
110 694 140307
765 916 225372
56 946 161069
250 874 622644
194 653 696601
195 734 132836
20 150 919453
85 771 884208
764 833 662974
70 169 586147
437 975 499467
477 710 379049
257 808 130758
140 564 283513
17 622 181844
696 921 837522
54 981 573912
182 185 955274
235 246 922654
592 817 842642
462 712 211742
63 722 125680
729 750 323373
439 952 197704
528 549 231341
478 871 766609
360 425 284629
442 603 248606
88 897 428110
98 788 896911
503 986 473573
101 516 771831
189 379 231918
184 757 712229
291 731 577589
230 851 294094
9 419 466260
859 879 816791
521 773 561180
214 724 38851
207 411 185061
108 751 369077
182 472 196598
416 431 151476
96 464 392185
597 907 522430
47 914 379462
322 764 181354
181 480 174498
66 456 194563
224 932 156978
28 322 999410
119 553 434818
272 957 563410
658 705 190682
273 710 556679
353 720 203645
698 712 195289
329 538 832841
927 982 350073
76 565 912928
553 799 428643
527 812 477403
121 230 904838
65 893 269532
80 283 574501
348 861 784758
412 933 357290
105 113 888782
259 441 728114
498 871 335368
450 563 186838
142 792 961670
38 824 636042
384 933 61261
95 620 935134
559 941 330214
277 479 65570
135 453 930131
85 819 729202
173 790 221624
514 895 258969
301 480 779618
94 855 773850
269 654 637539
566 693 323314
102 678 138643
572 675 77371
45 91 485831
464 578 513773
326 944 644832
765 784 118306
494 985 219193
676 835 494262
23 943 226547
158 449 572322
90 444 783194
22 966 295258
349 706 307739
519 726 317383
100 551 120596
605 866 811270
19 375 164833
308 611 449665
575 743 124935
438 531 246847
326 632 536116
244 983 402788
443 926 26868
36 152 315977
2 145 144768
78 266 531780
506 994 819940
163 208 287299
194 284 154874
651 684 402646
841 867 873906
420 714 563032
163 972 464577
747 893 649205
374 425 14424
11 938 869548
8 635 96257
75 185 960100
662 883 94137
470 537 211744
285 680 934411
165 882 169228
301 430 863580
148 342 330208
122 599 773641
17 412 551941
448 795 224001
346 804 295549
531 825 943185
376 473 871673
66 161 407475
76 336 906508
7 886 919015
620 734 251941
164 508 235483
204 778 617589
276 628 849215
853 991 184377
546 785 950873
98 854 536158
93 413 64866
199 829 251992
334 394 32313
158 262 850230
715 736 874699
55 339 437817
347 823 621797
328 733 446198
283 970 674732
107 248 6014
69 573 349362
168 801 910732
233 746 432976
198 540 656343
522 664 989293
647 727 128811
340 744 892042
639 954 618851
958 965 967694
187 243 895835
1 894 232129
241 315 503677
145 213 899393
193 574 73969
276 423 292653
240 610 848982
510 848 108210
41 567 131004
263 595 784907
174 934 575833
398 677 960241
357 465 810649
544 702 424470
95 611 539501
176 644 322274
227 910 464113
474 534 397720
489 891 989015
617 880 584217
229 762 17564
299 675 967319
191 605 56841
198 677 399946
427 628 268241
236 311 917179
323 515 607367
737 796 92481
319 485 895535
99 830 313535
15 448 747643
9 674 831269
5 232 481873
358 543 391588
248 802 82387
304 955 989204
16 902 994799
500 925 999887
271 783 593766
692 809 409128
21 839 832390
132 241 682225
218 354 248298
221 616 176115
691 759 456521
442 683 726809
608 738 806092
779 860 829108
491 659 54512
165 920 605911
351 424 244370
951 978 900141
109 739 891332
112 568 245827
645 988 95712
582 824 848485
108 291 450011
413 474 203815
707 948 291179
796 980 241327
713 833 361016
471 951 997002
96 768 141829
142 604 39717
77 522 532198
42 695 382864
26 482 63811
879 885 230853
468 732 615245
638 704 107118
286 355 688822
473 557 380494
297 422 876169
190 223 26250
451 723 857464
359 681 486591
619 789 312308
242 889 330875
502 700 799521
591 755 377056
125 423 618987
508 621 814093
615 835 140348
420 548 364091
600 688 292876
397 674 924764
166 300 497051
331 417 517732
261 289 246365
355 904 69748
305 647 982893
884 887 954467
200 842 867946
389 507 777805
512 772 679074
228 327 194644
399 903 377174
101 770 233281
3 923 359781
358 463 694207
52 643 187156
475 803 404215
179 387 259143
365 737 354246
139 668 526071
818 980 409872
555 730 220983
350 714 808457
73 188 19867
306 633 546212
769 938 729766
46 761 994294
281 469 14288
196 711 632469
23 186 857592
370 703 998840
279 783 358727
86 719 218176
523 810 569880
525 577 469766
870 898 333896
491 800 259087
451 685 19480
25 215 157593
447 759 661312
325 328 617904
314 390 38405
775 936 430968
18 318 354409
387 617 709229
61 252 421896
393 900 639123
438 596 826104
114 295 912370
57 89 543505
110 552 450963
267 896 747439
338 626 551073
959 984 400016
452 874 542190
62 561 488913
859 915 545739
130 410 322359
227 452 635212
385 392 286632
157 380 694698
6 218 533907
590 687 954872
175 341 734407
81 459 243285
39 443 808730
505 790 982911
271 905 449336
682 755 466709
207 343 442456
127 704 164845
48 872 772810
602 976 527032
377 966 497916
103 332 382949
799 910 607513
362 708 8870
908 930 131601
856 939 800480
170 945 655149
332 385 181062
615 706 874108
813 934 936257
205 601 456307
16 858 314087
190 556 459411
453 627 716990
402 905 885746
661 834 63218
594 963 98202
521 609 645630
337 932 968083
253 320 182695
458 850 363196
534 709 719324
337 840 778598
62 590 806264
231 691 356855
262 908 733860
68 608 16030
466 565 532379
161 585 673754
744 935 843724
245 368 585058
82 902 531518
518 921 616765
652 736 839138
449 892 929306
43 236 580699
386 528 603768
822 947 633261
793 840 322990
484 832 920968
11 378 187600
505 928 98906
53 118 235983
761 861 783204
29 91 885554
307 831 958673
274 781 311423
411 947 756959
740 794 48039
377 721 272826
27 143 757786
414 828 245694
13 201 533396
595 901 86457
719 802 681176
210 280 948144
226 613 927316
92 238 720486
588 660 590684
212 391 93770
670 898 547924
188 236 553419
407 785 937075
57 509 348391
571 724 64829
7 560 355784
117 156 477372
560 640 360172
180 830 450218
115 623 65481
24 656 421045
32 314 519191
850 913 800141
904 935 820389
14 794 550356
233 429 341557
44 441 936725
403 754 131815
623 777 161965
133 461 642286
37 750 882296
362 878 950109
640 927 856917
541 779 11831
419 991 644789
265 476 727617
155 763 726235
582 813 345123
940 950 476130
255 561 493901
202 700 665655
603 746 229688
169 371 817520
179 810 475597
350 466 312686
708 949 371974
3 234 309052
462 550 198640
716 990 548804
713 753 586882
436 864 994796
153 635 808238
90 960 196849
321 558 41211
692 928 655935
157 701 255091
83 856 879526
359 483 765698
551 958 696810
911 953 393654
454 846 9338
160 492 853197
673 679 277582
170 774 230355
319 406 545765
252 896 26849
585 829 182116
454 607 331037
139 916 977654
59 716 744976
667 694 627472
264 584 157680
324 977 219694
38 434 350889
125 612 330106
883 977 867653
357 983 605772
432 641 389944
217 579 437217
72 806 220636
707 965 936457
102 476 236386
460 941 986355
313 488 718986
352 768 883077
321 860 619171
533 787 208826
320 669 71289
21 517 60553
120 143 786020
197 489 854809
401 949 576631
79 815 68186
649 651 311003
168 216 558336
360 514 442935
428 894 777247
344 483 371864
340 868 890386
630 929 203943
383 887 443302
821 996 213326
130 826 936672
123 225 381319
149 382 87451
37 54 973322
434 609 487345
516 769 734165
373 847 82864
18 631 347608
368 660 633737
249 667 79092
676 718 582125
55 752 424307
433 748 858626
49 854 145385
77 717 666290
126 776 57538
106 160 57184
224 349 298178
126 284 721778
278 550 436791
375 395 223269
21 266 978924
389 961 565609
471 581 509922
104 408 500114
402 580 805340
50 488 821285
290 644 166824
116 722 928031
365 648 930698
68 618 233712
258 689 476640
88 318 638170
58 64 412961
920 944 726402
10 81 906050
30 281 128275
751 793 629946
41 159 856058
554 975 521977
399 496 6459
353 919 298330
287 820 233663
703 926 756437
339 484 691272
235 524 851348
841 960 775015
89 282 281511
149 403 944291
396 460 689018
749 866 161249
147 467 33193
686 891 673195
84 613 793828
577 758 597926
547 650 312491
307 664 582590
115 178 65533
92 652 310646
391 946 334166
111 598 11110
137 863 907733
105 973 694327
576 814 576113
12 646 48608
435 805 109474
540 858 931576
100 379 111121
138 250 226723
625 738 983396
47 455 236194
112 128 894019
596 634 509274
847 925 821763
440 670 96669
24 789 112646
348 924 669060
298 351 194856
545 607 261982
206 917 835906
447 479 407222
243 569 714771
310 497 47173
123 791 751852
649 870 261447
388 678 221465
288 993 277987
409 745 69324
699 844 194302
147 263 179200
433 486 764628
177 846 121722
808 937 268875
725 741 786178
880 955 688715
78 818 834614
518 536 221435
226 380 863714
394 823 483954
572 662 390248
583 732 67053
356 445 968019
763 803 496481
535 953 38782
171 626 366374
27 334 803305
35 972 858697
467 697 283698
682 845 715169
132 873 21287
296 914 867424
697 848 804765
517 986 683527
151 780 84789
40 316 660503
586 669 676176
753 820 739775
216 671 141778
60 220 994316
338 570 125870
279 715 895004
292 851 432986
588 673 928620
683 995 940312
209 890 987699
657 974 606658
324 758 585995
236 457 488304
416 981 514157
251 472 938300
12 238 125699
537 748 546313
689 698 604402
699 973 778418
918 954 637030
167 177 40688
6 48 764227
936 969 170698
97 728 571413
136 141 861303
25 431 737186
347 800 950811
4 543 493930
306 330 305180
494 530 177116
72 589 676703
268 275 678857
129 221 155834
392 493 990285
641 760 629933
285 864 4224
50 206 156026
546 788 406005
781 918 656215
122 776 867003
440 619 915420
273 625 703803
153 968 421756
222 486 37305
427 786 234960
463 606 421171
44 246 75818
222 492 40325
395 618 500242
382 672 691295
151 959 939712
74 247 360440
404 876 379086
513 557 756494
148 234 639771
69 816 918805
333 376 332388
507 766 880484
417 757 826534
430 477 606408
335 877 870122
255 787 94414
33 539 33339
390 459 807649
257 267 502104
437 709 25125
875 964 225214
756 967 638051
679 807 856980
67 919 85634
277 681 920135
135 247 432848
780 993 874354
94 695 875063
129 637 787761
739 913 46474
495 569 166493
215 304 87891
211 900 866592
564 886 719623
40 134 896162
256 994 69352
563 819 874537
386 735 517985
361 945 268094
242 982 881300
26 589 792808
312 731 222884
767 996 882674
193 939 508917
363 633 897759
591 922 428547
155 422 49060
646 798 341432
367 888 915379
778 915 371017
82 415 258928
325 665 746013
31 239 640370
173 599 95337
396 529 35245
288 356 406174
20 988 73758
637 745 26467
726 885 639025
192 725 785646
364 520 64929
19 366 720359
106 481 515079
71 556 86436
97 316 240717
223 657 602257
189 741 330047
666 956 777239
475 782 61473
140 526 65912
260 771 287555
600 912 842645
184 923 481180
74 146 852363
604 636 216398
13 415 150157
468 756 678198
366 586 277246
562 875 423546
128 836 298252
461 987 975277
51 536 480836
811 943 856686
971 992 521844
298 622 359681
166 995 473065
175 567 703650
67 428 722861
136 655 474220
200 458 332027
93 690 422761
302 865 407186
278 827 383681
35 749 347193
274 624 540822
5
473 959
364 588
18 525
89 129
472 971
