1000 1790
439 731 125911437
244 857 558719479
443 487 798812746
77 122 552778938
576 726 494866245
673 675 32102772
111 986 31880508
832 836 576736835
166 226 866281840
436 854 592951599
307 772 616724945
233 962 529991434
614 772 479940193
482 930 158124950
345 874 542520232
653 681 674943760
201 226 155921496
45 602 129526449
561 712 70933254
355 670 906869172
595 883 108609770
157 566 848946964
74 400 498011540
713 976 19081508
20 29 748050133
441 783 272236214
294 526 840619254
418 859 207422084
411 833 773323974
524 907 437511426
393 516 989898142
157 765 157300788
105 969 37578168
73 511 388180711
41 938 685235367
368 950 314318364
146 360 133300667
559 698 815592217
276 749 216227207
567 725 648974498
564 673 805043873
354 567 603352578
108 409 740404112
269 599 399629232
486 883 170636030
179 340 177017032
55 83 334847294
166 296 11877272
557 752 788062464
311 577 227561963
258 985 227058443
442 985 43584288
158 617 826133448
132 870 874888004
26 888 974755125
38 797 621954637
253 981 250239139
204 243 526087232
6 912 701574641
139 866 612849368
636 641 870669596
33 192 827345873
763 885 782036357
148 990 218658965
13 567 271829200
517 725 647055276
268 401 426514350
205 424 234719812
358 737 376138488
256 554 189057799
620 906 482768099
448 708 506248562
704 999 331382251
693 762 408905950
257 660 71558518
454 654 161431182
283 909 390161639
892 949 874239504
224 354 169316565
98 897 319029713
457 556 873016491
632 798 35144489
261 794 200688167
298 655 666725215
90 93 476644824
305 771 211154520
166 435 958086901
526 935 854277411
328 895 466234309
178 869 78601437
38 775 136985867
116 563 763334612
335 382 994453492
107 382 927024155
292 396 617362820
26 738 243143737
408 666 908189759
152 988 526661113
181 583 453006822
144 438 312864181
167 604 555310720
102 192 97756039
791 958 178438901
25 250 546968351
258 746 685806115
570 902 284140901
47 467 55058120
238 884 23000962
552 574 73746100
516 797 124752490
124 233 823200698
97 857 985841980
10 899 138962605
44 454 660269033
865 904 414549102
142 854 778484999
406 564 973791792
581 836 963781405
396 873 331368721
252 751 876692661
181 592 897907997
488 779 922053776
129 769 818198643
392 877 444040405
425 909 825401686
753 803 166457430
650 835 254178985
196 978 654520061
110 478 661166355
261 832 85753992
559 961 840589280
212 891 891282181
184 377 116841385
848 918 211468943
363 378 739809730
45 148 892824094
162 831 593540968
197 680 565499298
338 379 366117861
471 785 133707246
412 999 609547965
272 993 992465007
120 732 299846422
127 298 157178001
405 493 947004544
557 716 11588751
484 551 388855185
451 920 273238031
80 458 19147044
368 554 576775196
416 692 903643068
86 554 424220576
186 320 425354725
262 911 314787928
482 950 153897926
232 999 239295005
188 190 123416093
416 784 712149125
225 981 230774422
131 273 136781172
572 619 376079840
78 399 943231246
17 984 109072322
127 808 245945088
77 907 108194347
711 874 381207426
149 717 22443556
339 980 483535586
697 966 955857577
345 504 676111345
60 993 189786968
745 801 452873465
108 844 243093886
427 890 580247714
89 642 796262533
505 689 873223760
62 801 569812426
216 986 50907171
817 938 255728821
234 747 809847395
278 305 838329370
69 79 396114439
166 807 450098524
635 762 543273922
200 881 916924521
116 499 576761362
440 488 960307055
312 611 423324503
468 753 623239119
703 706 658453855
130 493 42431648
287 847 143155916
791 971 428866980
204 563 360058839
333 451 764641195
396 711 966316145
168 541 345069443
3 773 26539060
381 978 435272891
438 615 932525634
126 618 159402091
147 248 726327901
239 270 759850992
32 591 966565050
375 815 55129770
510 531 490105871
244 533 468677066
170 695 176487674
458 481 142547647
397 440 19159653
285 525 62893455
53 856 202426963
203 837 373738030
201 522 998577915
801 943 644782227
112 216 569850916
472 851 451181903
17 728 495047721
197 684 382249012
689 782 181018900
222 890 21126037
437 971 248339203
674 999 789968260
121 490 472551538
431 895 339782789
694 890 945872507
12 435 894087207
196 783 807008278
408 757 643200518
477 496 527509632
433 715 556760400
599 739 380460490
842 856 983507390
302 822 593393979
41 103 296305503
458 846 853344816
245 590 373913085
375 729 371253099
298 596 840353541
195 327 289821644
177 467 730391030
219 827 130901554
815 889 937075893
216 893 360561871
54 148 832034504
83 965 73436686
322 445 480739021
690 790 12191799
464 812 176548422
376 910 438580504
341 630 877542683
429 810 563678752
293 862 963428639
115 844 976236252
382 642 293460585
635 815 629033099
774 956 90852067
173 443 984365603
96 350 578803023
110 431 621789820
39 989 72841110
672 737 258737788
85 504 48680715
686 898 89972389
498 512 439066056
230 827 845056317
183 706 133026938
210 447 931964689
294 579 367656048
697 751 412384303
585 631 406763765
588 654 902628782
110 249 589814453
330 592 112049532
54 334 185742369
387 623 253661016
389 924 493976141
676 935 333074132
128 540 138679965
199 842 388722871
124 717 972981428
155 403 305045976
112 718 648785276
114 311 946715360
395 953 116334694
231 865 870120679
473 964 572141610
17 444 961952555
63 391 492823457
11 814 54788990
822 893 427999373
101 381 189528564
932 953 901557695
176 844 416592011
140 662 510689855
289 720 550315563
313 740 51149619
408 780 345339104
58 683 680061964
682 979 242816801
515 909 929209101
316 425 216658744
814 859 752896241
84 175 407072961
593 669 815461582
499 885 827274652
280 628 495952136
566 967 664519245
843 855 99768466
564 819 563084869
89 703 271348996
538 955 413222710
276 389 271357055
110 786 116616863
661 785 41270586
280 622 144203839
287 941 221281796
38 652 408044969
120 467 780621517
165 579 541051896
52 787 565779500
114 927 637523157
399 763 897694587
289 945 669549577
862 928 830777407
196 394 11694221
273 752 336108739
162 632 880298585
327 674 162796074
34 863 353239420
134 206 379080394
60 298 80210132
128 333 470444839
56 843 895061124
728 767 884219074
318 946 160344268
16 142 882385918
217 760 345685846
604 685 72860653
453 796 603459689
300 930 931018064
259 747 554480677
831 997 164970365
281 720 32461575
9 262 47987445
811 871 495433690
14 301 450187554
266 347 282248566
71 775 910394904
294 301 991458096
194 449 362676546
286 993 125949153
337 930 979353392
548 876 254021747
273 415 794227856
282 930 289101739
896 966 194263132
166 292 946323663
218 335 148614474
68 671 916908132
27 905 173533476
54 98 693563765
172 990 372485594
145 858 371277943
533 832 632100083
201 682 921431294
334 818 750925582
119 267 226530958
478 521 613773702
371 992 837870296
376 888 792540574
124 977 930767556
422 572 99636567
138 624 536530456
635 975 913145660
101 626 905731737
486 569 615975649
465 918 652649178
426 518 778851304
249 297 213143350
134 613 844410430
137 755 476359138
93 272 361324145
117 609 8974009
254 628 205219909
5 394 59816898
293 721 474652724
3 206 797485385
329 716 268134748
412 578 58519165
2 81 410147726
91 963 457346863
23 396 512199581
735 924 328582462
293 950 885752160
422 951 320771705
95 709 559016526
435 661 564833011
635 726 294665947
744 758 383370828
789 923 992672600
387 858 569112960
679 871 138660071
9 299 1346572
500 953 457887108
123 589 29503602
66 113 53075308
75 513 137573775
61 758 927507557
404 926 325387030
285 475 828617465
385 571 34576277
245 911 500660984
401 946 143946983
20 645 329938197
905 934 688629605
794 986 818646315
437 646 482522876
242 295 557641872
108 227 335456093
24 195 224308827
441 937 576964005
232 464 839527704
802 821 25524727
136 678 224181797
529 743 557463776
192 662 593837132
558 915 112468229
42 474 110224986
617 824 562888030
739 885 962975139
181 759 655916325
630 773 126130822
743 947 494323164
845 915 399874349
179 913 559930531
570 984 988434433
307 849 620327163
508 711 753857701
58 216 587913487
430 916 857984374
308 777 916491042
114 964 286408217
543 940 59309098
526 602 180361337
619 772 719028853
149 624 575266485
592 883 908108980
92 191 420126968
231 573 298037798
48 714 184524859
270 725 12315126
746 925 542606993
212 951 94730535
225 788 632360870
210 734 232902503
284 500 435775704
92 593 374947687
53 356 779647035
212 250 639103722
786 978 227449641
148 820 583213017
362 419 396223296
404 963 750009080
93 495 867217605
17 62 722953360
223 499 295061578
738 855 358022524
89 889 245315190
478 899 577225849
714 913 391691898
348 588 820396287
250 932 270928106
381 638 727436943
85 150 48484857
88 887 270769722
67 862 264231054
153 401 749413111
400 658 446242957
558 948 468527009
345 473 120291113
35 195 780380836
315 683 98858681
236 300 931373892
225 826 280535919
672 960 888222804
61 751 244802911
343 769 25575795
32 52 635202652
237 356 255683938
278 868 69277874
258 816 541117283
124 342 67991614
55 99 186546520
236 339 179239052
297 718 898528057
212 550 250389018
248 318 280924581
592 687 81285004
296 562 517089862
47 648 839014537
209 589 402340430
694 861 773491554
310 882 36245261
596 643 153017538
230 649 334142974
30 953 545503824
277 546 601113832
167 498 56435374
461 687 948427724
795 813 336806879
810 987 458174368
636 997 935799653
206 329 556372719
78 919 197079589
524 987 582447545
106 143 273004976
802 816 587347854
186 710 163891175
387 784 199595950
336 457 370130505
297 848 69016253
169 805 307915517
181 659 373534332
631 869 872746554
146 667 961686499
240 952 13325788
185 874 96089966
923 976 246616838
51 849 851909232
558 886 847023848
408 519 311671788
76 370 979792616
13 333 353798191
219 985 755199110
411 660 30354386
350 733 375160380
567 832 965659331
101 795 893769492
6 796 233167737
840 956 385863048
644 701 147357243
562 653 475457834
226 450 519673716
260 743 263350314
140 865 459820112
61 223 752732411
776 808 279215626
840 875 31368376
36 234 524760369
804 813 101239821
334 374 589306430
182 460 758155878
729 935 876616145
864 994 100408397
237 435 603059893
140 304 256892886
497 692 461646373
284 636 170511899
197 634 557737701
219 543 809794437
33 229 393055682
642 768 824350477
215 668 471171075
413 588 127934954
423 715 163377745
750 763 312696455
58 725 803629251
61 583 713640565
281 378 427172202
145 866 731003358
277 863 172323431
62 135 792499231
137 640 773961790
584 650 816144970
447 705 348377574
429 973 491743242
76 688 80897483
193 559 389362905
634 839 199013567
657 703 177501182
210 401 653537935
626 970 515340578
216 255 638453222
23 159 286212999
258 556 791546289
564 937 35020235
210 488 791820358
415 626 1601805
406 673 95806705
380 907 956767662
430 453 715829765
7 404 845126480
366 560 158134847
178 963 664882283
410 606 372747936
279 338 572388906
587 858 325764466
72 411 412461667
6 144 699942932
399 464 703055282
357 769 31254497
442 853 380308681
806 920 263970672
452 477 528297555
347 614 693330799
10 949 743380330
303 640 40729338
306 431 606943069
79 109 432931172
218 597 608096530
222 435 865944491
183 965 575858987
70 892 321207997
392 445 145335622
269 501 901836416
682 768 245058584
456 566 56018750
192 441 601179986
906 921 707872586
870 922 573747319
655 912 595938757
267 741 620113459
375 794 881453882
883 971 908706563
213 952 975043667
632 718 391954960
147 760 864999837
790 794 303655534
513 806 252251777
843 987 798738711
92 419 604072162
479 663 94321263
71 992 137645160
384 677 413648497
147 206 737828503
692 923 193340310
4 463 251857338
30 866 929887256
113 927 963007584
163 938 512165887
296 765 883068870
61 122 259928512
307 483 633671024
239 895 715114187
290 503 3379908
640 727 489929519
29 704 363916476
285 629 289099853
578 763 916241783
508 839 754739454
184 752 107863717
723 872 457853498
819 856 4322578
412 908 236723459
334 658 185833688
554 871 653590025
220 613 973683762
50 222 141583307
666 764 242456139
881 982 672182330
5 32 888099399
159 271 798226762
211 252 221102506
330 891 477564359
800 815 978991209
581 875 377435251
766 921 696767346
32 497 72647793
450 847 885539247
24 187 261642295
409 980 586611523
306 361 928467774
374 914 118728861
783 807 279793825
176 217 223048011
62 388 59815988
756 917 134167984
371 815 825837025
724 778 212737723
263 987 735355898
70 256 770569600
641 845 70585377
180 215 396391507
4 295 742465941
7 625 17930433
430 616 474990977
248 916 980488869
198 662 460422326
51 476 245319622
5 647 177771008
125 309 130002705
710 856 772368068
634 678 474634680
433 986 663961718
263 780 489689089
421 814 398727889
506 879 493949686
348 809 832539815
227 242 166859461
472 671 582661855
349 875 514751290
758 924 985634880
340 627 447814886
374 934 184711998
24 201 558997824
16 102 594059641
543 767 771633455
846 922 967870907
485 715 576595160
56 118 260031217
349 976 601046097
59 520 955013802
466 807 937799380
476 650 153223725
672 788 95830543
46 219 7316091
265 688 509462584
603 623 454954406
70 177 181868509
548 991 871896360
491 932 794412287
536 663 294864673
477 779 327231969
323 882 13387384
544 997 662431669
747 805 53364064
30 167 421075535
285 417 885075456
730 925 987083896
232 529 82745780
5 819 548092067
784 918 258094265
7 15 321952260
617 622 765049223
655 669 124314210
715 957 95614762
44 135 57225066
414 860 45738936
849 928 330412143
112 963 188420672
868 947 515853095
473 992 865643418
145 203 614883978
535 975 416406697
138 307 103533561
143 255 223467533
544 889 715388094
450 985 683623071
757 873 250340559
251 610 3577992
906 991 16292066
258 702 377946460
822 870 234407122
542 908 583535361
266 850 123282152
147 421 165903993
460 931 915464822
349 957 231675268
828 921 184743557
190 537 651140163
117 706 814237225
545 596 768985828
835 937 709653176
20 64 34611174
100 314 344523206
552 822 977573103
196 826 655814529
101 335 513417837
197 523 118809788
440 995 79921749
95 222 854701139
180 751 996263849
145 332 369671776
170 508 482329583
312 551 125120050
218 404 508518805
149 595 280142230
193 734 281225017
63 506 307294564
124 567 912450908
360 476 791774709
520 619 152000445
337 359 170129565
233 553 17272088
780 972 722092352
772 824 701825034
202 414 213144122
799 825 939421408
251 472 700507326
72 920 970509711
212 523 545818169
259 367 494293661
552 892 108371443
436 461 288568333
548 620 882637362
557 939 383032476
502 667 387205014
205 272 441725281
485 905 65426814
208 988 286890248
126 218 452726119
304 857 980342176
282 734 524008903
434 578 750207645
18 615 120188703
530 970 326441096
224 527 75594993
63 438 920317350
320 335 447472615
531 581 441760016
355 496 485350787
460 562 786500278
137 926 911820188
57 116 248534603
816 888 85568546
82 820 96302483
325 480 123303816
262 808 812338831
584 972 386064725
158 452 959918863
355 937 669521921
625 640 937808980
459 842 840689340
385 483 521659795
23 485 499827164
10 168 286968160
0 237 764687696
634 989 880513375
900 937 850423394
139 771 389099805
238 637 488367364
269 452 743390343
341 740 418301143
702 936 95354340
148 858 572970032
74 949 992780382
413 544 110303562
503 514 737039465
81 597 837070894
392 735 985779545
473 597 605719914
6 98 733844264
102 792 26679636
756 921 274573059
151 539 112386726
380 550 601320841
57 601 11544954
117 369 417775439
351 521 344815115
292 312 782401749
18 174 380232197
39 97 930116100
240 306 507937010
159 838 229918349
746 777 545382405
493 976 890034759
708 760 312130690
172 523 640735788
624 641 17686310
9 72 904063938
597 633 324361289
163 962 205402882
452 473 51358308
156 469 12882271
116 513 851110951
612 809 481511908
597 998 331902090
122 854 129891154
858 875 883279567
14 353 925794161
306 776 290302198
58 855 523568494
544 684 127421566
251 987 656246534
94 324 982549395
310 600 973238763
715 812 601040310
470 824 315035136
252 894 107853351
213 279 514248235
473 844 764035272
487 851 333026603
538 998 804366723
138 779 26222624
635 781 694037590
11 828 394460271
42 935 150601331
300 767 197087073
162 629 340511855
441 701 898931207
41 501 297549955
72 866 91570096
699 860 254981502
171 645 591626401
491 800 13871074
244 319 291553269
364 694 139163183
35 110 405571558
483 669 285156195
163 293 537697188
223 962 302249031
344 788 9356895
250 739 896746042
132 515 213155816
383 612 398874758
696 935 925150842
651 666 309496766
154 378 206208125
62 210 264306001
250 622 926638660
279 861 11196785
47 445 900726366
573 586 518327168
112 925 415492571
179 501 498192299
249 722 494831737
797 917 232551116
74 605 169364582
534 819 290143487
36 405 201525471
43 448 177642321
210 564 519919388
198 503 440821839
139 585 499231438
690 837 115217084
247 416 427131164
97 696 404680705
537 900 131898137
613 742 103039224
492 878 341818169
552 817 524765602
503 637 742791611
0 178 800248386
652 902 403410123
160 606 166932093
227 785 993838939
630 938 246679973
478 643 36387577
687 700 169702098
132 331 288492749
870 996 864808143
234 830 23194227
339 661 918125779
285 730 953664378
325 581 678222021
545 975 80308087
292 912 295527492
136 710 859026408
527 578 731942846
37 183 369296242
264 346 124987446
246 809 202345845
69 107 130348103
141 468 391837121
799 859 331867209
324 997 9930109
311 370 174520151
27 675 237008949
491 943 125623329
152 664 171238927
531 678 766706185
100 845 729217612
91 641 831021264
367 680 70593017
250 379 472836740
676 783 538190518
317 709 499482094
901 974 104413561
108 631 939785651
347 795 308826690
210 618 600042835
546 593 433325560
434 782 430769768
154 156 185772269
203 566 907715936
234 978 707014786
295 369 119721693
591 970 656632504
512 688 474463754
467 656 437564012
528 705 381649204
368 793 382673676
576 681 64533511
386 490 68889306
247 653 249290517
291 460 704183175
729 795 959622722
395 773 759630614
518 929 447381874
539 659 501125557
391 815 100210200
167 449 949045114
439 543 113506017
352 449 812243374
31 604 337146970
307 608 855035210
310 507 389604931
695 770 197020716
271 557 793453346
423 474 342294400
240 710 998587196
185 382 278428675
291 466 391612185
731 857 34790701
301 787 764462423
188 230 388487811
362 989 979216611
64 65 243138495
193 922 616653339
112 585 688986773
192 911 155721500
656 912 575568956
398 602 587208296
482 595 672084607
111 390 365180070
326 913 489337017
766 870 413666308
825 992 432165141
607 754 216804938
208 985 517360254
526 884 706419302
304 943 243003074
647 649 992166039
116 433 74480516
277 843 37103460
556 664 57553032
95 466 949361237
56 894 417990223
587 810 287729521
378 778 906817200
267 586 230314716
519 520 252003164
47 551 589433579
509 739 296896561
580 829 283340435
228 939 282576785
213 644 82427190
201 679 270324784
419 948 344814579
503 866 975303271
61 226 594264332
558 721 563968019
308 935 935503780
246 567 380441307
35 361 162737660
596 647 830110658
24 891 913705338
528 861 948614474
53 565 497462396
725 766 339154075
681 818 292576646
416 463 901714226
302 998 114187360
148 505 201151926
647 734 840869129
73 882 703283271
15 618 592415726
215 897 975515640
488 922 679095895
734 993 621442678
348 696 432892784
204 812 754196628
120 834 315900981
469 549 372938803
271 517 94288142
254 389 881747484
78 560 857471299
31 621 103095870
214 338 390743354
249 759 831892709
75 628 598727704
356 852 201467601
0 796 491507203
799 989 966177366
289 846 425546523
628 894 959328276
48 109 414512538
366 973 346912918
257 582 257763777
680 825 605141746
316 742 127600751
398 909 808179782
835 931 128112237
542 943 945449847
651 987 27084976
453 701 484969537
86 169 849004026
77 691 168597603
647 923 506915428
523 605 395886024
171 453 674229146
470 607 976910392
741 964 400208863
37 829 447275264
16 744 830678866
826 921 546665417
464 538 963361323
885 908 780213120
514 916 383321407
271 678 629511997
351 409 301714422
682 700 773711126
556 814 656556928
343 999 553212131
220 941 128886487
80 913 895189879
263 383 2723846
738 789 577890757
21 937 418923042
896 946 829295368
358 861 382361094
165 953 535964191
313 772 99760634
221 803 95204916
287 555 826633147
141 516 235180848
443 483 77498360
107 417 543266101
28 153 399021182
6 115 109242043
833 888 379837287
25 192 935439949
434 511 539980167
362 715 705553872
164 775 596773833
495 988 159212434
300 725 508918327
106 868 160008953
237 427 63457600
288 665 373304515
87 187 95429490
322 927 63364285
315 535 387375416
853 968 58677705
657 994 846126856
543 925 789346814
393 420 143492895
22 432 336955192
561 647 276651190
34 983 310414164
444 537 168929922
282 596 911315301
356 826 527913336
190 600 22946148
33 800 301381685
636 985 989231438
194 724 204386672
524 768 332680397
877 889 269898261
517 839 428938578
46 94 952419350
16 901 955982719
255 836 226748359
269 719 272881671
591 884 887602567
211 969 156129834
378 824 500993392
45 698 446768289
371 977 431330019
309 872 17169531
618 667 558636122
354 712 460110379
50 78 387608965
110 596 780372128
98 173 113048883
359 553 108227431
381 818 856517989
47 665 809181860
206 534 392684427
460 824 310475915
536 909 932112026
416 945 717186087
59 990 878571066
95 363 189902289
555 908 475688360
649 844 511532157
583 655 630182342
168 236 516844746
21 177 121566115
235 804 4558052
260 337 269484140
309 344 949151244
134 380 142270709
248 347 785194793
135 995 229828862
274 411 867023197
480 596 15913617
568 955 106050462
305 373 456674648
236 896 489717844
644 969 817303890
493 728 86093479
529 625 358266782
477 591 91862306
433 753 775519346
341 355 360591215
12 371 140169911
49 216 638787424
116 687 507834348
389 900 856560342
65 343 411776694
150 736 154203903
226 359 754043677
129 171 326213618
586 926 501766683
361 413 675358734
294 634 873469447
694 722 1553850
470 526 321848810
479 908 889214213
407 486 560300941
319 942 831647006
348 546 427667445
178 699 490462066
0 8 441237473
14 443 598892609
1 323 26068129
191 428 42052433
97 608 848216673
80 398 281934372
546 642 800751394
330 393 544548402
511 991 727444234
160 264 398966562
611 747 865691105
82 526 677188700
40 792 151662434
241 326 145313727
200 484 421317528
164 434 194624405
549 979 102068059
333 949 960200915
274 384 454296762
144 577 33623512
376 831 68565267
522 986 644635647
626 759 57036090
521 992 597306952
744 817 14235653
713 727 951798397
161 945 320575463
767 942 409665070
723 936 164772673
245 889 723295338
254 707 274177533
97 115 408255951
547 550 199060152
180 778 193782684
117 327 653001595
137 880 205556040
903 982 254045220
131 982 389679686
350 755 372298696
329 823 222704218
447 933 361137116
120 774 935331870
317 457 273943009
583 588 283164479
107 615 46089387
410 983 270821197
415 524 841187129
541 574 166468319
271 303 365651445
307 798 202347022
114 713 190808612
2 787 203530086
324 648 214870214
242 662 445062194
260 714 756495989
640 780 838859224
763 934 328611034
325 736 922656592
109 765 964104293
46 890 158584094
435 922 206012932
621 958 116995222
508 726 559967275
224 291 631426214
202 239 886386770
81 388 460893616
296 365 654758725
59 654 203063185
542 746 366891850
66 118 57397493
456 608 355275242
464 833 517425089
813 870 838987619
36 826 363914809
507 789 312722102
133 808 617550525
639 876 299393356
839 853 818186452
622 777 389235558
1 926 214653712
895 953 916846373
301 980 560947209
243 838 415100370
91 405 451479234
104 472 79129035
299 666 729818111
437 629 771350169
250 682 885616170
306 441 209325771
600 959 89651824
269 415 830677260
50 302 623680705
527 577 579988774
462 709 139691748
236 918 688841058
124 847 168146996
724 992 771415303
83 676 950603687
231 420 475807779
214 984 667975566
208 727 603606225
909 993 845036529
182 555 425056241
918 961 985525489
449 494 210247476
401 480 906600517
207 603 440712688
334 635 754307874
479 923 754951041
540 759 201492201
189 208 57534271
410 455 911647307
193 887 750888864
372 616 309084969
496 742 667537839
387 442 686066510
406 525 414886225
220 693 378500062
403 443 55312498
378 826 523906768
51 781 271216285
854 968 433504288
594 862 432531724
12 608 188523820
518 974 639777738
109 647 517718989
8 580 778702234
502 522 353927455
318 398 717122878
141 591 706229323
636 708 188315281
245 461 213576370
229 455 25896433
196 364 289111777
230 881 885896241
645 671 487786741
68 94 4292643
885 942 62801364
507 622 651759872
771 800 660241113
429 710 262363794
511 598 429736038
418 894 988489896
10 127 611088224
276 679 673049791
591 733 789023993
228 647 587221431
123 980 488153481
221 736 21239516
461 796 612842127
49 103 82088023
299 556 303972085
497 577 750147807
718 886 369265964
306 667 894804658
96 676 440791912
421 868 583508488
260 856 976423535
49 904 86239652
466 765 836819785
267 626 923164839
745 869 469463790
16 430 163935246
515 688 625130958
245 511 698045997
286 977 548580425
953 974 538753357
274 325 158491570
202 949 291940317
774 811 140607498
84 142 56811138
190 639 848231990
169 680 108328481
797 897 511858755
212 491 626387765
450 801 378250686
559 881 303577660
44 901 103974340
26 802 281254369
582 721 435996914
87 900 897986020
38 315 707210190
292 361 354765940
643 746 503902138
270 927 284684080
331 689 870448071
676 798 645850919
28 590 749328366
283 989 285402280
365 916 213786308
186 661 845439201
88 867 401978086
470 524 873150894
239 614 156861484
189 994 271429009
235 295 297138154
377 475 654538764
553 664 969664093
164 208 906055305
351 445 549624505
161 793 10661800
562 685 213361310
28 975 748125039
224 994 751911051
617 933 487986172
153 867 436957593
500 742 819023466
224 632 945086804
373 547 43888316
165 353 125738481
32 209 719272953
265 821 213720201
649 922 284339195
314 620 299985612
386 399 204671504
120 226 656028135
151 683 639317809
94 789 417767907
155 505 471757657
251 319 49725911
210 467 630619591
162 385 236914458
445 587 533282127
820 954 198339789
488 996 303689693
58 575 205224887
618 929 430223142
318 364 704791066
564 954 13239337
424 463 489129139
657 834 132900273
246 261 892205119
216 655 810248083
446 967 242223044
423 463 609507257
453 651 768522078
75 433 492703669
10 473 775121409
37 346 503893704
652 858 952218329
58 800 800667679
99 536 250206786
891 944 304193912
149 474 540800187
200 960 465032056
312 909 780727614
71 402 210583916
565 735 174273744
589 855 951805042
249 680 695042280
62 709 989711598
138 600 972344424
24 351 710190763
671 947 151745044
393 554 642251776
466 799 151089827
426 594 29270858
286 404 86614255
223 602 721338934
87 849 336160876
436 952 296757360
457 596 511937990
560 812 97294744
450 761 82892841
269 515 581119735
142 750 440348442
40 431 78621738
693 868 795850159
617 717 134419500
417 438 231633856
96 203 148857781
52 785 969771210
105 700 21268241
193 566 974280023
427 966 254456924
454 827 213359582
256 402 421771756
25 707 350450390
770 912 482650507
62 956 608630862
3 733 286251934
100 729 249683193
140 953 515353734
480 610 983363781
475 532 460690028
311 727 730146699
213 940 462156727
294 482 672072572
121 173 413284661
172 635 288147579
910 914 428095420
601 945 331571241
308 944 493488831
442 888 899891519
732 967 95806116
28 151 250403769
638 959 322707848
586 781 73876409
623 651 504359202
204 462 269674559
418 748 135412051
415 631 120004869
569 727 281903284
290 309 770998167
22 719 239757354
104 818 171628282
642 656 589397020
549 615 874248790
152 753 230160189
53 962 519276615
347 376 937716499
489 825 338676165
591 762 278467425
747 836 517595265
518 761 360318114
522 816 261576236
217 509 768602756
833 946 582687400
131 936 962483468
199 346 275231901
492 841 475127158
399 444 353860326
43 130 387776756
545 763 700608028
393 833 38842593
165 961 352151232
862 941 737821489
513 952 990823972
101 481 83530681
289 468 417052366
141 899 831292842
141 518 557391922
284 692 952000029
300 749 271345689
279 428 378034175
274 454 951500768
33 357 826021455
163 514 396198401
321 970 281892500
509 909 354986292
122 679 637909009
407 579 371451432
52 639 202985792
686 931 16149222
133 711 260096604
394 406 541791414
8 864 71699671
455 706 680145691
120 180 637610455
240 880 385535058
528 707 740473082
248 331 378064745
182 984 48800985
607 633 29657963
228 465 258765914
416 460 758162471
426 850 305608401
426 833 710981412
44 645 608046139
477 764 796018022
638 846 293518375
603 964 519528506
777 991 348421894
574 862 844330798
90 563 472027194
621 845 713710084
578 598 464862631
648 897 217583035
328 569 296958917
683 741 424281893
8 17 885746981
113 448 392942045
459 590 266263180
31 322 639490902
67 548 437824936
455 996 752530952
611 771 722135122
233 659 90472610
291 508 482966367
69 471 969563336
146 609 142323181
377 611 41232742
32 667 159190114
386 813 887953014
710 891 723420104
543 905 814501377
144 636 576785789
266 314 508991412
409 919 195048654
302 960 95238571
655 832 177140519
432 903 97763052
175 900 155508570
4 492 918281172
66 351 683414083
626 923 823225520
82 533 484181337
139 525 792248586
83 214 566431423
95 885 354998737
344 396 321467669
450 833 522769169
188 576 752995688
778 919 644267841
352 705 969194139
345 857 302365600
425 927 814469387
63 126 525793970
6 138 656596787
246 793 935275086
496 974 480119814
526 653 744371703
510 584 885406735
804 872 716600725
207 656 363185229
99 797 929627126
282 398 151353776
416 539 87792606
815 934 627236939
137 222 848333540
164 747 280852286
942 977 547004990
349 621 612237183
301 527 300299045
642 685 945151777
25 961 219856351
214 510 139708038
345 621 596373943
540 847 787183169
226 748 270030935
464 487 273845584
234 691 383249864
19 125 10283649
390 446 175761778
465 787 297577116
300 543 906285531
241 285 890463399
158 494 352707048
580 754 461339375
581 726 765299916
54 689 166921751
471 646 308340651
58 294 427464559
749 937 984787263
340 860 838496757
27 139 936591855
83 136 938004387
573 765 467100622
723 728 745208452
823 881 437792941
388 440 993410610
582 785 944434127
757 945 829285354
349 670 139812690
16 76 493190603
306 660 906947961
395 452 438641331
625 902 522095750
618 641 652241983
427 784 919748850
15 746 33027840
47 86 119415559
241 691 703377974
92 978 758660590
251 315 989182479
325 352 687983584
174 898 472964691
120 910 795822457
73 308 351258092
407 455 440861007
661 887 276607145
764 852 111012672
642 830 477347829
35 884 907295901
136 775 2585392
746 797 949983577
29 932 151010300
78 816 827075180
239 899 351436172
9 871 528230828
790 967 730627043
162 980 870213286
39 538 8181971
275 977 415397717
270 522 921153772
352 613 195544738
528 706 481234592
504 570 69067980
256 387 732815568
689 865 974999722
758 836 202847366
336 486 130351516
86 335 913022029
133 720 371735129
278 459 486941514
434 619 627802017
342 886 338757277
397 453 78825734
59 677 381212530
866 949 344249562
14 352 233920631
413 841 766902497
525 647 547524888
463 728 950564250
489 610 267559691
120 530 510996665
262 534 665593742
268 296 318494310
147 965 28423439
129 478 307828659
243 475 422788580
363 637 399520113
189 418 774510824
293 996 480855568
383 550 583971144
90 608 891848623
511 546 962961722
406 536 967214562
152 478 875176889
499 698 52061242
380 884 289864218
21 432 972297501
136 183 925641935
516 771 710935886
555 632 995883615
100 786 836206897
551 813 963133285
147 486 967008842
348 582 938361937
171 521 111401707
42 362 883514335
241 417 465925006
30 156 904426555
365 566 239368712
637 919 602200431
545 624 29541430
332 841 232523073
134 164 557911784
253 627 98485952
36 399 926812378
4 488 33117174
781 977 524051839
357 928 138759857
435 532 396695411
228 309 877488443
158 697 341302627
119 674 3594474
30 425 367141406
2 417 793025811
542 670 370960620
131 343 628510836
290 665 133014997
628 728 804116142
575 925 158073203
168 504 592939840
68 515 357602972
591 880 973966946
308 562 548590411
605 891 525350398
80 976 818715274
289 951 511570332
52 360 139469080
572 814 882263399
362 571 398767695
275 460 135104688
19 668 465135665
221 249 543650335
433 545 904950998
451 842 467217515
495 757 134830934
353 879 395857696
157 372 177299165
243 858 574766827
209 878 290850558
125 568 673539045
5
427 896
311 550
283 581
683 692
216 446
