903 1095
37 443 795769
205 552 335407
638 654 438155
141 312 432420
19 406 876014
287 869 786745
112 833 41671
358 542 334577
750 845 37615
153 539 499600
406 430 44210
316 494 862445
111 173 74083
64 418 78935
406 657 607499
258 618 125752
663 793 685432
640 900 606812
148 401 373851
239 767 132271
69 304 510997
642 684 407176
135 746 821453
321 715 428311
13 648 530898
365 819 617356
198 509 908070
650 671 561212
251 837 524696
242 824 238958
87 346 734877
452 636 874004
18 421 234398
388 445 110595
83 555 819303
31 579 56915
115 795 651225
337 342 581406
104 414 398628
518 535 783809
541 867 757710
50 517 567109
198 688 190303
292 294 144809
294 626 666211
90 362 20085
69 79 850171
333 363 329564
440 611 431908
565 578 138006
169 667 628700
560 885 706730
301 428 608560
153 335 63804
173 515 191179
45 640 947763
198 500 361174
259 421 525064
680 879 127351
86 622 583711
728 749 901383
188 296 260346
734 753 562940
316 470 224704
152 782 915347
358 808 853996
406 893 777660
433 679 140700
145 506 807243
126 191 564357
403 899 541791
126 571 230982
306 547 105534
167 520 587047
58 424 854666
532 587 696282
448 899 580004
215 261 604268
501 591 198913
407 827 779884
107 645 323272
861 862 994458
150 756 775988
314 337 67659
153 355 726532
262 613 839045
194 454 252386
332 569 196477
17 435 731303
164 540 37563
126 687 978559
625 898 530033
125 558 376944
273 340 139881
648 856 370779
262 326 570314
406 442 956700
177 879 845271
93 835 546349
116 227 503569
323 830 984523
81 333 302765
126 890 364543
32 608 706665
461 523 582958
159 230 220826
39 796 229518
469 896 390775
82 527 656613
470 484 745236
97 899 115814
441 868 655893
190 199 155473
262 784 908819
150 564 727475
51 486 199238
276 622 810171
204 481 112692
130 848 353224
625 739 848653
358 399 358611
444 471 774407
614 778 592338
126 404 480963
174 792 737349
371 595 201378
60 245 506211
540 782 590087
109 187 861569
341 365 248511
145 516 681304
30 126 755610
673 785 942456
168 698 384074
301 353 284296
105 690 21004
118 887 221128
74 820 362612
356 741 418959
145 356 591901
325 809 841248
392 468 624638
43 863 717074
177 871 285740
140 854 768387
152 262 365967
85 358 484483
154 482 123976
413 684 310713
129 146 332234
599 733 570447
3 749 944553
644 847 354431
65 510 957896
49 103 893996
788 817 860758
17 323 915399
329 378 276644
59 810 530105
173 260 584208
412 640 739876
398 567 806951
707 785 147015
262 405 953162
548 829 754410
193 426 345462
155 622 598014
249 492 905061
467 887 339152
88 640 11931
565 755 979511
111 848 179845
851 900 257731
695 807 904027
101 337 597693
165 493 866986
120 320 956249
631 637 306438
337 514 553189
550 651 750942
252 262 439996
470 896 290777
337 600 933434
242 609 3584
98 790 115339
175 717 644735
574 776 949500
381 842 852837
69 453 648348
218 893 303420
79 731 566164
179 288 543935
71 582 462535
113 622 337163
296 367 169575
483 754 826695
487 534 351454
234 846 206338
312 872 35061
231 891 878562
337 683 126834
107 263 86386
94 418 907502
581 883 943262
27 470 411214
85 388 854038
581 757 655786
470 686 128696
616 890 530888
534 814 805836
210 358 107533
102 677 413105
42 247 243847
13 358 697910
12 329 223637
328 528 323055
376 814 168326
142 453 722853
291 399 187183
197 786 137519
429 710 381370
294 490 498752
28 153 930335
69 739 230971
337 435 241302
199 572 827007
300 623 474318
144 462 949208
198 875 731518
189 449 543596
304 838 249434
183 309 299080
183 345 656731
466 581 930748
405 778 187391
664 726 647173
107 835 344869
39 69 359788
160 883 358207
173 633 121076
451 583 580315
640 867 637625
223 749 635620
107 379 462431
374 640 920010
72 198 101910
78 185 882627
359 611 920340
281 550 887198
749 821 215295
330 772 576087
562 681 436305
146 846 163313
27 653 469395
615 618 755587
294 592 479220
198 226 637749
294 605 95667
447 858 974397
69 485 412186
422 800 880979
319 589 52895
89 263 851834
14 208 743684
184 899 111654
140 559 159686
68 520 136442
513 684 973140
76 301 383026
176 630 983485
232 766 715049
456 709 45512
80 383 859026
318 688 659235
124 154 590081
145 449 894376
119 894 436413
271 573 552949
470 825 80265
846 892 488623
346 489 877083
307 392 365894
255 766 282816
241 899 646975
178 465 787523
652 841 837885
201 684 837261
834 841 112726
363 369 637924
508 695 564240
118 635 23428
645 886 826964
362 741 592057
198 496 604465
15 596 626100
198 730 805625
579 736 280371
107 674 455318
294 598 283393
114 358 72424
643 677 900781
267 439 684290
11 216 139493
262 607 165981
514 521 398537
266 661 339256
295 650 482505
587 833 891030
54 333 743867
665 872 268777
294 733 872077
406 854 650468
7 698 355162
429 676 850813
105 240 585738
384 470 822543
144 406 945720
340 894 953919
88 123 980410
260 614 580439
239 769 104074
78 262 511959
248 834 989112
167 703 45363
222 543 505352
38 262 576808
326 441 542348
470 637 339143
175 764 367419
478 494 434142
196 866 607518
153 277 658362
153 464 538812
70 503 656808
75 710 523142
415 714 201259
198 454 337358
201 423 67696
75 520 60927
705 785 810379
537 723 135933
475 774 792527
279 864 354439
286 486 196342
436 826 987079
116 538 505568
24 592 51399
99 560 827566
442 527 253098
528 805 45131
76 538 512890
134 158 244958
161 369 100646
409 581 705827
394 631 518682
347 643 39754
301 385 163419
358 401 76808
431 575 338340
151 798 297456
35 294 498490
24 655 108661
210 669 986542
145 647 875374
33 395 542252
534 850 777196
126 364 913303
198 876 21695
121 806 155477
520 685 481688
192 229 768950
69 94 994758
164 337 366026
257 434 834389
228 882 111404
28 789 625541
187 581 76460
520 884 846858
57 616 970629
520 569 50616
674 792 625596
789 811 535980
278 305 237492
31 749 171134
333 827 716036
459 581 534418
375 611 702905
32 470 881405
280 585 805683
611 743 745896
195 723 380733
272 857 944602
599 649 251662
269 517 994578
162 763 685005
446 888 688080
581 859 21827
20 487 476685
800 823 772080
658 704 832060
153 259 647844
126 133 552617
3 584 487443
203 762 119226
351 358 755964
358 847 399885
90 301 364063
622 676 946936
262 593 131541
174 771 795232
357 634 114028
581 722 837772
173 765 446712
128 882 161232
135 846 318572
559 853 988884
82 186 444159
563 742 205989
1 89 925375
57 892 284094
286 877 615161
173 718 919875
100 534 131238
21 438 811865
491 564 113411
468 822 172500
450 534 785666
189 368 249902
182 825 163910
137 844 125438
208 235 942355
276 615 741442
254 748 462690
224 534 478455
506 646 188492
301 658 293781
402 714 32752
119 520 441783
134 669 471929
301 443 891952
756 899 447
470 801 901141
530 813 980098
16 172 849408
182 488 771528
364 501 220959
557 622 604877
12 490 298922
298 684 971276
283 755 956485
20 80 818855
432 594 79738
610 693 256958
10 349 694060
553 581 298754
696 828 606770
433 884 302967
534 866 938242
282 749 843788
53 497 158373
522 811 191345
6 173 920456
107 322 471752
52 513 946510
211 216 611010
63 476 980990
145 273 225425
55 241 786042
155 408 525047
137 683 539197
586 761 684619
173 830 310445
427 785 905603
69 870 240507
281 901 864457
133 580 385817
337 804 59162
331 806 146319
338 465 119957
410 520 986971
533 570 532534
500 508 74866
91 899 354440
336 432 262564
16 748 718560
45 120 772499
243 458 116193
309 711 224629
22 330 136545
438 757 50433
368 729 797169
51 828 685652
372 898 873738
126 237 839751
49 629 95073
69 697 194174
554 828 972173
73 126 894616
341 511 762844
219 299 642061
87 716 897080
69 767 12849
262 482 622097
29 581 718402
126 865 397844
256 337 193296
455 612 927888
765 857 647136
470 692 212425
536 640 903003
553 558 281776
451 502 943836
534 732 289548
600 855 329027
355 742 712231
583 852 437327
145 810 623485
84 396 741375
611 740 747218
62 196 912510
332 818 760790
294 585 629400
251 384 935435
170 685 939465
115 333 410222
138 763 299217
333 822 194168
224 737 292347
689 705 746535
234 321 379362
117 132 708997
171 358 288239
70 850 684230
131 270 7361
389 496 807048
499 793 110819
220 899 851382
200 899 607283
337 590 310837
179 691 312145
72 236 869490
512 534 975800
238 855 533042
249 902 154207
233 370 487037
148 634 780371
546 795 922354
561 563 357402
586 808 823413
749 752 103374
434 668 263917
348 472 819306
153 352 722301
172 684 352521
416 580 237765
253 640 80007
262 807 263635
547 647 494179
568 746 209068
555 577 23083
0 313 149192
378 684 857889
83 640 885893
54 232 942838
215 754 360
128 191 970627
417 899 217641
23 507 243785
574 828 526515
9 556 745147
125 324 825300
305 516 890804
408 495 767516
166 611 968316
60 387 841995
749 812 875587
244 749 705628
818 860 208312
473 781 665721
86 233 51975
752 775 37690
708 828 174039
69 672 461934
317 816 319565
758 816 577982
107 606 828828
206 667 347381
77 753 180856
311 620 253677
601 666 615952
21 738 527368
235 611 759794
665 899 917061
15 777 345142
469 693 813442
404 582 118987
198 819 423762
145 293 346681
358 711 268166
603 813 526209
415 713 722078
303 701 790192
383 611 610566
358 511 363084
97 655 605155
157 797 212825
628 846 669519
245 640 871038
726 785 161018
173 713 547246
292 461 426873
62 876 323957
520 678 145104
43 640 636235
69 95 392887
472 515 11616
371 785 220019
310 333 664162
325 673 958659
52 225 668700
168 581 10910
173 522 228470
846 902 639501
10 653 362215
25 838 336403
147 221 101176
406 802 875076
398 534 36924
117 622 72157
411 627 193882
257 417 565497
354 427 631688
338 536 429679
264 828 445954
315 327 928764
202 621 706012
139 581 685036
243 262 257775
406 570 405448
301 345 147876
205 602 3507
781 846 26909
65 294 793762
337 771 557806
98 828 973245
159 198 795163
611 716 523200
294 636 518900
2 456 623664
107 750 977608
127 659 638843
139 382 520590
803 846 948979
489 684 902313
561 846 514642
422 895 349851
55 630 684390
123 311 649551
44 231 59224
373 396 756869
785 874 976623
108 293 857584
629 684 562035
11 459 870184
190 322 637906
477 520 229119
732 856 671608
529 551 89915
173 295 922249
686 831 688577
307 828 459551
202 403 519878
92 437 319098
291 458 339951
262 475 783068
682 794 847587
69 186 408306
6 715 305135
26 253 329811
35 844 86105
41 107 753514
704 779 869191
366 607 783184
409 662 212351
108 702 90498
64 874 519847
554 719 180730
92 439 800092
18 697 927851
77 156 714847
226 474 516378
534 545 155071
608 701 555853
107 308 498080
308 773 475344
318 393 376583
107 531 791232
149 622 781498
337 479 102003
462 518 119469
543 828 130765
122 351 383717
96 301 23265
349 899 762006
262 794 221405
61 198 875739
709 785 615356
165 377 171231
41 779 801412
102 126 416542
74 333 580019
203 899 935218
846 860 400911
69 624 346098
672 770 596710
576 644 558819
577 642 584794
110 406 146571
389 425 393558
176 640 837457
530 534 770517
495 859 942603
214 899 299267
627 846 645379
301 777 44923
207 598 367123
262 738 510068
357 846 407254
67 622 424792
503 802 238362
760 868 345190
141 301 268942
639 886 9870
300 611 220705
406 480 290956
303 611 128632
44 684 448408
157 828 42325
298 306 793406
828 853 853733
520 706 889093
353 386 508076
682 836 322598
153 437 220037
136 448 536224
69 694 983750
358 360 555936
785 897 768204
360 619 81077
30 551 653875
220 275 544339
640 873 995112
324 470 560923
265 613 7213
534 764 405400
223 727 474580
375 632 763854
302 523 568994
147 198 918091
640 877 579626
294 589 723451
145 864 732858
719 745 810287
524 828 528818
156 828 916727
581 691 708056
46 334 687332
181 588 59526
333 467 87942
581 798 467784
400 791 4115
8 69 594320
180 881 238446
526 736 574589
611 862 868382
110 575 481915
504 836 52312
101 783 980911
271 727 506508
126 343 858306
285 863 453115
846 901 324896
619 845 735679
221 654 818138
66 173 595422
261 301 374796
230 820 840183
393 751 130806
842 846 312675
358 526 128085
107 240 252161
361 391 237987
166 768 977100
149 552 342321
533 774 985185
390 787 32034
670 708 848137
633 690 927959
194 851 604914
37 656 77685
143 301 914726
426 684 499374
373 593 781708
447 539 281321
160 584 135889
352 843 742782
266 410 893768
40 870 333917
212 376 646243
379 724 174143
339 815 596646
5 821 321194
622 832 382761
132 299 973004
535 611 920954
4 246 272998
69 227 236746
91 272 873240
5 339 181626
103 812 252552
68 225 793588
22 107 960095
344 457 703967
620 785 758558
692 891 93681
333 744 786136
419 603 913960
188 301 799350
193 327 567044
151 521 440791
385 387 817415
358 871 376883
611 895 409368
270 590 424021
347 828 996779
248 470 851272
106 824 426184
180 274 253204
288 660 766746
218 549 20245
204 801 298782
145 504 18482
169 597 975991
207 222 397922
671 865 762104
470 852 5229
69 361 276679
328 333 175293
869 899 804468
122 796 713608
638 846 479978
264 476 660531
269 284 723227
358 544 181768
317 571 93864
380 873 725590
96 498 476111
36 56 56449
407 703 356748
56 730 383752
525 749 158906
320 804 932951
294 483 581598
121 897 794460
246 843 676634
566 656 142235
8 104 577706
173 799 15334
126 751 403849
247 265 737367
161 252 334283
14 428 243394
505 622 460705
473 849 525886
170 829 147185
343 445 541248
250 721 94525
153 588 542329
38 568 250553
244 817 533995
184 297 27061
406 787 265353
566 785 756364
4 301 463587
250 333 824608
200 805 793880
84 126 968599
130 282 703638
725 880 215553
153 823 578841
2 712 35371
23 406 643389
510 699 793672
197 632 583167
278 314 297817
153 206 223387
828 878 29260
228 785 980385
81 492 610939
470 548 574960
289 684 921420
145 597 71377
337 675 354708
520 758 729682
520 556 581390
696 759 180108
262 786 435375
381 641 988719
209 737 546589
34 145 746264
457 470 531925
50 581 648500
290 721 941303
450 826 347304
237 663 943689
302 785 374222
466 745 10328
95 99 469028
106 107 232787
348 430 927686
567 662 718575
335 837 943852
313 628 636878
477 699 348509
59 444 869153
386 776 398557
100 596 983904
414 460 231569
217 861 150634
541 780 138232
47 678 396634
397 899 849005
578 828 449956
700 831 72352
470 881 976048
143 679 404012
479 549 99252
294 651 852379
283 749 665072
406 729 715451
289 666 116831
319 562 792761
113 601 269630
534 760 488828
611 885 667690
192 413 522114
48 604 43548
635 684 814477
290 722 356530
334 391 921002
256 769 501711
474 498 612890
107 138 968050
181 783 560906
744 788 786800
420 875 5184
463 485 513915
336 520 886112
107 720 719218
331 534 740703
9 731 770727
258 358 671682
595 724 592998
7 747 884474
53 775 703562
69 255 578266
333 889 610325
126 267 163718
73 212 180386
198 372 502984
213 803 861725
173 880 351872
163 420 336063
142 646 467477
71 310 128154
285 728 536950
446 846 255669
33 185 760383
25 66 856907
127 171 595932
58 544 403240
284 520 920537
380 382 435772
67 394 709900
145 402 140792
700 735 242197
395 828 442887
217 268 777164
63 342 39482
350 481 809100
114 488 212042
275 773 880631
440 621 87209
1 29 225353
367 657 738902
268 520 488103
107 377 35205
358 734 533517
641 675 246901
219 294 745436
416 557 97127
213 759 164017
668 846 90500
145 491 266109
576 740 640274
124 626 324384
512 772 538958
229 694 407473
412 840 504604
153 747 767683
173 178 557507
484 591 60017
333 617 827939
112 534 233323
809 878 482904
46 107 273307
660 785 796349
61 478 668644
301 502 191689
366 762 396603
36 531 973803
162 374 336322
126 460 831826
573 622 851696
617 717 65890
301 602 80339
297 390 91873
609 749 643057
254 406 790085
639 687 3318
280 840 899419
158 333 572461
344 411 884016
664 725 496434
214 761 187536
48 287 630128
623 689 984932
131 889 527808
274 480 773037
406 572 110891
354 507 793599
604 785 141723
436 624 153198
455 509 203320
612 718 549949
519 899 696064
301 499 199852
649 743 926742
768 797 743900
425 707 912642
359 529 779124
40 670 246682
471 749 419565
493 784 544934
211 846 707710
652 749 827032
611 815 475024
69 497 648103
107 315 193894
26 47 758456
0 34 442754
209 505 908252
464 659 217592
534 610 367274
400 519 657745
545 849 591676
93 279 278003
397 594 299938
423 888 305231
195 470 307032
163 706 609925
720 858 802767
546 605 925825
262 735 4222
129 770 261089
431 542 780937
684 712 963776
622 839 301243
277 780 251846
424 799 369505
136 790 361562
333 350 75536
238 832 175326
452 463 544840
109 236 361741
537 606 731163
532 749 224302
525 791 48878
581 681 526171
19 661 287741
419 899 883836
42 301 540704
680 684 693946
702 839 784110
370 524 614868
5
342 639
124 586
214 382
508 692
187 568
