767 812
253 455 772150570
268 652 696000769
267 660 332513569
208 373 216321956
199 704 716015522
398 605 393957551
59 303 974670959
110 216 18933330
495 726 612522403
199 736 946310309
266 430 764076104
323 449 763830037
175 520 311929677
239 643 288607268
137 670 402860674
214 762 658493428
431 724 887501614
437 698 769118535
506 657 437535530
122 752 295063827
247 430 916699900
160 550 502630458
499 516 875051560
77 174 224675063
195 673 148632731
68 419 401355457
379 425 196593761
692 766 580195564
138 181 626185092
276 386 616220537
185 351 827931857
559 678 857289367
688 739 26120707
76 472 592114601
588 671 915892175
484 580 798466925
135 205 733303838
337 386 156522007
185 217 354608758
376 452 772496536
198 458 258017793
43 513 721667125
272 411 871948658
47 176 552230534
188 365 876459668
139 413 65748472
203 294 633487861
95 734 19892885
581 582 521636174
375 617 393343073
55 176 837816104
250 569 517533288
54 636 82762827
21 304 807308736
121 399 383488816
7 617 576829701
325 666 260923387
7 169 397712936
221 338 69292252
101 419 493087045
490 491 757908947
456 494 162027483
366 484 358724699
102 312 244538425
326 338 846336856
134 475 659296009
512 683 691762798
133 605 255326408
377 618 633226877
376 471 901843839
298 405 354442030
356 406 73555190
320 364 675230623
297 402 565587676
333 757 460154557
95 525 704117973
203 552 943944272
318 750 869285039
126 195 372099962
327 696 853553384
117 758 921296947
350 364 939914036
172 588 358594858
438 623 301281521
384 532 375719066
192 526 569363499
606 716 171674983
575 755 91670187
263 662 634299505
259 710 286630481
425 442 808707946
37 128 657392644
486 629 820661247
57 298 937219423
56 634 950590465
607 625 958011550
30 611 847053772
233 461 698796104
105 475 84983362
242 475 589915815
319 685 350440529
113 359 881485929
72 404 476664494
44 71 505749555
131 232 621356309
103 464 885186222
39 191 117739279
236 637 915093642
397 608 319916184
51 334 850234024
558 612 302292837
561 764 568398196
331 726 657211594
388 713 297588800
561 711 736490560
257 397 907014020
131 314 288558518
31 763 356471256
158 257 552796296
39 655 681825441
128 633 657359577
249 737 522527762
161 448 89309183
498 577 54120543
155 283 938418868
111 293 895317401
227 497 231790862
70 268 125035580
244 399 941819826
409 483 148018566
508 700 24019774
445 565 301222361
64 253 816008999
185 321 382134133
275 369 535348590
5 510 949142848
365 737 911331167
589 675 464217107
328 525 811633659
145 240 445655097
301 764 463509383
519 664 551669328
428 522 490803495
299 667 601625843
177 472 897690157
365 525 48164979
241 344 731717370
81 324 672911111
183 310 965328577
49 455 117478389
524 594 54484313
28 450 259186999
127 621 628661178
44 371 313130877
239 331 331336132
281 516 561027622
31 742 156349416
200 494 659233623
46 424 62639947
61 490 852191091
273 603 576120606
525 688 113291947
85 504 917437192
584 708 137144633
460 754 355470441
492 714 905790177
34 104 970092518
469 556 130147467
633 762 281957897
85 227 137787434
661 755 862508095
341 487 717038750
279 631 830137369
496 511 271688318
119 429 273266366
217 645 762131062
57 211 493141394
124 336 787628111
297 432 238798478
172 232 690472804
52 259 808780886
106 318 158619653
154 264 954860966
548 649 22942494
343 557 947560583
446 585 542956144
389 740 63487813
195 554 131405876
67 697 705554696
64 447 545750714
1 126 100167185
421 728 332663917
349 517 963240842
301 308 600856020
192 698 785412242
220 748 933184346
240 617 191577529
284 379 609793068
84 687 153022657
345 443 163322401
370 626 929773927
387 713 665565760
265 387 656308087
304 394 991374525
195 731 377529542
273 500 223372784
30 370 274992162
103 139 252542952
6 700 831211176
131 282 171657763
163 709 78276733
305 619 948725342
88 142 221109066
421 467 858262716
316 745 991149978
106 516 80924476
70 743 500905037
91 188 728514914
45 295 31823236
419 445 472286657
557 658 220980764
126 535 242682397
210 414 653873887
198 399 552925811
313 515 701555089
87 363 807117740
178 508 142028900
92 674 317290200
60 420 291207504
277 555 142980777
292 402 755366222
17 669 23032530
434 598 410831471
357 653 316184639
401 492 204966967
527 569 239983693
36 651 6804481
307 376 628149368
45 331 816660720
67 449 182764384
148 597 953402010
652 692 961221911
148 359 92686494
21 673 776158012
116 515 390416558
108 501 842461473
46 417 581713409
109 355 496653422
292 435 367686679
63 703 810529276
38 245 564526910
192 410 124679227
187 370 222118559
468 630 39979905
27 636 743519350
138 254 116484430
331 616 916005768
570 587 580243852
341 401 991891045
721 753 470007756
174 209 176210779
160 699 668925078
296 457 80391930
128 352 470033843
53 497 314052553
156 461 31990531
143 315 573719029
294 761 305738355
527 765 836687772
109 258 504777266
231 374 411110906
225 387 219009222
443 723 124285751
267 511 778781928
521 762 800269220
359 733 45569662
41 200 80602366
289 693 645508325
88 694 427641292
494 649 433971857
324 466 953853450
296 488 826297154
312 515 965769622
353 482 373188499
263 368 887760884
480 509 29744696
121 369 321758965
449 555 818894097
92 648 365129272
224 596 713792844
651 735 720332945
573 680 496342931
349 451 887218576
55 579 456391507
76 462 800588379
97 403 73450976
261 531 180012581
593 647 677546675
26 256 831295515
144 576 139793716
142 590 508477735
119 315 662800802
28 188 615142629
273 657 433188484
13 555 250520568
425 468 572261038
332 606 194457227
256 311 956616115
194 648 613778253
180 539 412738176
395 425 676468207
102 205 728504330
291 708 408246472
138 174 246629580
288 626 895391516
587 724 670697885
61 82 210186430
48 246 934285433
462 619 389270373
326 651 913795445
9 181 545005082
205 234 45493496
272 556 974946850
299 638 794025604
272 741 147681637
595 749 539133074
210 233 468931390
206 481 20645456
300 630 909693622
75 271 704446853
26 427 170533977
168 210 211360140
69 172 485784293
230 716 135383077
370 699 926119916
273 348 9259148
80 376 976254771
0 560 719862955
222 381 716345228
503 665 954501810
55 751 10019601
459 574 526580627
83 687 982183538
256 640 110220594
250 465 28576887
183 366 986659838
190 279 336184651
3 171 176314513
98 502 336502690
50 441 909222268
11 391 491067584
500 521 978591240
11 401 488131634
170 706 823893423
542 617 418821983
93 522 804776182
423 459 396609957
353 514 604474972
546 549 853663221
165 689 616382590
197 654 425730350
32 99 208723009
705 760 264237808
204 413 933471015
427 544 965965502
64 313 920824951
227 398 764746026
205 415 778247955
360 504 193624976
18 198 733474657
420 528 584433042
261 384 150664583
465 686 24361235
681 707 981394423
446 703 543832644
533 675 815583848
149 193 548739258
178 274 332394560
444 502 968534186
618 662 753440706
223 620 985927055
391 479 426887231
242 674 179478997
188 523 411945290
5 138 440999089
256 675 503122064
130 134 946670628
127 632 355688412
394 530 779346642
124 162 855968040
451 674 199303953
578 731 304113894
610 701 338719555
148 728 212866385
352 531 882591952
342 348 927735473
635 671 808429737
161 590 489772040
377 403 302322944
102 339 853385467
104 601 200279030
355 628 926601093
250 372 681468376
333 676 861485623
475 519 754667830
63 571 253462396
481 753 258481795
443 721 798199985
29 358 308349318
439 681 902387181
216 581 8057196
95 385 592434886
669 680 212923492
316 647 446430735
535 727 542572301
247 398 835440083
297 475 325864517
248 450 177976449
720 726 366071172
147 669 184540423
59 405 544278097
426 702 881183894
380 653 984271472
681 722 193253
287 438 262392198
167 504 484719087
677 749 616757990
106 108 93536684
411 585 499970810
276 287 271057745
412 766 95925973
193 555 468421255
181 553 270693242
157 162 64114340
378 541 778827236
364 672 594498978
5 410 132852708
498 534 599049322
314 759 84982521
357 704 971517543
304 319 327566822
298 455 254741019
434 540 885299563
245 418 360831477
50 575 355279254
546 733 527528755
113 175 642508025
70 627 789586441
356 586 333915135
475 685 17525496
195 605 372072736
2 330 814484905
197 676 205258932
108 642 672724267
55 684 285677390
23 254 524528276
271 512 883069418
383 439 350475842
295 621 834779857
73 127 910160452
51 494 652540089
20 46 874113739
477 689 78783196
51 266 53992567
455 743 609404531
192 547 711420974
95 153 847175417
89 600 444924794
207 481 234977936
361 613 251296331
475 655 351029312
10 316 574572351
24 715 226793000
152 484 161656914
354 705 515769872
89 195 632307464
8 98 690244648
262 519 456574637
212 222 897257729
101 128 291486037
141 387 514227667
344 545 255213346
2 532 677491731
129 487 23177058
29 626 225628583
378 543 542781848
22 94 605147036
316 663 343914257
34 264 263095433
299 641 260230846
56 693 563867557
302 712 591124568
237 477 217199168
223 679 997412525
161 706 6635901
74 112 969895075
373 716 222817892
79 80 778826355
111 597 673511996
309 566 889427272
257 648 766463574
8 640 877953918
93 323 722522407
405 558 946795567
16 691 453864166
202 438 154411163
288 404 886350920
150 501 408593337
0 382 259508897
152 511 222629520
447 661 469159446
83 567 786551093
189 389 514898985
338 597 364974114
249 617 626563686
278 599 81643880
92 222 374587703
177 347 534841663
227 665 248151645
31 329 759771592
355 553 813985843
240 739 596784104
164 355 245577587
519 653 683585336
311 387 553073610
538 659 633551352
468 650 362991062
17 441 681154630
408 609 833224339
399 437 93478749
592 648 268871655
434 537 67177595
345 564 983147970
408 464 474908117
488 613 455133333
364 690 709655190
136 745 182272367
283 392 920799411
235 634 632207171
219 224 405182738
35 532 988819320
275 518 626551640
270 752 221032677
34 573 120348247
18 272 52413705
463 511 735371460
299 454 571669701
602 654 868597498
107 533 103829850
251 468 570979902
415 679 113589795
56 465 49001024
228 543 204863102
504 659 353913361
439 530 364908993
577 701 586353968
284 508 230819171
114 499 491697254
418 732 412712725
0 695 379852597
561 594 875802260
173 672 679873423
597 689 912757948
644 681 91224788
121 404 927267738
30 764 956991501
258 260 988076290
212 681 995599752
268 294 951023175
166 533 214291315
286 568 285208756
49 523 549547354
36 547 706262122
499 545 248357546
254 600 771351300
25 226 448516357
65 630 176507790
51 324 199222429
528 687 559682952
115 757 887860118
40 453 457868188
263 270 775112345
48 195 123915241
591 604 299119496
436 722 404455188
140 514 139746585
551 641 993454597
59 564 161464857
132 252 848004321
136 749 841230012
115 441 810359668
128 130 787955418
186 437 765269923
61 566 328902008
18 218 890307200
151 227 902855440
40 184 956495769
558 713 166827787
216 634 802304168
665 723 414793434
376 718 711455787
336 719 398346609
108 191 967133880
19 485 645409162
353 493 169483847
32 679 170794189
16 120 76418582
204 317 669493096
295 425 640862492
106 636 689810953
280 311 335973031
118 684 826963856
61 471 826777467
381 456 954108764
433 705 541679426
125 526 657769365
24 719 342834454
462 693 619865422
44 202 679049033
182 341 485745578
92 694 338364491
8 99 761753318
81 486 240788726
173 418 288630688
572 716 843834950
300 302 371216749
436 536 509764523
306 524 14933018
395 668 513690406
183 513 227285955
340 606 709386308
661 754 770845525
599 643 850924021
13 119 290407689
399 467 318737435
367 473 510999913
172 563 668019860
377 638 3201573
416 632 646625086
66 384 587113525
291 476 258926538
414 602 55151271
346 408 598626830
3 145 663019600
215 676 29316620
279 537 449721580
393 559 906679065
343 473 496141097
351 702 645885450
94 622 430930187
302 308 617046870
12 675 503413971
15 119 292758189
236 646 837038048
398 505 617229482
92 672 253071763
410 645 983554808
228 678 186425292
20 587 854721415
161 609 552098858
614 731 719794649
51 335 683755176
160 670 399161513
474 710 43168116
42 155 521010054
83 418 82168736
463 677 571222571
277 378 913064223
146 188 932341068
695 700 957100013
87 690 36030367
249 285 604271578
453 497 478731320
233 601 4153744
80 359 103652457
593 685 941800696
228 229 559493052
478 696 686573963
147 536 372266725
15 734 639256940
116 277 113933896
196 212 322645327
150 255 316646434
33 126 444211394
51 414 645778699
163 290 37175205
393 400 935519976
284 639 980683418
25 120 669493590
2 591 263919480
57 404 991587273
141 235 465877727
519 744 626828633
129 390 957536726
23 687 586601943
535 734 621311969
12 220 317242076
407 481 535465750
454 719 864100463
209 485 286202948
178 258 951159659
491 747 103979012
615 748 690423056
398 636 430109200
100 763 104923826
52 347 445717550
177 280 557802996
434 457 505557845
289 339 970860364
28 238 714762173
183 717 873582429
117 346 277908811
233 682 730873762
314 621 772215368
46 144 478469902
229 362 999219110
291 610 428317012
159 763 612216760
260 622 585076822
171 489 765207096
234 539 743582814
423 666 667556115
236 520 625391070
382 507 995722887
58 346 996573037
203 252 751641340
276 481 848366025
276 622 389664181
96 362 289346407
179 730 622013138
322 361 45240851
433 435 439118919
256 392 705337491
183 761 493309394
233 510 689759502
111 300 46019924
338 402 270675808
244 642 624868775
513 656 298607012
74 222 604068096
226 678 903952570
9 380 330794350
179 580 645930484
543 596 144873275
426 749 278687654
213 518 301664911
153 649 987597118
243 620 328403614
683 706 408915839
275 593 13460135
207 576 931724340
330 409 535614551
681 696 378466802
122 607 738914240
273 635 783793101
571 714 560989607
687 739 254235838
171 422 595847467
113 318 802218685
15 87 101749550
82 460 463185063
562 762 728154930
62 543 41611050
738 756 702901571
290 384 229915422
201 624 189242165
482 492 223785724
118 576 190598218
129 581 707717714
627 756 64408071
496 638 178474488
75 746 639154812
4 353 98721291
307 729 519815171
316 686 483360812
14 506 755163797
170 423 993178712
169 586 500814648
95 269 951088921
90 517 968209065
317 407 487888398
203 592 969199228
254 470 123873499
37 754 280795647
107 551 978817826
44 591 943550134
78 169 760039708
42 96 87866303
192 346 330315439
610 629 297735696
86 712 447522065
370 440 25444888
338 389 208952788
43 700 943261341
5 529 627660100
557 664 496396865
568 660 919977425
458 742 965988880
273 374 813519422
123 606 816794867
337 514 40374493
309 624 653724665
62 509 584740746
230 385 102873745
583 728 340056482
226 345 448276836
260 653 977765060
396 624 385727390
83 725 953225077
111 279 307734256
57 501 381711797
677 685 923716139
5
308 516
142 442
335 595
215 331
545 638
