1000 1861
372 453 947883630
340 678 820265446
500 891 642744558
269 934 88868262
550 830 884900314
668 885 483931867
357 735 912695560
28 214 971816523
141 277 351170396
378 636 229764164
89 632 221622945
546 986 499824882
407 794 991528245
657 888 325758790
739 806 862883768
366 630 571735110
324 671 689730868
821 958 749725700
16 817 839207088
43 188 150973772
193 741 115645875
551 589 78085671
272 663 604699680
177 538 18620796
258 900 405707716
205 670 870629378
352 456 662955056
157 869 709802814
70 960 107250093
103 124 582439973
496 690 189168197
10 242 256056308
340 511 501580752
521 560 842038267
51 405 820053365
168 382 476138217
148 747 528105749
105 151 949698907
589 645 303296456
478 716 612887108
335 695 381090205
499 576 652459245
649 701 673174720
260 661 133945796
407 683 810370730
235 642 299288168
536 993 3830744
386 426 334847552
404 980 616626708
594 763 788739229
479 731 829411058
64 886 810082463
45 436 531522602
91 781 130057333
647 957 293297379
270 836 668171716
274 595 199599246
410 479 53765063
62 139 66590075
379 474 796541925
370 578 530745853
387 815 242208082
824 891 669754066
25 320 171978486
233 459 762575547
711 723 476413331
221 947 359025746
388 558 666403556
684 919 98225327
228 856 178745322
646 714 460622396
144 391 864858513
727 891 155015082
452 613 669994237
804 915 889610820
118 637 423609101
154 458 487235020
70 525 440799196
299 801 678493119
247 772 910430620
440 716 390603501
204 547 570859149
494 510 267756075
40 937 757680491
339 523 347156798
787 926 63344898
199 674 71783603
376 778 379788505
356 595 56400232
86 980 75260628
17 736 229869388
440 578 393546558
312 715 660629495
146 670 198199896
188 310 518868608
702 958 949552529
59 435 354568223
519 640 300587510
656 828 104196175
434 476 432206605
264 760 907495997
32 201 52663933
218 954 85972440
126 387 847400515
305 393 409665351
646 901 78870881
477 708 694290851
653 922 32361650
0 310 983986171
142 170 659883243
442 579 802178220
177 302 788335481
311 350 430710129
557 734 682390588
758 905 343582713
53 826 859566404
842 848 627499545
92 438 843857011
280 632 630136410
12 414 83802303
9 88 6566190
212 406 298573662
426 757 589964435
84 212 319454841
299 365 422495381
324 869 584477201
925 961 554004358
433 591 229283717
241 946 711779976
659 760 743873945
534 846 732588986
439 788 537462835
220 904 470534026
250 593 37006478
420 733 464638294
183 488 390262348
32 298 633887056
238 839 471385650
293 461 998549295
558 696 252435839
173 386 73025776
266 831 143204638
92 947 10032437
534 697 477449932
54 648 808795755
944 967 125951164
254 662 354281090
605 970 867502192
117 412 348984669
73 380 830692970
341 620 5259252
809 945 82409288
120 391 299842467
279 913 443355891
366 679 765842947
594 914 800863578
532 884 265234949
354 910 348423537
474 475 237139919
301 490 224050750
198 544 96639096
136 773 731204049
453 793 716802111
167 853 657049114
552 585 204693164
647 909 151833153
493 535 105693631
430 971 91862003
509 844 74492917
564 750 16285456
307 363 725564251
111 370 488585968
619 881 394746575
684 734 659144372
400 987 715982109
332 615 171493836
135 611 950459624
155 366 329416188
679 990 232917704
40 331 500817638
97 178 291754291
374 432 959452985
101 654 922830869
97 112 944501765
340 857 485211754
502 776 13464166
244 986 363680616
141 561 38549939
34 161 290749077
208 543 153425936
890 984 355989778
686 847 315675577
163 339 733206127
455 600 457990670
81 382 337958124
159 377 10383963
652 684 880408045
411 984 345922561
333 336 723528334
203 851 217970946
340 399 724087560
56 574 867773431
385 973 133200319
18 282 114259346
230 267 159221996
320 618 20941097
368 824 49558926
399 599 171275720
1 457 859500343
60 692 129700528
577 641 958030642
808 954 395308858
406 919 692001755
671 923 239621675
620 816 558478477
113 435 468644675
96 967 738195863
661 687 973645471
397 676 206084971
788 915 224206983
21 348 305045645
455 815 684031274
650 974 799383404
147 836 282203038
862 944 324611725
513 760 395104021
303 796 781869185
78 627 84807310
129 347 219172147
148 956 80288824
499 980 670004403
91 718 332353971
29 721 342066653
171 312 815610894
87 877 196472802
290 820 1266415
69 263 81186010
96 161 626985628
48 476 742036933
66 544 307957015
407 884 567850014
101 237 290644607
557 870 557205627
132 882 233241919
144 289 326923375
14 555 297724702
48 405 762103906
609 953 112780122
352 687 225102474
182 489 171602514
290 302 753390515
247 759 612310839
722 899 691678132
2 932 885853610
575 853 460721656
286 506 75301332
298 591 728944256
543 793 743527879
11 622 13607907
374 389 509523335
451 470 679753776
361 503 233845794
700 930 768460046
880 893 174837549
135 696 724596722
307 441 188871351
494 946 154437676
150 770 755286423
105 222 596065810
485 747 833155006
141 773 944506508
306 774 507947265
313 517 455517112
750 911 716095809
142 866 459516100
727 826 137418769
604 869 817867640
264 427 26251413
410 899 466174784
119 945 89819063
227 418 797555244
266 926 725057167
533 996 387373991
679 888 547907258
5 870 770864544
730 827 139047906
88 767 70909261
306 925 267072785
38 570 568429973
285 557 226445485
27 720 375961720
407 852 86911591
81 616 890187473
537 767 691594991
463 794 4717261
419 698 369914590
45 68 446088186
680 953 820924487
77 932 328703150
103 608 827030365
192 375 5451779
253 941 956184747
417 477 140079803
202 533 52693017
165 670 376822748
209 253 822803884
190 581 351862152
345 571 92965073
92 221 17774634
316 837 594574226
692 884 597950499
393 451 458258105
276 362 723116769
675 791 168007426
376 838 302178649
540 762 588419669
563 828 164368892
576 940 987139834
328 764 677042534
236 465 956915226
428 433 474850044
172 484 271342778
669 958 523804076
304 850 13190074
707 955 44521067
22 82 131100286
583 823 335270946
324 975 9469324
249 789 106430596
33 601 374226367
865 869 801660026
211 770 534461506
410 981 613752118
622 965 639761666
761 792 803354188
253 383 52673196
253 993 530036638
332 491 719242729
437 821 37102623
402 795 145930771
182 752 685457994
863 979 663383242
143 771 224090004
283 942 185164535
96 851 23101550
116 821 757152105
506 683 235018945
451 557 745839996
628 869 749035580
512 957 594157539
862 968 635059979
17 771 961772323
95 521 505625368
13 30 727376382
401 996 671627687
145 837 857400399
357 517 9425508
471 918 99902105
554 830 872459525
796 926 384426332
344 412 765932073
677 812 856456106
163 800 870785774
103 324 723638739
673 971 224484771
718 947 716063044
904 942 618472474
714 783 646604825
587 819 868333170
225 489 215710262
471 509 707088911
378 391 650139987
730 869 954105833
226 979 12418394
113 473 902303886
50 242 964477698
84 406 354711546
72 610 318073010
388 966 429190547
423 761 561138332
158 769 497358827
467 651 795444599
396 602 707826556
112 526 478622975
374 558 193798856
714 901 53361757
353 454 42771514
298 311 126045626
343 522 811380324
158 886 157458190
261 695 197519047
164 768 868228299
323 816 124922804
82 732 680046512
330 677 618851879
274 356 160450151
317 792 424578329
255 434 193834321
20 94 137749068
592 699 137722800
96 203 96879498
505 907 794486936
42 272 256189048
35 801 363122296
142 223 887585619
187 323 132265095
180 649 681861618
430 673 177971264
292 713 396760811
369 839 769243760
114 421 32392554
639 999 719259886
677 787 542529195
769 816 791354160
102 177 870536355
40 512 388514789
685 887 572674856
740 782 277666820
67 765 555542345
495 650 311509441
3 15 167295960
276 375 328918500
522 629 942094339
670 832 504965775
163 462 321490843
439 458 245155923
148 780 29770980
496 887 816879178
320 496 834971163
443 839 647955942
831 849 37402793
49 466 83156344
557 566 953544712
126 488 621691219
682 791 115589491
124 713 307750545
352 769 867365996
248 747 102400645
270 396 238349625
518 648 369107612
509 840 90651088
491 702 137533349
800 950 796716134
532 598 11871001
296 633 439214683
90 172 779564619
303 507 861070523
429 658 450396505
769 886 385879027
418 615 415215729
722 814 12298680
808 966 693485353
528 684 93934606
84 474 793909296
547 993 937329634
151 366 322589767
32 287 399463803
120 660 273351708
26 114 133668702
402 918 740847190
5 618 47681418
224 802 488659606
746 921 810699014
1 795 364964300
569 600 313090462
456 693 340038440
673 997 885426109
860 878 402420550
917 940 262103606
55 863 81475203
334 969 850940979
90 150 364430115
63 152 461685607
127 529 344506421
293 297 366383738
7 666 988153342
170 192 519290702
216 982 341186959
354 728 193454214
567 936 157915534
685 802 842925957
629 935 349669156
140 152 353423699
113 116 754408861
380 790 62389539
321 514 51778415
634 750 253503611
176 665 260140741
747 834 475093031
699 859 163555630
111 663 642600429
68 443 172193199
65 387 138392933
472 952 969972555
9 993 896926592
350 469 530331515
20 457 879095132
522 537 401843857
81 166 519343701
207 340 296884781
8 818 310374486
170 580 734765846
516 749 122764717
192 321 638885087
301 449 105665793
56 940 474889582
617 855 995092688
204 876 971973505
810 882 501657074
24 170 895735859
452 732 935689331
264 310 739648187
580 694 888931795
160 289 324983043
295 871 985394301
257 358 461966328
80 480 128847283
75 611 388146672
391 660 92210927
592 723 536188750
97 988 515084098
760 903 192558064
217 371 723493233
819 852 641538475
584 803 276637669
396 938 87773419
309 914 186274492
245 669 132120333
197 398 631668990
510 946 389579556
422 614 678015964
314 753 325734972
93 950 835653821
516 911 193796131
206 784 323785071
482 879 309321889
267 401 390864181
465 776 994383468
173 635 642233470
638 715 496785942
278 407 497350999
194 381 283127520
273 340 594926237
85 104 636789755
81 168 481946520
130 189 592356998
83 85 114204144
382 518 963641982
431 790 747515553
131 272 597368492
218 808 296501539
167 782 437152539
188 242 990189915
567 612 817954324
1 229 742906362
36 218 609555562
56 170 741512923
594 882 159251717
107 573 99146310
701 965 22466328
639 836 6552643
171 988 608083394
785 805 311961706
502 644 158038152
810 973 492680362
201 240 547164400
170 247 673557776
308 640 718127465
325 823 444361395
78 364 405315431
147 925 541220662
156 980 71904883
723 807 106597982
561 972 867634397
404 904 423654458
446 761 172175561
485 651 722991369
557 762 847823757
158 917 546084689
623 744 245116170
1 717 811660056
151 155 322423619
84 375 689219634
282 843 155820907
104 235 142747235
94 460 294809696
57 338 760004103
12 31 839596864
6 958 366847768
312 480 324660274
227 624 107460211
355 461 212895798
273 450 122120509
675 682 279481988
334 872 186613242
506 791 568106881
358 423 383953048
832 940 869955676
143 950 111921758
166 454 685308687
14 74 657551998
246 910 658076846
366 441 572807450
30 649 768566773
217 649 2580066
228 530 428151993
548 785 862844739
242 731 240264395
68 444 600164667
328 899 841772496
596 719 254061532
317 883 193355166
258 425 310964436
453 961 78915812
41 543 936850754
50 280 36750353
697 765 424694008
93 514 114422935
29 51 436387623
813 982 621959810
190 552 850449575
531 853 815641173
264 730 529220735
248 834 37441235
401 510 691367266
343 358 911212411
271 858 606531411
470 602 735049638
637 795 846198381
112 732 38478513
224 308 804261968
61 179 299917086
412 952 226745691
354 656 891597005
211 734 278892363
558 853 957105799
441 757 843021504
135 352 975930417
271 804 474838216
432 433 952643964
516 886 849285400
397 894 596095914
226 458 791076240
661 677 800022938
500 963 84907323
849 991 974132867
58 897 406105316
441 874 684967540
512 800 251376180
330 585 500473799
311 830 589631567
545 786 412298060
453 643 660881604
520 930 955519844
195 885 6798397
294 937 381502797
331 419 402520993
292 372 698297660
692 921 465100083
366 411 941614309
774 798 144351501
340 968 946221218
215 981 815717711
644 776 79920224
739 902 465145624
625 796 787100808
79 310 879668531
166 438 760589882
50 413 977822577
906 978 495067938
582 771 917824572
130 214 381116028
578 616 695370171
200 937 765921363
63 140 255131795
109 955 466276383
234 827 361208068
33 507 778408164
275 560 148636940
77 562 184070123
528 919 292405104
851 906 880604101
329 380 4648373
89 745 726293393
773 906 399690251
180 429 111113280
287 317 741693320
524 846 512754005
121 597 577470466
416 425 929350101
89 130 936742572
266 849 249839701
300 935 196903912
173 426 245570763
229 915 953854549
103 888 284724406
341 958 539011083
467 764 87167941
485 895 472631313
383 691 227707491
290 539 365946223
337 933 343371395
326 541 444742830
525 960 307517151
93 974 780299415
310 465 97087031
111 476 893425128
645 888 650474342
300 629 57123819
375 523 912707326
279 409 16084025
486 529 234640661
741 762 915207550
169 488 379074377
7 484 285313897
175 222 730480331
603 803 198549906
125 522 852742101
216 349 324211128
207 857 198996956
66 198 493661327
425 900 193591616
810 962 635967565
322 708 346693333
404 571 776308580
232 280 405481043
16 560 429963091
379 431 408513774
417 587 10834230
139 347 621812671
392 657 989349977
508 868 62764587
527 694 183070633
498 925 299269644
249 685 517289616
573 949 57342293
638 712 158447670
194 195 812962973
331 698 122787236
475 992 226019491
307 700 136512601
24 800 912093489
431 710 216524180
432 580 151091216
759 983 98173875
399 495 663345507
81 226 999755748
109 131 854294393
627 810 601487677
385 810 338616243
335 361 695737089
442 820 521515121
160 280 993574813
20 460 16367156
688 961 732731860
353 811 419979563
570 924 407234470
273 951 573676796
15 812 175803110
649 762 781565235
771 950 449584400
456 469 907303480
319 503 361656204
177 706 28163466
186 254 427797299
130 318 28148616
127 486 70751314
246 963 441702105
94 955 823272966
259 301 915206200
181 661 73872873
39 126 541693438
38 116 646480723
243 987 271500891
413 686 423026772
493 537 639756871
304 577 314948144
91 426 997643234
110 739 65880746
613 708 45562377
369 890 973898559
81 799 921341486
630 729 369984026
626 993 168623216
0 208 297115600
346 518 974267208
275 679 971684337
30 764 128421398
877 881 617775161
534 765 495954879
579 762 38572013
273 869 293068190
507 810 670525791
392 991 13234468
743 969 311711810
378 772 78844396
216 239 767413504
86 892 928735326
455 688 761069184
365 430 514969383
477 587 342482229
279 394 826566360
386 894 827468270
441 832 729412409
270 686 932977947
438 663 650934957
272 443 748780838
12 319 532338473
257 423 57168774
179 371 277565157
523 593 936760588
651 824 46502979
36 822 668603219
238 901 608101426
437 981 385405576
588 959 377371589
123 991 114775332
770 897 133728172
253 481 533788551
659 797 833741859
367 651 525697260
23 618 665805771
837 994 303312237
333 373 305204086
360 649 270283182
375 864 676051437
319 361 430785008
85 316 413197663
442 586 173130987
861 875 551478063
171 576 909886195
757 941 785803968
865 910 716788823
71 547 346727090
28 920 138159593
539 820 318371912
241 377 384156383
493 663 95081605
265 624 223863940
42 136 618858633
556 869 963730234
11 941 1968529
363 569 834026065
322 879 898219780
205 504 403586794
232 872 576000844
656 757 940107616
245 256 106896300
188 673 572146383
780 956 297964625
173 288 581237677
256 669 6159989
657 921 919761756
342 815 594484438
341 705 401165230
488 732 998016984
387 494 944780594
191 963 802154833
492 930 361233702
27 215 868619661
2 981 907515975
701 742 299753229
326 448 245090074
171 654 178823225
899 921 773862762
268 579 108192528
308 563 809625701
131 610 156860181
196 509 885527817
615 793 597516950
137 994 74345052
270 475 751755732
229 749 842615350
189 943 391703893
7 591 968128729
70 90 801676427
402 888 882619104
268 762 384569057
606 898 206099950
248 558 925628593
111 201 705375294
769 842 608698591
100 314 231538146
59 399 713184534
474 992 476326876
874 880 93172402
855 879 572351712
244 546 63170566
343 794 75758166
160 459 921510974
907 951 433790501
490 857 930171009
431 748 620095774
575 968 175869675
136 455 929715725
727 735 847340840
375 480 984971964
685 915 415628465
617 702 326165394
507 689 694074250
126 200 820888084
46 452 785034870
693 829 49407244
388 833 414477509
680 930 140941099
73 793 473204075
428 591 93155474
173 456 853105620
500 712 756891417
219 524 639946456
58 770 476648537
288 719 57485910
561 679 545062747
0 543 16278807
126 745 834342863
192 276 36316642
99 325 552595627
521 804 92667037
943 983 731691667
162 497 352287611
208 257 699423957
13 572 271453206
436 789 190730884
176 628 301231413
712 770 982914808
551 645 381053187
160 269 964514928
404 654 759080838
568 737 7399270
180 658 497799917
154 439 456035230
378 787 978164005
405 547 457739149
128 478 91835452
201 287 172601024
290 755 926490522
74 289 810296888
100 753 269496695
290 675 651299542
307 623 952454298
65 815 257495280
278 852 349746580
904 994 888477632
476 693 936232153
413 847 91819138
205 360 523399495
97 635 786365505
293 377 554257556
229 972 342993981
450 869 134724735
253 940 934082887
810 874 529964418
614 832 306205221
229 974 359954094
316 873 515121070
190 597 392023052
118 736 771189018
403 614 597341465
85 586 806843684
106 121 445160257
169 183 158771284
251 609 160085365
115 892 294203249
137 660 959264386
418 846 791782891
501 746 880355611
10 440 836052708
119 322 942364286
9 767 370292819
237 775 146792530
60 921 365480319
2 4 28959300
602 875 97609292
296 400 283064994
188 874 650782950
74 671 611522399
787 796 252158031
24 862 808383804
709 710 725041099
116 454 973876058
577 850 168867984
578 716 164638865
761 873 485408094
457 846 770117623
45 227 934803285
130 238 921122440
571 672 920847434
49 865 182353681
368 651 339300921
535 663 34871909
195 668 66339091
351 895 393618924
97 870 989254928
240 676 253480062
102 199 212282594
690 928 423156639
330 516 835487422
510 727 726059629
261 652 549659040
186 662 301007097
741 779 118138716
200 338 241791904
404 812 507185533
239 556 55562632
44 284 30673709
382 590 947436456
554 876 315546546
171 999 220993140
253 376 947256759
659 835 158329902
640 678 987591808
571 631 515596772
65 936 900719079
317 752 772496356
213 959 496072337
622 941 305568897
703 933 366104424
79 652 377629746
335 822 916499468
108 599 83105297
134 139 46918175
302 523 704822900
514 971 623992527
23 723 527041492
60 68 953194756
12 688 86598739
187 557 835976748
2 416 320877044
601 972 868050510
363 799 59497334
441 730 901754086
465 709 555386082
677 746 299026230
614 995 441570804
14 763 353560854
132 594 35349146
105 269 138931768
90 419 982442388
217 360 164745002
326 939 743706433
283 570 623802375
675 889 710063373
252 328 231226530
548 630 917147625
166 401 764008605
351 485 195110698
193 779 71214603
328 781 850849388
57 89 137214377
124 420 985779917
280 914 974811078
22 438 299071889
470 548 447743099
3 812 34257749
136 511 357584426
347 745 130679068
738 942 322066197
123 392 468752991
26 730 512693580
806 890 754740542
644 816 921235739
399 987 815741129
205 629 981213268
664 890 907801146
62 751 927201281
68 531 789826667
119 809 368481896
654 999 158190041
215 428 813821289
109 707 235244777
345 748 299664856
455 569 327240426
48 504 119985598
31 359 328094069
129 745 349764360
159 241 350937422
431 563 739294168
99 366 809605348
693 840 534742458
438 960 965103503
467 755 524137239
182 225 16930757
44 932 881296740
927 930 879481490
291 442 674355910
768 825 325397584
442 894 229125306
513 903 319464923
736 974 615031442
191 532 951218398
411 890 368554375
102 674 106755199
210 834 538686987
331 685 530561363
521 687 729470564
607 801 378034817
483 687 355734814
133 864 159449037
423 901 787749678
821 944 525066365
643 672 123081010
709 958 214634938
460 727 854996380
555 763 67769947
211 240 620353468
402 953 929260049
18 843 188222532
760 786 865992182
220 404 322440691
309 848 57107425
908 943 86260830
243 889 422931747
67 896 465778109
732 830 703914764
39 224 403608926
631 884 875215819
507 830 105878753
142 215 965365369
303 330 446181944
318 467 516446767
103 899 667018407
508 885 642257286
235 557 501520463
122 146 777687688
94 605 574545367
297 459 89446978
162 395 341598640
196 342 73920394
90 962 58968836
219 766 159841875
212 864 701111649
293 459 146402032
628 665 157701315
40 800 315981924
316 996 716914320
464 549 2165154
145 608 149840900
295 481 438664382
116 864 473704430
766 797 103172004
308 336 249357238
497 997 730872053
24 453 153812215
84 193 841428559
479 899 248807272
541 673 502975096
819 839 951572014
96 962 615590124
118 479 595134615
93 321 378553848
161 752 91648199
408 725 76122483
187 994 981559084
184 989 466647401
118 157 406698739
197 511 267708311
536 626 249308536
389 570 427403858
411 605 947465993
145 641 380473588
779 918 660727090
842 918 626442451
401 822 703995006
28 53 338047637
284 329 919861710
332 418 77453253
342 390 481763397
582 814 64541294
909 957 8096963
404 853 752830745
561 998 761691039
261 335 36082188
197 397 926819106
64 667 327308894
556 751 421431232
99 892 167867071
98 988 154188484
235 620 791053486
452 799 346639743
279 801 792277816
76 754 142247218
364 627 226897244
231 677 327635946
648 757 22866518
784 929 442464561
251 953 342929210
409 913 37215582
544 798 656919959
241 592 927721395
138 222 257312913
526 529 850220144
587 677 738537436
232 317 709123603
45 443 471527279
247 352 532412821
381 813 137572463
306 498 89576411
520 576 342133753
39 802 390682439
454 811 33930352
36 447 143031660
138 223 90243490
505 531 399856800
206 929 261532314
343 463 52098540
171 228 553332016
33 616 124885163
259 874 997210438
620 849 939122950
420 931 374074488
650 998 112968824
352 483 138030406
660 972 711003908
707 968 814496858
491 617 135472011
519 701 843224727
149 175 300756023
102 527 733468365
299 950 975393481
9 952 607618679
122 870 264292516
374 696 34274785
122 704 362962947
808 840 873364859
275 503 976286899
34 752 7143778
144 357 765181456
2 996 948279546
17 515 17265955
371 779 518865706
359 855 315138474
248 853 812678817
107 949 89510326
37 964 256414126
471 605 444013359
30 940 979854585
202 996 79115864
635 988 27221553
277 561 423993347
135 619 323002323
576 932 882362713
299 666 155170168
233 473 381824659
396 552 945252632
144 962 693924858
327 473 130512935
335 468 601972117
303 377 894757723
59 113 354273504
240 397 12685640
294 355 721714966
196 390 283791315
75 948 123360870
408 880 617286381
233 327 324270897
719 865 727195486
562 932 144859739
146 165 261173418
527 976 379976563
422 860 115311514
972 974 366883674
522 867 686146136
542 568 351604557
200 724 479490249
12 880 673490719
281 774 383703656
255 476 460438341
52 847 560666155
28 487 612500234
7 172 89058797
305 451 13727342
166 328 108989491
495 777 513623082
563 656 55261609
274 927 705585792
41 729 269371336
169 412 950593612
227 265 164073058
896 916 444803741
170 937 262880000
553 689 430884124
94 617 557727686
24 665 836266352
227 849 652964599
342 522 648078754
927 969 105584082
286 683 415904568
593 756 168926715
24 961 42162347
441 700 10184079
685 788 271923213
697 818 567664634
456 829 365288551
19 285 278361859
167 740 102359986
378 854 620206178
605 918 142838858
970 986 610160760
121 559 258145585
574 805 328304487
71 842 842396304
110 902 213182616
378 517 806144642
620 705 174110146
777 819 28493483
601 616 357511428
11 809 886240753
137 462 728493983
384 887 486048646
858 874 546126484
67 456 607064966
79 566 99385553
605 780 537484590
456 992 761792849
586 894 39448823
30 186 617986958
694 976 56444019
204 324 52818544
59 682 755705162
137 933 740300019
748 925 764142757
548 565 190963993
492 689 521912223
415 876 213824685
259 312 830627966
349 982 240443299
473 516 985708802
139 320 563134817
367 818 382997256
582 722 123649699
124 331 589146578
209 461 330446690
279 894 783466298
270 938 234841317
164 545 443306193
470 565 369183651
327 589 749259982
126 846 358821848
643 817 424425477
207 378 884172748
291 777 120177251
86 907 953799461
71 347 618261987
263 735 437065890
657 984 693056294
120 189 830969964
626 831 609184241
105 934 40491683
611 948 253187474
329 790 471230887
277 712 707168254
76 499 58613473
598 884 480199413
444 734 208136925
21 997 437226979
274 737 882125027
56 917 465842482
94 843 621219351
106 559 187793453
449 490 238839722
71 618 838499468
170 978 857883222
171 429 837804547
336 985 397517995
653 970 143424429
191 362 429555222
456 989 729872319
737 808 922849799
949 962 731386308
125 947 649369406
526 732 314125794
669 840 846117152
527 781 692902836
181 260 357983869
398 877 340978151
842 875 126311952
300 471 942877912
835 841 246661170
5 25 65325309
400 633 175548191
362 625 48665176
671 861 13030231
468 726 427770225
126 501 82148184
340 868 531011799
562 824 743919532
858 945 521539490
302 768 369388799
170 629 655562254
290 940 723137019
470 874 797079516
170 492 637753174
889 987 193654753
101 303 833253437
213 588 275082207
7 302 661396509
114 495 890749914
185 238 467003718
713 903 849864614
387 798 812679698
523 978 572282901
537 965 558625179
525 724 923174960
496 928 189040189
187 816 263113844
170 294 309960942
817 866 790895228
23 519 337119149
344 758 209155660
499 754 116177654
391 591 745189815
492 934 764452813
672 771 691372866
262 983 299021200
375 846 988631518
386 859 501017023
176 331 867103184
518 962 955043178
749 911 461870987
414 688 120873342
16 665 868125669
271 521 354463602
308 985 34330910
300 757 623677049
104 642 413118684
344 905 120309416
712 715 461027964
814 919 935884022
48 205 414559428
71 405 220378089
98 635 315690845
188 394 272388308
542 737 13872223
574 785 154726437
103 657 144709577
508 681 293497859
8 714 817476284
215 432 398371293
136 197 74032574
142 288 513606655
153 912 256269565
95 793 448564392
704 870 257547185
773 978 490318360
883 884 928697658
144 160 124446471
538 706 336258316
602 842 373805665
605 683 513573592
474 844 553264886
280 335 784382024
95 118 711156070
87 398 439775443
743 927 164177985
639 811 801350799
46 149 70084354
193 664 719923746
27 210 382101973
222 223 301936000
302 825 370850323
154 909 928430958
366 443 736644274
482 905 764987061
706 756 655227122
115 834 916273809
54 142 266826862
636 772 293756591
124 292 48150987
272 741 942606533
501 846 305118787
275 588 869868734
310 372 223518247
94 868 671113333
39 535 644822624
82 438 424418531
519 918 605300775
218 674 779697758
137 837 331051632
305 788 673040811
132 854 870110738
86 876 986448645
862 967 442401006
626 762 811360090
341 392 612857164
272 604 186537399
241 564 807707981
496 536 607887550
111 280 589507369
586 957 823702344
62 134 481331431
576 655 257500294
243 330 580715601
236 912 293858146
171 966 610639544
372 465 190442021
157 752 774459726
672 817 378955588
99 115 221264244
288 596 189861201
867 898 233611289
178 717 318841742
303 583 500308815
111 784 925009901
191 625 333000426
422 878 337327679
53 280 611578835
166 908 706113561
648 936 586355754
822 863 400284289
432 525 808998800
246 500 52347038
67 559 748269093
194 813 89355802
214 318 436179206
23 640 338074033
367 702 726021185
58 583 916270096
322 613 123039621
546 895 554230819
456 765 609956642
134 767 891144879
5 566 566137689
215 993 511204037
157 927 547408540
565 773 833820899
424 979 395837342
118 630 588169298
688 933 535798692
67 916 60761494
51 52 705126982
412 556 792845504
730 772 782702564
242 659 692284369
331 869 641660874
403 462 281469643
553 977 227409292
170 701 856827563
80 312 484002811
500 786 923220188
57 632 453823433
153 236 442865708
586 746 825098736
612 744 46901208
317 467 937270089
190 266 988597397
26 194 787526261
315 783 493576037
659 841 325894788
772 901 626263364
395 497 160696189
832 846 644430143
585 858 419781568
725 985 789830049
236 882 876720422
755 783 124192202
384 678 184203332
270 406 648083869
922 970 152748852
3 800 561461345
231 991 939011511
315 755 126617274
354 453 621081205
491 951 624085927
74 478 249352581
853 968 65574975
728 910 47782383
219 797 495433329
96 441 739724954
139 611 654784339
283 738 308438936
792 883 282619166
566 652 115625098
606 867 157069065
163 403 231959602
494 513 813165475
4 416 47475365
735 882 501362847
427 528 758546375
812 981 815151297
135 881 72094896
778 838 444967031
370 664 23167316
408 540 191408799
571 748 342997603
540 725 287913186
16 313 614564910
151 685 748674921
210 720 28155442
52 154 900465896
396 575 503156074
66 208 770554970
363 648 923555154
25 270 597323921
495 998 170248887
36 346 475781179
172 663 775260340
806 872 219790400
599 787 853153281
10 731 429048762
52 871 483229987
7 749 653127647
108 798 509417345
389 924 157163501
464 550 333429415
111 770 764099828
98 763 771481922
215 776 620299465
341 819 683767256
487 789 544078044
264 472 484270026
250 756 355616166
689 977 88739651
6 709 371944708
608 912 962922770
591 716 691622362
564 634 469671108
108 410 736587922
718 781 14521641
418 597 609659655
83 904 629683953
435 860 914712711
261 379 689874524
82 710 648316537
226 424 355695428
446 873 415266823
457 871 298146398
174 531 436769943
190 423 725779415
262 759 107954884
211 426 936855177
19 557 328979916
518 757 219710928
162 804 788794098
344 819 939139494
37 487 163376253
170 507 709535692
211 444 443776084
329 869 542688359
164 786 462762430
114 694 767018763
142 431 970060252
742 965 347299111
313 357 478527924
552 858 130584315
315 324 823364035
466 865 415423373
828 990 698073617
722 818 557917710
61 371 82508003
281 995 602139259
74 128 329300772
149 993 525907509
581 597 67785784
150 962 92209086
247 667 129222334
482 631 343495860
209 355 345522327
445 523 260718064
487 588 678957537
104 467 981960951
310 898 829833757
139 737 784879777
76 94 954484615
140 350 607570434
66 456 908242307
679 733 873690503
379 710 387554838
165 172 746605749
110 443 951307213
97 717 8524386
13 633 655687291
92 275 653932875
63 723 868622893
744 932 923265360
59 933 645627710
259 936 238477353
53 920 411038074
103 474 845993892
196 344 675929125
84 935 899392017
117 952 273327482
111 664 287090379
761 773 564780500
64 668 823291635
612 623 176602897
43 394 294537229
549 550 9537470
346 447 486127284
292 716 706993769
51 721 138769121
438 894 952060445
30 849 568221909
38 679 305474948
353 741 907916164
174 505 325338769
299 962 560250338
226 753 963678606
291 819 199003848
50 232 7249166
234 730 85992212
83 316 382512938
440 456 906817735
833 966 174098823
185 839 398383610
475 858 807035486
621 726 483583240
536 551 574563687
408 577 975986222
55 822 315119919
16 275 255030349
338 724 378275253
808 940 501678630
1 402 470711369
334 806 485598940
220 309 920111687
861 923 171797082
752 816 863305945
592 784 995332663
99 645 697316512
47 284 171494796
249 436 220363484
132 332 599952371
1 470 963029604
427 472 18068087
34 168 798437923
874 893 149244075
497 584 948737174
826 891 112030153
832 995 198274289
38 990 352365241
469 522 459260987
273 747 831655003
86 156 437301330
468 621 348736703
41 630 56399258
668 852 712014548
121 842 557678624
592 859 162533170
30 467 216842106
733 931 106283315
10 599 724248984
44 47 420152678
189 908 108212682
363 452 14576309
147 639 137157060
266 908 906313536
281 798 222573079
138 720 926316474
530 856 208286452
309 399 723972186
507 939 146119308
108 399 275548468
42 604 464512049
49 409 606987668
239 751 131181801
125 907 75306036
337 703 187041774
21 817 685544481
30 210 606586153
35 607 426226661
521 926 557611444
30 362 598364968
190 214 852508517
200 660 611763787
101 775 57464852
515 811 522507729
229 764 687094446
562 957 930774284
26 421 129830664
215 580 420521475
492 680 12757442
253 691 251124740
681 868 475311994
302 312 841874790
840 844 356470775
58 369 972641542
72 131 95740557
391 745 533347536
101 648 727579688
678 887 253393509
30 637 930279292
325 583 83670675
31 855 474409723
711 807 402210685
352 570 599598267
54 866 228599149
157 637 204525954
639 784 707174753
348 997 434670561
204 975 391250439
7 186 831512358
311 556 848305591
646 699 814230254
333 369 78401197
848 914 294205275
750 776 987855469
469 537 378487876
524 989 377682102
8 94 951611728
219 786 909968863
415 554 468228188
365 666 343493015
435 659 817779776
434 489 921179869
215 550 712767138
339 445 354775803
307 918 531770791
137 740 588808882
330 845 301789576
69 735 361148542
449 774 531488516
130 813 957906899
326 839 848152109
303 845 184144406
491 707 892534599
369 373 674322
231 746 36579100
830 939 409415414
52 457 334209012
572 590 96501815
530 645 962531772
637 770 729269509
116 133 52761613
47 270 623967411
486 663 855290709
821 981 400921697
298 350 370611645
64 247 381022464
46 175 415658506
376 847 977090071
13 590 180548344
631 879 105539004
369 758 772616887
259 567 97475329
450 513 984663494
166 252 38702696
164 645 903854564
599 940 914398649
63 739 642916551
329 473 543484116
230 401 88486998
184 524 150061802
663 757 733356650
295 854 60205467
487 964 343836285
241 817 774055236
9 363 994271579
303 620 724908478
8 367 280882033
301 620 855513209
333 672 625123535
608 641 172128233
404 869 992096643
125 951 41423744
176 306 824913794
73 95 127421400
481 854 455609529
520 655 459393872
448 541 413321652
584 603 345512738
515 736 470448559
5
279 813
563 758
65 387
446 873
167 782
