1000 999
359 989 151331871
38 342 619144699
1 872 102698326
357 826 937044049
36 928 144768423
568 853 611621
389 759 7615437
529 859 404102822
51 900 302485057
132 496 105011164
115 315 789353050
767 970 982141985
342 749 617748970
626 941 132358243
213 623 468891625
679 688 939357663
517 667 836957267
122 577 484220602
281 521 277487780
2 427 488413789
695 718 416449047
1 209 104359172
149 751 367358690
570 973 286790893
421 714 893921917
382 706 732623568
360 946 566147402
328 435 453954848
653 923 497322536
156 937 809127547
644 645 519245675
210 600 571563481
314 659 65612092
356 914 714093558
102 381 330848809
418 483 903926420
69 191 657544201
267 877 878625189
257 671 550595349
314 344 65097846
657 709 924060920
712 735 16585102
14 96 854483476
432 997 558728159
94 523 425276452
797 847 739950521
542 969 135843655
759 843 6406089
55 820 419608858
629 864 865425824
103 312 923175503
249 849 995127178
147 898 354173068
665 750 201076838
173 335 654367513
169 274 401419754
318 445 900421737
79 925 111919187
557 650 920516226
208 305 974543711
691 903 389099954
666 924 958856010
392 979 205210561
205 279 404378676
35 804 603039934
135 211 551616290
407 698 91159835
113 520 833859576
99 750 195070177
227 502 353177201
602 727 918971605
196 204 299688402
655 909 1017167
266 287 682742741
172 742 237922656
104 929 368508755
566 772 898510477
114 960 664584723
286 744 341125089
675 937 809355910
60 611 537065125
333 680 445008241
74 378 669904790
612 885 926824244
116 192 987523562
485 955 197449753
61 512 384038100
785 810 126833209
139 347 966332543
13 215 19390452
297 977 358488400
377 402 605544440
120 771 32623324
221 953 299478629
252 474 151966771
763 817 511307511
415 790 262759180
368 765 33656444
801 917 630464928
446 640 164263942
129 623 474213949
719 891 245535017
403 949 169090562
283 606 871635801
284 329 309524613
890 910 65901835
59 175 282217295
511 785 128544188
299 790 265048792
101 518 116949743
194 707 485985477
294 864 865857310
9 390 983592761
363 912 773018379
525 999 826318072
184 649 698035836
148 245 159751819
348 972 754074297
114 153 671954048
453 948 262622276
514 676 379774360
226 230 929484995
174 471 627529971
111 593 54259274
76 740 251952686
118 931 536868585
654 723 613741208
452 866 944291383
136 246 394405363
369 675 811220738
645 883 513377690
403 732 174078441
370 611 534444262
160 573 561164570
12 949 169004222
218 716 154454592
354 822 798458468
366 652 375107590
324 739 440570567
554 870 927280975
29 915 120108316
326 463 742718692
524 854 923357040
90 748 508720829
166 269 527925673
270 782 659714322
6 813 787279427
58 92 671838697
168 845 246084992
389 828 8431808
307 667 836417649
255 962 434263395
614 765 37140236
497 829 820089181
157 205 406882758
180 676 377393465
142 529 403594158
536 699 109679171
291 811 118260172
359 783 149858942
576 886 522220750
68 753 679332353
339 616 46305673
225 726 733426464
104 715 375849949
271 747 645253404
41 387 934231126
56 332 3051259
296 992 846291169
829 863 820516792
106 689 786698138
617 647 216269711
642 661 976800692
78 879 561625682
494 975 604795412
687 702 523485285
385 671 550277127
374 540 376203817
500 858 994798650
724 763 509638050
510 812 518117724
278 835 569301590
436 809 742180918
473 651 413084871
602 720 913990323
195 869 391190695
107 450 184280618
296 564 843943244
235 462 831439390
306 589 92766488
16 273 951867578
126 231 831405217
60 818 545379698
852 951 10470175
316 981 460992162
656 737 33613933
32 154 212279209
413 627 644319209
135 220 558531281
397 702 520115319
519 744 348147911
212 552 70213614
399 722 696259367
746 998 55092259
867 933 69506662
598 840 476922371
23 537 255681791
134 646 282751461
409 419 481744081
832 956 640637101
307 338 835011170
701 710 640153484
384 987 779430696
174 918 625799803
158 766 351602946
27 587 144363941
637 848 810994058
444 939 666986205
502 643 353311735
118 658 533110755
173 487 653338664
446 905 164572619
201 866 944078844
638 929 364589824
187 468 997398498
543 580 695556464
110 594 799256315
37 354 794105993
81 244 255566814
3 850 724350373
145 598 479544586
567 776 23264586
326 797 740935691
222 891 242807044
295 325 97114637
586 824 650893986
215 330 18026746
380 930 906049005
298 556 79661447
101 678 116788826
189 714 894525459
350 638 364547631
136 143 397308880
109 549 962372683
605 958 803433943
233 276 696854611
150 419 482157229
30 518 123375324
396 585 10980241
87 563 58858044
42 466 553801166
313 413 640978330
38 475 620009265
805 878 654116983
21 467 388682540
73 121 860039847
62 620 32546119
540 919 378404175
749 780 613431324
559 789 436712607
252 716 152265947
117 247 62541918
404 648 587002675
232 361 687585730
774 894 19495037
28 999 825541709
343 842 762843103
476 801 628084416
633 755 210995083
65 229 311899706
206 820 420916126
212 504 72993976
420 431 390725241
544 547 947579363
386 585 11604308
901 984 491916038
36 769 142013363
250 268 909938497
659 942 65701067
186 263 335402505
103 657 923450334
185 327 100205363
46 249 995324067
159 871 865895172
208 364 971945273
399 908 694805841
358 429 851835156
545 756 985594543
673 934 185741954
349 802 428569276
363 777 777636759
187 568 998277273
39 504 74786912
619 796 300309133
172 899 238299989
303 391 359927499
707 861 482695223
362 365 791619628
211 967 551569600
34 469 226480048
79 678 113299407
489 521 278238193
141 590 225015324
416 788 125337448
865 960 662008349
321 884 278292293
70 156 806683150
851 907 934947331
116 500 988952148
214 289 834678775
405 883 511213692
88 281 276186904
93 943 497226554
128 292 506907136
418 770 906504298
301 971 981163602
311 456 98962513
165 836 373900067
349 523 426724261
195 420 390920421
821 860 564465772
18 200 721949001
661 926 978995555
75 653 501557378
795 988 322674589
91 288 343052183
51 619 302232551
306 698 91648732
50 507 324713583
434 681 826046399
63 877 879920806
536 922 110530095
167 807 397462368
267 966 877177094
48 406 638809841
778 802 429170824
411 477 37140868
7 543 695802572
387 478 933271661
580 882 692921325
260 334 280634484
531 683 148457439
282 491 208362378
290 541 718027093
206 610 422170348
166 562 525340212
376 932 749187549
14 358 853548416
479 545 987204662
12 729 167839961
62 355 32330833
128 748 507258467
78 705 560711381
300 355 29780833
360 860 565272294
303 350 361929536
457 530 232452134
551 625 624780863
516 535 296325564
298 607 82157142
10 197 48252650
604 772 890928014
0 369 812820626
16 906 947943122
179 781 451352595
274 754 398542350
627 672 645262771
143 670 397504843
535 570 294168291
47 318 898887266
312 592 922868138
217 361 690088154
426 914 711662371
53 833 413538441
0 119 815380710
54 713 736370452
57 480 575922829
219 251 544843929
258 975 606466304
255 778 430000944
181 395 26563285
204 329 306614725
227 766 351893772
57 938 580078045
186 288 340400086
56 183 3661208
583 711 954097129
241 834 221437989
264 576 523852740
320 791 318408421
209 808 108014438
511 968 129606369
154 282 209076231
488 578 84226693
26 72 393872514
87 593 58393485
46 635 997732825
375 649 696659701
310 708 789973920
207 538 955239021
280 305 974580804
138 164 138433138
935 993 620651428
470 881 323303087
488 599 86187356
322 514 381121958
254 700 847826694
176 947 220358995
110 591 796444345
230 880 931045209
581 794 761657667
219 985 545533116
703 770 907980308
351 644 519365285
424 597 530400017
170 481 577995137
538 547 954377056
182 992 849480797
81 814 256194769
191 509 656645075
458 900 306381896
145 409 479927052
291 922 114251048
534 871 874269470
463 664 746912174
574 886 520991922
190 239 250679319
472 947 219376516
618 720 913710170
541 779 718155389
586 663 648057974
126 289 833228939
327 496 102601699
105 830 736923458
216 591 795147481
91 158 348153291
22 309 715342649
330 712 17430756
218 741 155852033
277 589 92991847
181 774 24054840
105 225 736089806
83 838 462641448
704 775 355176436
184 495 699391773
693 787 956289955
422 951 11162039
238 615 384657933
533 852 8668487
44 157 411365817
123 624 811857951
117 398 60435018
228 473 412077125
39 460 76839680
132 957 106113142
449 822 798949228
631 958 805046199
155 972 750682566
169 761 402423600
340 484 178160364
287 868 682222766
821 879 563596721
410 978 967345881
398 674 58268099
100 927 233735106
392 755 209529465
64 259 266220100
168 721 249088915
66 453 260750966
9 971 983208383
199 345 874696222
374 652 376138883
248 967 548787332
436 595 745998897
221 904 299147659
404 938 584467174
220 705 559831319
431 691 389336598
823 980 269533395
736 955 196204851
758 817 513396726
454 469 223217761
18 293 724420808
428 839 1808716
806 986 101554563
75 954 501800642
596 936 634786494
86 823 270105589
526 616 45335155
415 621 260251694
162 987 782197781
302 434 825551461
487 920 652350715
44 762 414517035
259 299 265939806
406 832 640158479
270 961 662378215
256 887 171537975
786 896 356606645
109 347 963061374
503 983 633445976
501 550 447004901
391 704 355242415
45 857 703410584
113 338 834385684
464 752 850778281
515 757 75680524
573 997 559410462
7 233 696315660
112 571 507509525
226 548 929007899
694 710 639561847
690 798 691155955
6 603 786943743
738 969 137223510
11 167 395626682
733 946 566858756
462 641 830020351
499 553 489275958
742 927 234124804
11 25 394969853
476 625 628056920
628 904 298758916
165 366 374374216
247 285 68982174
95 373 708927124
278 994 568470388
430 874 129475322
779 850 723787395
250 618 913593028
175 489 278654056
631 873 808485246
655 843 5408597
926 970 980472683
108 700 846803494
77 594 802199460
257 639 552005703
276 442 697231003
29 613 119829827
341 608 739943959
610 846 422752549
550 680 445635347
70 346 804157302
451 991 446867551
4 170 572539896
324 789 438890075
52 876 312436797
335 782 655060817
37 365 791667241
223 553 492734622
422 760 18826963
478 870 929636173
474 989 151861676
93 223 493058937
467 717 386931096
396 828 10562274
510 558 516424165
660 874 129026597
336 455 843082977
557 875 919235328
107 684 182468360
280 588 975647149
141 950 223004506
432 466 557052082
27 151 144435901
425 745 406500341
99 686 193170463
830 847 739755830
881 952 321752564
32 617 215691167
532 965 864482915
97 127 228029310
24 614 38110220
341 809 741163351
939 961 663917494
515 556 75758588
600 636 573330339
122 304 484760359
816 840 472850491
584 773 965194676
133 442 697747187
597 658 532142718
31 190 251149150
89 889 537137119
85 236 583196286
428 853 1470393
323 942 65766312
161 562 524132875
295 599 87824647
185 897 96744124
491 665 202359073
253 508 770031402
322 615 382511997
648 685 588418670
579 581 760513225
323 910 65861179
437 805 650428411
15 736 193770985
565 911 932255594
400 913 477356840
269 424 528642248
265 696 728674077
80 199 874419140
558 974 516328965
421 892 883944142
727 854 922987610
378 444 668670004
601 762 414869761
35 441 600249522
23 831 257522436
234 539 439526399
155 242 747908303
88 448 274591791
25 72 394261247
49 328 455182816
150 861 482553195
3 726 732102554
10 261 53501921
325 456 98632509
313 956 640817368
189 443 895057346
827 984 491386920
272 895 174791905
131 711 953130556
133 373 700714917
357 688 937128842
71 271 648552203
654 893 612128422
345 768 875726207
260 414 279444324
696 706 732025392
235 520 832531414
162 844 784733011
73 96 859263173
69 865 658719409
54 382 732723562
43 468 991625689
792 915 120508577
159 532 864524394
685 982 595026350
450 493 186669326
368 620 33271147
248 622 546764911
19 959 970301559
151 505 145358854
84 825 882293320
528 629 863089278
815 841 215068598
447 452 945814095
311 986 100764987
254 429 848563178
485 730 204247392
552 933 69665199
176 454 221378286
82 533 4415548
353 819 506280927
152 991 448334657
760 894 19285318
666 693 958134644
743 751 366971421
554 555 925948232
149 836 368541779
370 498 532407414
565 880 931825277
560 679 942582193
548 612 927957074
482 976 680288954
703 875 915664302
17 24 42402074
140 940 474679085
177 584 965901751
492 596 634871737
292 819 506385814
384 777 778436215
337 546 902880215
202 352 841893719
622 818 545628968
68 243 672528350
862 944 451783940
527 634 955928152
371 952 320851098
4 237 572418469
356 522 715064941
608 713 739839283
925 957 111476634
674 998 57421031
207 787 955289775
50 102 330240491
351 574 520740206
284 876 309972802
241 647 217629384
301 588 980527855
834 950 222684370
45 439 705634343
258 780 607556531
300 888 27544932
459 948 263753789
108 336 843512988
85 481 582518427
67 240 568950703
372 795 321684903
202 455 842122694
482 731 679758150
796 953 299752940
231 681 830379129
63 84 881175918
512 717 385463150
941 968 131267447
386 735 13080187
383 575 290452725
668 884 278379114
316 916 461711828
153 731 672040542
31 740 251630496
130 495 699713044
525 641 829038672
559 856 428162651
464 995 851946798
198 441 599334855
55 695 419213446
80 606 874309891
460 465 77654254
936 983 633614506
317 935 619658689
112 724 509130858
689 844 785457842
849 858 995110949
506 990 85569160
121 144 862362795
115 310 789474550
577 697 480993785
337 445 901139316
203 513 983214970
177 379 966138043
19 379 968538401
279 859 404345387
193 912 772720039
297 896 357472707
160 240 562849389
67 237 571981278
236 609 584931444
401 962 434982784
224 390 986354144
319 549 959666750
410 642 973287865
471 662 636089592
461 921 42699087
451 764 445089118
621 831 257665928
171 963 471505046
353 943 499380441
792 810 123510444
213 838 463248616
142 761 402431489
637 873 810776061
34 127 226569789
402 804 603698627
607 990 82679221
21 188 389399375
348 579 754740397
124 537 251944053
737 771 32937222
633 841 214224050
244 734 254511757
412 601 420272249
646 973 286790075
411 656 34639578
76 734 252259632
733 994 567243484
198 982 595060405
124 275 251537520
663 793 647989840
130 857 701951652
604 825 888035347
163 164 136888237
228 745 408938167
152 179 450735909
480 636 573542174
285 757 74699131
242 664 747885741
551 993 622141309
178 908 689798165
98 741 158811729
222 899 238928983
192 224 986639983
699 808 108720105
171 916 465164931
193 408 767126129
465 578 79148522
61 919 383162153
427 827 489316298
20 684 182095448
180 715 376418511
2 304 485396681
388 587 140299048
776 888 26665313
234 401 437892036
332 839 1903087
77 346 804023050
161 687 523580371
423 837 857905979
377 682 609341129
624 848 811080653
163 626 133436020
26 869 392451169
692 981 460298068
798 882 691472690
352 517 841582016
5 423 855262088
256 272 171796049
138 388 139505767
754 807 398215323
232 266 686450413
245 640 163118871
94 846 424348804
92 243 671976375
333 569 443652473
651 833 413504441
484 895 175099390
508 561 771910043
343 408 764028779
131 273 953080060
417 851 938823530
264 728 523859810
430 542 131105395
129 140 474222066
768 892 879592758
509 878 656164700
449 605 799361141
519 898 352806984
816 963 471731447
214 564 842257325
58 74 670799046
393 493 187228687
268 930 907725335
911 945 932920481
52 371 314096773
447 906 946549155
394 746 53966083
526 921 42780571
563 803 59374987
380 582 905702155
566 582 901898059
33 932 746708607
200 522 719271094
344 996 63895764
753 868 681268316
146 996 63677118
275 721 249646434
397 812 519579793
516 628 298153126
144 528 862748844
40 767 982261358
730 979 204971977
697 913 480330084
22 95 714087208
263 669 330905419
331 677 710837660
571 954 506711244
458 964 308428405
334 383 284629913
448 486 271324856
147 786 355277178
277 897 96606678
286 381 330972533
457 845 236560426
669 988 326089908
901 923 493163026
826 945 934875902
125 417 943902999
783 928 149817105
182 752 849865149
210 835 569398332
265 293 727834278
575 725 292527854
217 690 690699828
603 632 777538958
794 842 762391366
125 438 944809631
524 555 923831408
475 918 621490936
41 907 934943571
837 965 861574778
178 976 685116086
71 437 648888928
503 917 631263448
470 507 324713159
867 890 67946257
527 583 954715445
718 799 415452182
13 567 19687746
505 531 147556523
439 677 710668049
692 781 460110264
239 719 249259619
367 977 365520508
784 940 476254366
5 995 852651415
229 791 314350196
82 183 3814655
592 650 920953363
405 433 510192094
758 974 515847648
630 708 790443322
28 863 821254995
86 321 271007219
806 872 101996615
64 980 267722078
483 546 903482135
98 729 161653310
364 959 970658289
146 803 63267361
283 440 870882507
90 433 509978667
887 905 167003705
331 426 711277949
17 197 45008677
253 376 759131443
530 590 232221332
339 394 46646601
42 639 552495819
701 747 641359960
20 340 179470080
889 902 539328767
412 856 422162861
246 800 391198220
317 723 614939310
643 775 353830454
407 506 87821278
739 764 443558089
262 673 183092323
738 769 140799972
137 635 999128168
539 569 441569247
120 395 29933145
65 964 311432071
48 492 638448872
196 725 296460900
438 544 947494039
824 920 652340257
461 477 40807016
294 440 868533181
139 978 966745122
308 709 924533776
111 261 53571625
8 670 398943912
385 985 549995742
262 732 182527317
501 944 448333224
534 966 875584717
251 902 543201744
660 788 125507209
59 134 282325599
66 814 259245347
203 756 984730741
89 931 537014212
123 497 819016872
662 694 637888477
773 924 964311740
188 800 390726895
367 743 365686791
43 479 988084145
435 862 453034775
414 668 278524119
201 560 943446550
472 815 216593941
238 490 387401131
308 885 925704313
393 686 192157541
97 100 232409225
672 793 647561596
613 811 119385030
194 499 487302199
290 309 716038920
459 486 270415943
561 632 776066413
47 443 896011933
53 799 413897595
682 893 611657930
40 513 982765063
362 813 787783583
119 302 817233876
425 572 405561183
490 903 388671149
8 572 401004743
375 722 696311354
216 630 793956059
494 609 585033806
15 934 193623583
320 372 319399192
400 784 477153444
148 683 150814666
49 83 459866521
33 595 746082680
319 855 958973337
634 855 958298192
30 416 123726776
498 728 532349598
106 315 786908375
5
65 598
235 917
19 304
676 686
292 813
