990 989
47 838 302271558
273 492 664559881
148 815 976564144
331 495 44254198
669 820 218690102
188 882 677033947
643 698 971006957
488 729 679293846
256 281 332371780
127 771 383138407
134 679 846068552
596 599 203286566
613 941 328910657
432 852 151755209
145 463 456917162
0 71 752175798
152 789 84780539
951 967 826098508
310 779 772617885
161 557 335322923
760 792 46597869
409 661 630143437
857 892 635148136
58 465 490699791
317 607 991329341
426 487 416485472
486 934 698911822
248 602 828162288
644 765 321355210
389 779 172875327
619 900 155875815
486 868 908745470
577 609 997698989
199 575 192290040
324 958 715532340
215 739 394075741
382 792 455991430
361 814 107001289
419 678 843661443
334 729 46474433
142 217 719406859
342 551 34067800
110 353 104299998
95 924 873042372
802 826 245123955
528 724 761899274
482 761 449001368
710 927 598705914
321 496 812251448
24 764 207672769
723 757 919929193
796 836 723117282
132 472 797548163
434 682 987847436
487 616 559920520
261 541 798489480
153 780 825918053
569 712 511324292
586 984 106804503
471 890 576667036
128 164 690032030
632 833 132847450
691 910 813042803
546 696 817032108
620 756 990415499
11 828 472722827
221 872 580825709
44 178 728036262
91 504 232405004
521 553 614579189
540 689 920113575
402 850 80821360
261 395 538452020
810 873 72545031
421 691 157684327
329 728 412804782
73 829 758749687
280 327 55998457
183 532 210739965
467 741 517370927
225 284 489751232
359 677 989807281
160 834 475757158
70 736 202826025
453 719 910484696
101 120 687597838
238 390 985120311
76 490 224082680
232 836 221511974
523 889 494165491
210 673 201292375
628 788 523894374
528 921 449772703
370 809 16247015
5 956 118747838
30 563 942988472
704 734 518762661
149 523 337527816
213 467 764743082
99 137 900873604
137 363 376031749
400 485 210827039
275 388 124484633
586 895 614594094
688 983 407693091
45 411 269248588
303 711 355702586
48 528 288908038
566 725 653126232
129 794 148566614
35 699 340030201
59 635 823606087
278 647 420358592
19 257 522051059
98 211 431135557
33 968 138594358
120 174 679567485
101 853 522646292
184 567 397746927
1 870 659186790
118 833 489123842
519 750 898740251
43 172 218550569
63 399 148219028
814 908 361651739
602 630 271725150
321 639 959895942
590 804 743285163
14 337 162712020
129 695 59105152
491 514 835998713
555 848 41791298
71 787 718799143
971 975 302080703
765 962 989239651
126 598 681728860
65 277 953380358
20 309 315067365
189 246 411381501
270 332 945989726
49 143 604353561
299 495 561527553
185 625 655172617
628 942 283651097
324 903 150381998
283 531 892972228
545 855 823195007
196 755 945801288
178 405 648768622
540 633 689841964
204 675 752746060
12 337 669441606
507 743 443752444
257 316 690991795
335 387 438100529
362 678 920129752
708 827 187673419
173 428 179937519
139 162 624757586
237 657 662352274
509 717 950778653
51 967 891845993
713 967 890146234
297 884 904460362
759 817 879242757
94 515 409513054
157 239 593481785
0 954 93893992
324 759 966181176
57 207 539211491
127 387 915288242
791 889 431274307
105 843 701799044
76 671 265530178
58 941 522762011
273 330 592333140
621 665 398740518
335 378 396652213
407 464 819776140
7 681 108706928
11 53 755227736
775 875 675703421
151 923 683471670
311 839 417707640
290 780 400026607
10 532 10711150
80 779 99886989
720 951 713268415
321 664 184104316
584 851 934193295
177 674 293831715
503 964 494469769
216 637 893575594
50 734 932333561
478 572 516061155
172 980 215640477
235 700 206898490
727 733 513715875
507 989 605481214
141 682 75843176
694 980 662588342
365 369 848113636
120 589 860384062
276 448 686299080
581 748 826179969
55 155 362746623
505 777 325407680
326 389 503632022
675 724 234433168
768 918 856211140
23 294 301621973
380 483 520381259
635 988 21873093
65 672 992693021
337 734 407708981
46 55 513396407
227 876 96862310
322 756 824543171
92 808 951053422
655 959 743983011
198 863 117286756
37 828 984949548
138 740 586235670
436 981 688596682
518 803 173686581
608 777 1941367
530 890 822748164
280 382 364196741
304 339 481259452
263 713 912082207
107 209 536043438
677 801 801691748
352 788 113203301
67 212 693415556
582 622 969002046
411 910 35584760
71 749 973230901
647 928 867640875
474 870 110450389
9 670 494204839
245 842 330218805
113 646 675766719
335 966 120806395
335 431 242367263
605 695 780369449
193 393 317142481
228 827 904296117
747 908 543541730
220 259 840758736
841 893 497730117
357 485 521466818
181 522 557358183
363 577 400595423
312 765 764375441
19 830 486439473
151 537 167659021
841 943 641271398
379 787 659231498
80 782 435174808
294 619 873626448
667 807 805569250
7 670 483832118
15 592 983274869
453 716 570965010
203 478 315678882
279 941 40822980
438 576 363737562
285 751 277650315
586 980 136673236
503 986 362971452
226 956 532963560
84 497 436288338
189 236 593665342
36 287 382875586
203 509 442573370
18 778 126633136
136 464 210655514
634 861 174877495
336 819 515258276
401 901 521581369
393 492 6692124
459 670 466374243
51 683 968939604
387 397 449290535
444 787 966713145
331 963 570467210
319 805 204924681
182 322 425827538
837 926 935665515
133 371 472421721
132 721 720807426
266 961 212332366
46 506 716210940
163 682 205974668
348 429 204955182
355 641 620414671
195 974 642603781
614 878 256365387
46 349 643737579
473 557 359089539
318 610 431303773
95 550 51860096
369 741 22089209
764 905 131970773
247 818 543066788
860 906 437947560
359 662 269252400
85 859 51717212
58 214 335059252
17 99 410538400
321 688 771768476
32 629 5586655
635 721 405947673
403 648 176725118
464 742 83262799
477 685 16172581
156 714 673537621
638 806 541456486
190 222 674176260
109 895 649339553
235 861 593910290
119 755 676547563
833 880 858417503
338 530 286901565
179 666 696544498
47 102 551204257
44 398 948961435
467 642 323918866
8 896 979546942
146 175 720632290
534 579 667001106
208 912 51227015
284 968 493305298
84 976 215128105
21 920 152800278
292 851 140574906
598 939 846257103
343 701 969794588
231 793 995525905
570 952 973724077
580 949 412373060
224 710 289330801
115 636 602048460
102 158 266461664
383 630 911976491
286 676 160589022
118 239 24482812
837 903 356615000
509 973 391213923
123 158 917163016
285 535 448200616
318 469 402420745
252 664 652434763
702 709 521779073
135 408 729225209
584 786 924152103
18 972 124416528
588 649 7936998
684 702 292377632
284 972 402886007
10 219 293329111
457 824 627752252
222 341 871613350
211 432 617774526
430 596 237136473
99 986 211257958
205 343 355250214
36 145 517005221
44 897 480577934
364 906 246183139
60 168 572603068
580 730 935639601
656 844 676848672
196 869 859323116
587 881 566089851
45 80 133473431
398 437 504796556
75 783 775049766
35 616 688480123
737 769 624240961
651 913 287606360
457 594 583249463
254 751 167827390
258 825 633089866
108 846 683351402
392 544 540797620
165 284 240760960
406 965 161495524
526 832 449018718
103 892 557020970
130 819 241348963
322 797 107613648
51 457 895635586
354 898 355083144
316 346 483008195
250 858 876402570
898 965 617529307
150 388 34465989
97 622 226912198
935 971 778659055
718 851 731385002
274 300 204075012
341 904 408194538
402 705 592416622
243 636 544352288
34 101 869099511
466 555 60057606
396 579 1674666
344 698 44300396
435 600 323970471
434 736 451658930
126 868 263719824
481 722 832395569
467 738 858545865
605 736 582059407
527 898 680020293
377 854 234261686
84 244 285861009
508 784 833794311
144 876 638043220
763 969 951172734
583 882 744463114
313 395 425619437
147 221 992036840
297 571 826391279
493 928 927697663
246 450 440123622
143 962 758360635
358 887 956427140
212 401 243516100
133 760 74664600
125 418 218075391
297 624 612615084
570 790 481129899
204 653 641478951
338 706 284788111
304 414 416904474
347 813 251849229
418 500 448430171
125 588 325842871
554 809 275260603
454 623 472653517
25 318 405415959
241 655 390333581
753 774 113142320
250 842 682662722
128 173 979978348
707 858 381649393
599 914 105739340
156 486 760091522
200 274 597356553
250 796 398437441
677 847 779640026
237 298 666622160
461 551 147600049
141 977 763740547
75 401 643214811
16 831 268560866
776 932 382847500
849 965 966019222
664 739 85322734
915 966 575053058
158 337 105390547
524 777 656722568
264 676 360872488
370 614 730183084
228 340 108064544
276 443 788426971
367 566 463354760
141 186 261960990
261 415 583674098
748 922 209702936
6 563 747774738
105 668 432512786
470 683 253976698
201 946 232770488
658 762 910983945
456 601 700630456
175 386 537139320
551 660 873800490
255 364 980109107
127 859 231090560
84 434 92701260
342 654 420109489
185 441 912854663
384 583 103324508
656 948 947339716
411 869 77921368
398 657 549142466
619 841 730840430
30 114 768004504
293 909 574439238
1 711 850685999
169 284 604234039
316 806 457990655
3 66 337027591
132 555 518810170
830 857 893449798
554 764 551623977
880 978 771880846
510 984 295697646
107 873 280630422
600 661 790549228
647 687 604461598
329 498 196621650
154 245 176424705
558 825 67677587
846 895 141720122
551 874 469656654
3 207 840624624
629 928 581003437
69 775 409522978
513 851 953161307
246 354 311574421
56 619 541131678
198 820 407501749
429 938 58722999
515 659 32546807
124 333 971578333
477 989 934149795
42 969 293537907
467 628 707874303
82 373 941848352
416 941 341908271
684 761 280564377
253 785 413077332
798 940 397571544
218 885 213184881
10 865 995615280
339 830 197118100
448 523 497240020
347 545 591205177
542 702 730678547
262 315 331177168
29 704 732869271
227 714 124778113
531 611 134775502
368 835 724184568
134 501 674882341
129 480 854221937
396 529 231372553
100 589 445397296
385 704 18084846
566 731 737878902
45 905 759389234
269 683 658800658
914 961 844303126
88 212 212681983
148 353 889554977
423 758 552654903
63 979 716638084
90 437 435408174
155 260 33368755
268 734 273978948
86 364 970037024
341 808 580050151
376 878 570951582
271 669 935227858
218 249 915005112
26 916 417348323
950 987 139063765
798 902 164118043
6 899 854362691
630 720 556510314
512 518 252522736
433 947 6821918
79 540 20697447
229 637 258841270
31 300 806275276
351 965 403595740
489 754 215462805
290 721 234527125
542 876 326523140
271 721 915122687
717 749 710851806
776 794 173452906
8 149 701673412
554 774 602476159
122 699 156729842
238 348 186299724
419 494 387893296
139 692 459668122
686 770 411238687
87 804 352591142
351 466 334381180
4 179 716666851
424 791 558343040
129 573 559716622
813 945 44877397
64 583 862357944
406 461 123618314
534 618 343381282
161 839 444609456
4 180 538946765
663 916 106732841
191 192 303157415
8 78 721921963
451 555 448383425
168 848 132606841
176 640 268699369
6 82 453792205
542 950 211538226
360 591 516398276
302 363 277022452
671 772 4461946
74 648 421753761
26 432 628883807
148 492 408857010
525 915 165768646
71 895 304720477
559 618 489362492
83 166 157796532
654 757 146446988
75 391 607823855
157 447 328723179
120 222 725698160
98 251 906603020
242 914 302018343
435 813 974961337
388 673 386402137
422 654 798631504
38 892 439128363
511 691 255994942
568 593 225156678
175 299 330241656
193 556 931198492
435 972 51251771
167 515 109074404
183 233 109218967
62 286 766634473
81 332 648325476
263 645 827226823
558 806 729340518
315 498 743347723
245 664 76084252
121 291 189439020
427 835 937052322
92 625 555916705
373 638 210807771
485 901 662770087
724 752 176314952
39 369 502897115
365 946 352029667
456 849 19716828
119 840 140016932
135 238 390507858
338 636 550588831
79 838 998358696
720 790 908326147
501 940 335004622
768 928 103392572
100 823 793804125
332 696 642767114
167 446 796658476
257 686 543025742
647 799 933740213
49 735 116031539
27 343 136079531
228 351 268870225
896 969 166933197
67 631 733509951
81 856 841412937
471 548 486350465
78 526 28422926
708 949 919603958
71 239 112741487
296 983 279492426
323 746 363684594
299 549 300645572
143 402 902776299
158 912 954524510
200 233 166974391
693 988 794717487
537 880 60145133
214 988 192122817
42 174 209798403
150 833 937153963
680 955 624769049
533 852 504776264
375 656 624288802
2 123 138999996
137 420 865593103
249 937 976577670
781 900 90303741
677 821 790174950
393 690 878429240
180 411 47223851
86 344 816687847
292 516 14220256
11 732 144594752
234 879 73420840
264 970 334729211
553 760 909434820
93 220 570697899
235 800 784664971
260 371 533127332
414 452 172028947
12 513 611796553
166 921 523171159
85 565 558734220
240 458 934642258
829 877 38407221
331 394 116405392
265 903 665645145
87 303 408206657
472 564 428185121
4 306 570205776
161 309 80200543
595 957 472339834
7 22 945542608
219 700 670299351
496 651 168121507
412 577 367894259
585 836 150886698
441 894 136397048
762 882 439195694
382 617 214184397
30 282 801919236
592 944 114056471
458 925 898689603
466 544 804679022
576 727 19720697
681 741 281709383
838 883 13522172
615 770 140920714
538 562 563518061
107 463 588185226
130 491 453354892
273 423 741463045
485 610 517375647
744 802 477881172
303 741 194141285
159 521 753020216
54 278 14312907
606 795 890066098
238 453 674531087
524 585 970247708
325 328 471024838
542 692 513770558
223 726 448426186
438 468 303917556
96 112 401325274
413 440 634226079
212 229 111973594
726 943 420011739
324 425 164800664
470 502 636358942
455 561 173955649
291 701 680714266
533 621 773906266
21 885 619017639
168 658 603836847
350 681 519468137
632 773 101288697
529 909 12710947
111 749 663906163
197 500 880230995
706 821 125635243
109 328 190238370
221 816 347409646
97 428 988375060
320 612 272068187
552 602 73682881
333 907 431489413
747 769 974841622
77 390 631110038
221 547 416768333
457 546 334037770
672 768 951055604
40 105 231187530
619 917 831428297
406 750 882289228
468 523 442005137
295 921 300376266
435 575 74240026
274 697 301662896
177 518 517585877
86 440 704471141
701 811 382287414
372 747 621922684
606 951 470365265
401 824 482715854
479 515 187414732
445 834 784920848
280 545 972053712
224 234 740352110
319 936 288063504
410 653 404864844
460 965 340766908
281 569 582069186
89 753 573684690
773 974 768231857
362 476 96912060
855 885 645789228
321 925 770181933
756 784 82506686
144 888 421707498
272 970 120491045
69 862 886707495
625 919 865032500
798 863 967378478
334 831 603044904
68 204 844682393
73 187 534640068
549 597 381586937
289 989 227734362
516 650 868883871
569 812 300003027
589 961 688465773
328 333 459354273
536 920 788213332
132 948 848280277
866 909 58867697
310 944 730746254
168 314 736094199
930 959 514133428
202 600 860173499
394 772 826492008
28 734 203759198
93 592 115294002
267 858 840047929
282 355 48575685
150 626 412608357
211 770 947012895
301 504 247779486
104 968 690444998
767 989 283360132
483 579 746457747
170 930 147354847
116 610 684798504
624 827 43753345
384 936 567867893
681 960 989247945
405 752 431589339
368 667 808329490
16 192 905124883
595 819 329455086
377 497 112832246
106 698 160399059
308 735 477463896
152 372 80469763
231 822 618694492
269 307 216660472
63 747 365591227
489 623 432029115
18 838 737636640
331 741 599005070
261 822 155291690
374 589 770700230
173 750 396273329
283 785 535458263
35 230 659301481
659 745 296654582
242 826 903041031
195 640 888789980
404 510 922824367
498 985 966343703
812 886 639954923
699 911 424050397
953 958 258771957
795 845 879059200
620 983 131651636
645 862 37514553
703 709 727660241
292 574 994116691
281 950 104359850
561 936 102112377
22 160 133818532
37 789 101461641
436 604 227976372
85 903 830855071
294 346 566050491
140 967 358714269
305 730 50428631
197 822 813964188
13 234 773175738
647 963 650894086
444 731 83450066
796 832 191282646
364 627 549133705
171 781 925356078
167 919 673960688
74 196 492240864
522 702 694648226
348 788 651333425
149 716 510898008
356 980 173856736
287 565 69668089
117 297 80102766
554 560 314713276
449 828 449169823
960 982 307254471
194 535 823872708
362 484 665266394
639 742 439324058
276 769 957557407
715 939 274924407
197 543 946730061
288 835 400831465
322 729 543956134
410 612 494310715
187 517 95270039
113 177 480410239
498 945 58409562
13 915 575976195
163 971 286763343
325 881 936226648
245 475 921049947
368 373 68384631
767 771 524885971
652 661 809918814
61 748 225908132
585 931 316678957
694 794 65452294
783 955 329403368
891 986 259517989
471 579 646482007
556 603 982845879
73 415 736958469
8 298 250941040
549 751 433080553
562 936 977745938
331 691 947065080
130 699 580925355
27 746 863355422
657 722 761596490
539 615 807482195
204 345 849897085
591 713 636717994
700 782 720114263
400 464 395185246
62 913 323654925
256 473 297381772
4 221 44541738
54 184 340713393
783 887 540915349
172 831 164644253
41 419 230270013
439 806 844080816
317 581 126105937
52 516 851630488
24 197 456598944
112 406 574889475
503 520 555174169
440 466 27833272
226 683 644551322
442 545 747170405
66 434 142803156
352 933 51070369
340 665 410324838
78 494 98521871
381 952 382594900
415 981 921798107
354 871 724550328
202 206 882394726
231 867 778096830
428 646 167155241
170 769 562809641
325 550 203798823
381 581 127237554
366 924 249789879
217 489 888350242
445 939 186427612
447 701 996562747
668 735 601589226
616 740 870944019
611 963 539329716
494 957 142840935
302 851 947318076
211 419 189261948
250 929 991200979
500 766 230469035
72 590 221452568
13 793 805155530
568 978 492724196
499 518 352121377
662 958 76708122
504 595 846613094
199 690 858899476
454 864 948788424
864 934 910028250
673 735 447113203
462 578 606922988
529 947 824000404
131 214 91113184
578 598 222671584
153 417 846335246
87 891 904570544
663 818 939761338
4
91 523
745 859
223 375
359 607
