817 816
87 509 741630
216 489 213644
158 302 431089
71 290 450781
323 560 850397
777 794 751806
271 475 516216
558 633 280590
239 423 468626
12 388 414739
355 730 670794
282 585 336515
120 533 277141
110 614 792780
557 739 800300
100 812 586969
501 577 941008
93 439 559833
783 811 340607
2 163 86419
338 542 406487
188 775 129608
146 564 630188
140 342 39874
399 531 227175
457 678 316954
25 286 425122
397 689 858610
62 131 512815
44 639 359307
616 653 744016
245 299 927942
49 448 76947
174 728 466590
384 737 911335
66 182 114566
16 276 724505
101 287 732201
515 589 804434
127 433 846427
125 479 768492
560 643 579222
7 426 875599
195 393 921683
72 491 601666
646 665 767590
5 348 437714
323 434 156317
561 636 364268
52 477 881225
463 677 397583
17 349 277295
27 707 557628
58 571 507000
617 761 494806
359 553 316001
288 793 945587
219 233 77620
69 755 730170
253 663 126455
586 815 952205
96 639 595888
402 796 142051
289 612 147732
276 376 339204
116 787 28917
496 692 355504
3 483 69440
155 383 132364
382 490 534023
106 509 850072
174 293 234644
243 713 687075
248 802 504387
202 453 683512
79 128 999559
253 391 359715
63 75 835778
421 724 212079
470 652 122850
98 745 12897
411 457 505703
322 525 539912
179 604 453476
28 500 76695
181 811 564710
172 504 357447
183 772 447838
195 799 233261
145 779 18752
171 285 947074
95 674 84649
138 615 950614
14 131 319399
262 406 461897
170 671 831468
133 284 710215
1 727 247561
502 675 860949
424 741 867022
714 716 478963
200 298 725208
368 691 529830
209 748 322965
280 421 314520
375 686 85719
281 392 730529
31 181 819143
546 572 89407
398 792 559748
321 642 125512
452 535 826337
367 538 424870
76 584 56819
178 814 886011
124 792 891481
580 682 16911
567 767 135470
581 740 336099
432 782 842940
324 698 365706
57 449 572960
74 617 347502
74 489 141893
13 499 623933
149 481 469599
15 227 95024
222 346 245937
367 396 921942
398 526 587884
455 468 127850
347 366 390164
295 472 5335
621 752 502194
59 339 724300
653 700 304028
628 658 262378
116 360 60519
299 365 617663
34 785 771321
32 604 858265
297 320 974408
41 562 326497
352 556 290474
385 548 746154
126 159 762958
48 688 418854
83 520 149933
137 635 367622
546 705 891765
266 789 736514
300 532 875128
63 665 29152
5 316 311406
144 616 369352
476 712 425916
365 425 536967
506 637 760559
419 517 339481
140 179 670299
226 552 999282
289 570 566055
161 400 824392
723 733 869497
587 648 820353
45 461 629839
335 391 970534
705 800 488749
612 749 830662
220 354 503518
128 446 33921
294 521 976205
41 187 286388
125 600 109156
356 600 858996
10 596 360936
548 767 850553
383 607 339713
488 738 598008
676 696 179719
325 541 538450
357 358 844237
251 594 502559
562 672 578973
18 356 747924
82 221 573664
51 654 489158
255 773 673944
175 177 513117
55 635 318014
247 459 480157
129 804 258517
272 469 442719
472 660 957840
90 209 816786
99 500 755619
157 803 982758
397 760 252551
113 404 657666
701 751 682658
691 769 485428
86 107 185929
438 555 96801
582 709 942009
667 750 890311
12 178 263888
109 456 741216
311 542 245071
384 704 206241
279 680 935373
18 725 849064
435 493 380645
439 656 568703
352 645 26896
396 628 959431
419 651 980835
103 353 104450
313 327 484133
275 806 626748
184 256 303699
155 742 402126
29 326 650930
117 757 36384
52 338 716957
83 142 755052
241 258 581390
381 538 278915
259 261 849716
272 798 340122
232 444 514670
341 467 540215
135 229 936709
211 784 188309
437 759 667410
34 303 939962
347 670 346386
601 679 693485
261 689 941063
265 328 795155
111 215 437409
321 428 671312
68 240 845088
274 780 86292
154 277 311594
146 706 148230
169 644 403179
298 780 758805
23 36 850461
376 754 37502
382 601 471050
115 759 447029
218 738 450399
777 803 884449
554 608 9664
33 217 98100
385 534 784271
410 513 825246
416 682 837722
450 791 696533
136 361 120606
20 414 123907
331 640 194490
248 423 496147
287 717 776800
219 666 392515
541 743 679373
184 722 23753
694 797 597112
586 638 123192
674 703 413828
119 606 647214
20 808 603449
673 795 829252
285 641 771495
460 727 294108
226 405 780258
208 317 614934
264 386 960261
239 494 151762
231 305 813989
763 786 81683
316 664 240788
36 519 520835
137 668 123266
252 578 671053
380 556 798630
740 746 718911
134 179 603402
383 816 159191
683 764 77013
713 758 234832
176 207 231400
679 761 142746
126 333 212085
252 531 149377
576 678 911076
173 491 986744
488 574 185196
35 295 900658
283 285 853627
413 426 555525
513 552 625069
455 776 499946
429 523 899814
194 750 6215
205 626 619978
104 353 631693
67 622 744618
1 381 148699
105 361 607137
199 762 475083
22 523 455960
657 694 999685
94 665 108752
334 513 611951
652 701 656633
100 340 20990
220 346 784428
11 482 145275
331 350 294182
631 791 450674
213 230 703305
42 360 113149
246 314 424900
736 807 25966
569 596 86925
69 383 81374
447 471 979007
590 762 442196
160 753 868010
92 769 695484
536 709 304055
377 765 475362
703 715 360679
4 748 490265
156 779 273345
139 781 958679
194 242 511110
618 634 172511
82 496 827562
46 649 943502
51 680 529169
81 704 79421
221 449 381450
611 782 844096
37 774 835142
122 280 401835
10 225 956291
202 451 1762
78 188 828015
500 708 171369
65 537 517147
228 592 901726
599 745 706226
165 717 296915
268 697 230508
168 731 116320
70 161 941205
111 134 236366
529 738 385547
86 308 607981
79 731 800755
9 687 90669
173 783 3912
141 681 153081
243 549 772831
132 257 154266
165 190 419706
250 466 398274
570 623 193312
452 605 850851
613 807 776005
183 518 377856
205 340 121761
275 465 658387
284 535 645910
430 481 295274
98 294 510588
291 374 385630
348 425 484853
97 409 766118
98 565 695826
394 507 823701
66 150 424105
492 711 53619
254 450 71724
497 657 224739
153 158 781040
387 440 802809
28 415 289242
101 433 619859
177 410 500928
77 235 755689
504 728 258646
602 735 63682
332 669 831801
475 565 144863
539 711 607179
371 610 951707
102 108 608087
185 581 445866
170 484 363875
15 85 212657
56 445 706420
319 498 70460
50 540 131883
310 645 153873
320 664 990993
469 528 390624
109 485 984618
253 395 759140
343 499 965225
143 505 505441
147 474 951898
265 587 771823
253 394 793805
65 91 992396
514 752 811274
558 571 807253
142 734 342228
333 370 770536
710 733 161277
271 441 460687
237 655 178011
530 606 774458
70 432 837434
53 768 115881
482 738 322592
15 634 762287
43 593 617355
0 468 618497
19 778 726064
114 121 251351
36 122 52625
563 583 544016
38 458 391604
102 398 253489
166 513 217210
61 664 206649
674 743 893025
87 661 28745
443 487 21040
229 623 411358
267 800 932794
42 566 530123
6 115 133374
389 492 388667
247 359 435939
263 718 698411
35 597 897717
480 662 178435
632 687 830975
123 490 134732
40 613 690529
218 446 680258
658 808 443039
454 478 53529
154 719 333937
24 625 660558
630 747 474681
278 770 901147
187 411 334024
357 579 645193
329 508 729527
605 661 734070
522 732 976648
442 573 263590
21 729 332232
463 627 685114
555 742 26880
456 561 90480
135 603 764837
503 569 574083
186 667 162482
328 540 793777
237 690 892801
118 363 559420
73 459 366489
378 718 638247
104 597 720834
130 306 365604
112 788 547283
466 511 170025
118 196 931461
478 590 458290
68 362 45182
708 721 166306
260 784 158291
17 603 789238
162 518 755657
787 805 298989
33 812 583287
309 486 918935
27 120 884308
436 566 343505
524 725 180932
307 330 714044
210 761 516535
160 304 480803
322 638 460709
262 642 563042
224 401 763922
659 695 850737
549 809 421725
350 470 906058
153 279 624583
24 545 778062
589 663 628328
64 520 424158
222 659 576753
67 413 218607
448 587 188226
60 368 874781
182 744 187694
220 234 295941
30 100 771724
267 758 209775
366 524 13707
94 671 672002
615 801 221443
91 628 772285
654 688 308546
96 192 531969
543 643 174269
23 649 337468
72 223 783121
387 621 488181
547 730 738391
88 326 487369
242 781 265819
95 436 815146
148 244 332324
412 465 733692
55 434 167785
211 249 356073
334 404 261565
189 516 917934
81 445 288164
301 802 717040
148 690 528618
473 591 800431
75 151 539112
53 582 921191
293 464 388744
381 801 785606
332 371 859064
375 379 461375
315 435 581602
90 165 695324
462 660 473013
629 756 576000
508 557 155599
402 418 862134
125 238 627068
406 809 767665
16 580 249030
437 790 26036
89 471 769204
29 420 789738
563 585 130148
377 497 212412
737 810 121788
257 747 464055
315 636 717794
85 559 173434
241 309 13662
286 467 143557
58 108 40603
39 369 730103
216 429 402461
50 196 280130
322 793 802416
197 464 814663
440 626 245972
172 370 344376
92 699 873887
191 336 143245
79 152 145355
78 144 959659
647 804 425117
398 486 826814
515 768 410207
325 716 922154
407 608 61415
364 650 985459
139 729 307163
503 675 416624
99 225 996723
431 607 285531
270 362 616824
336 641 420012
190 201 268039
30 418 648093
236 720 174805
121 712 215751
3 624 736110
527 684 31613
175 809 519008
149 487 768621
119 212 729651
288 372 702125
273 591 862584
6 453 355906
88 511 463614
494 576 774418
276 611 223371
305 811 250548
103 245 432328
277 738 338730
460 760 703032
637 744 530080
48 806 551232
167 579 752608
8 106 404211
403 810 516870
307 458 424372
479 799 328569
60 354 947945
551 599 855326
512 702 294933
544 554 142408
670 696 50228
422 441 278815
193 620 730244
296 337 629036
213 732 346096
270 386 172673
180 374 673353
282 813 564078
598 734 516168
147 788 885945
342 786 47525
510 770 99997
11 318 962233
512 620 600941
26 618 809681
595 735 133436
234 379 158803
132 765 544058
281 422 497435
324 648 887752
341 680 679771
117 668 484499
32 283 864124
420 594 545218
198 304 519215
64 112 760272
278 519 448829
73 622 563682
358 595 758199
141 408 32118
233 722 86607
373 415 334080
207 427 457426
498 609 55055
344 662 148608
390 401 979900
627 795 148662
59 231 112521
15 650 387157
602 631 291472
409 640 120479
227 577 184451
573 755 21484
477 485 967801
42 151 516282
269 311 911106
215 550 127695
685 693 587831
72 76 682041
408 775 374928
107 303 751627
171 584 644541
389 559 528679
373 522 496552
143 412 291985
407 438 186538
268 768 25876
138 302 717733
19 199 638345
242 319 583207
203 237 181405
230 751 838116
54 528 289000
380 424 313010
103 388 172047
235 274 882521
545 630 820442
71 163 93898
152 232 114188
107 317 209265
313 369 160605
249 310 430323
212 785 57143
84 169 129215
773 790 93428
80 553 722468
56 527 846015
206 720 716576
129 351 508836
318 673 70118
349 575 45324
80 676 302262
50 551 645550
238 715 125603
253 610 220459
77 726 562181
191 276 351274
296 383 64071
26 461 178018
198 398 582976
200 431 377403
217 778 266322
430 698 481040
329 575 895187
37 249 282925
395 568 485836
8 473 615673
392 495 799251
49 646 506544
293 493 167766
89 451 220708
167 739 716545
480 754 339144
14 344 182471
162 260 841264
290 693 233074
292 343 836852
61 400 889048
447 644 879514
31 166 969753
133 672 908633
113 417 590321
157 510 875137
248 399 304230
322 813 266253
189 476 952024
228 542 376751
43 707 167389
120 537 583755
276 501 666166
236 526 211396
327 403 34842
204 312 942916
372 619 234426
312 454 605664
255 259 70103
251 266 767595
269 598 297861
164 444 758417
240 335 233867
263 345 521839
9 572 205288
300 574 104880
292 693 869209
297 306 829987
244 590 595604
192 216 527468
556 719 570871
246 337 467520
22 534 720930
197 681 36032
180 428 134295
193 542 499568
517 529 576694
40 46 527661
405 588 837535
50 771 340081
588 757 773218
145 774 171611
124 506 281617
156 521 34147
507 525 382218
203 721 566658
48 609 411382
256 697 439454
127 355 568777
259 330 22623
736 766 758823
208 533 482322
568 655 741142
723 726 186590
378 495 546690
105 714 405001
0 797 635045
54 201 513023
258 815 834469
7 624 185179
443 699 981852
187 746 369645
176 223 694083
539 685 195649
462 656 381813
530 753 47097
39 308 761619
82 93 572057
351 462 137331
633 756 84106
567 741 959046
210 592 995322
427 798 33767
564 749 69819
168 816 479702
57 214 127172
683 692 239844
123 505 920116
47 543 376441
110 771 32694
390 776 130208
224 249 981971
45 789 501643
301 583 335760
364 516 494951
130 614 369691
612 772 815782
363 510 171059
5
312 558
549 722
418 436
716 757
17 568
