1000 999
581 671 846415
101 864 518019
875 907 163536
12 757 574390
372 769 629257
24 814 203495
43 361 355385
87 500 199135
252 481 699845
345 891 147717
347 956 944565
440 796 967301
34 464 941468
90 652 642948
31 181 623116
294 685 993463
223 819 916111
908 917 803159
30 63 683357
64 394 900258
78 515 878977
62 305 676505
166 363 827507
459 976 990187
106 607 847305
447 490 556672
397 608 198643
586 921 714521
641 822 856560
103 479 361366
113 839 590043
304 527 150184
102 782 229554
238 832 724620
284 912 22902
817 875 170832
561 572 341731
195 620 581588
670 777 967961
524 584 804016
430 934 981031
57 553 595529
780 928 651751
389 961 979964
470 687 798463
263 503 106373
168 183 288862
26 594 499996
93 596 378260
400 671 849568
67 859 505196
380 811 183727
216 272 186503
431 911 369850
226 700 727865
56 925 448775
158 264 747733
338 528 579072
486 689 699093
491 916 263667
137 541 372356
358 643 659754
576 945 680407
115 762 555544
214 227 276644
219 222 336449
658 988 531355
456 967 524962
409 883 26539
472 680 46193
228 555 733948
709 940 390267
274 285 397279
268 847 974871
365 722 808364
338 890 581717
136 867 766818
446 742 766154
369 585 19175
160 344 618362
376 788 394284
248 814 201905
381 438 909718
579 824 594875
506 986 237867
54 287 371812
120 732 531890
271 932 353366
285 550 396101
315 336 976741
292 633 365450
683 878 44628
543 843 345947
143 930 840434
204 276 468654
808 873 863636
192 602 456376
360 804 98644
255 735 118757
125 895 833675
713 769 631564
322 486 691765
112 828 792887
265 455 737175
471 952 593991
9 854 328373
349 738 410901
109 743 3275
352 778 433926
333 510 618825
813 845 849116
329 935 88915
429 840 252568
289 631 14709
458 496 139905
173 445 999726
218 670 968522
539 611 266803
720 902 657923
880 892 94821
413 984 112188
307 511 234456
216 811 184100
147 569 945931
13 458 142025
79 758 310772
58 249 160626
72 124 888352
33 800 280185
185 193 502005
283 367 214875
200 504 916219
85 546 211917
318 644 73383
529 618 300392
502 542 309166
421 520 409875
275 705 334737
802 913 604147
874 881 428556
9 705 333022
146 956 942880
143 475 839375
593 768 805702
160 694 618707
364 428 550101
330 488 208104
244 972 327045
556 805 546411
340 944 270512
290 451 758366
571 590 752341
42 496 134807
302 321 820631
53 651 324917
395 889 774102
286 804 104690
194 224 103336
485 911 368665
577 863 740400
507 683 45349
4 872 186817
19 731 416814
369 538 19512
59 990 405286
328 926 851819
191 291 477724
13 171 145721
190 231 442518
77 870 449770
435 719 141402
404 765 483211
65 197 573012
36 228 734746
29 757 567560
98 276 471378
864 957 515006
41 252 699247
389 937 980041
936 981 339226
286 653 104892
144 547 494546
134 385 815508
436 834 641548
136 551 766407
224 630 104186
155 424 525459
51 918 52275
73 419 550525
142 992 537327
16 396 319283
187 762 556667
326 961 978901
439 772 501498
441 460 2225
642 663 612512
218 336 968913
199 339 328104
5 681 881569
598 643 659487
711 753 217293
177 847 967002
490 619 558033
371 520 411793
662 808 858379
241 948 64950
213 827 319453
184 882 937974
351 886 992345
295 929 689946
673 766 47703
694 759 620858
612 838 137134
42 698 133419
253 517 535581
162 750 298826
184 730 930530
192 626 455153
723 739 604792
278 379 954074
625 713 632586
255 559 122931
2 573 512421
32 982 99695
327 788 394843
45 360 97624
250 452 591334
411 466 830529
75 865 464065
789 897 913669
348 740 642259
261 472 43489
412 752 777500
624 858 649337
403 537 676219
36 455 737130
410 951 203222
476 975 677796
256 548 269793
599 712 443196
417 979 728543
257 530 177751
401 869 279528
364 805 546894
70 736 79951
711 949 220065
328 641 856328
384 396 322722
746 934 979457
97 906 617131
49 905 871966
175 518 562906
346 759 623278
756 921 802865
801 838 132043
251 728 357886
559 999 123188
98 170 473206
133 137 375576
63 679 683446
238 797 720170
69 761 389415
146 714 938914
268 326 974980
220 240 80322
320 498 256021
672 793 720686
141 163 844820
104 994 7570
482 668 362000
435 527 145537
212 980 11344
84 299 489031
72 993 884982
388 659 262918
807 855 666513
127 480 485839
629 721 739598
188 550 392176
273 371 412921
652 754 646778
133 596 378032
331 807 667302
633 657 365482
54 856 381273
320 575 255744
196 687 797755
493 717 235146
14 973 292866
308 466 833331
6 534 303001
305 707 675089
525 857 779902
38 56 443571
382 515 883416
463 620 585471
148 169 414778
767 893 711923
649 954 577158
92 206 813765
470 908 802339
156 760 636774
215 884 311331
292 668 362411
170 597 473682
623 745 955085
28 609 237678
324 343 763086
456 487 522045
444 991 650662
348 858 643507
325 723 606912
741 888 663949
837 915 409233
425 440 962238
590 702 753062
147 347 944707
230 277 287319
144 239 493736
236 985 840431
609 717 235883
775 872 192204
14 168 291676
755 842 274864
288 826 569379
270 485 367875
632 635 533672
21 138 746537
242 734 42708
546 753 216090
603 843 348115
541 613 371574
32 953 98850
207 411 829127
25 399 958932
608 695 194441
612 719 137247
367 748 217383
330 615 208864
461 774 255315
205 516 9220
163 262 844129
682 820 691385
11 679 688620
89 862 977205
535 592 569732
532 587 86938
21 48 748488
890 910 586958
383 506 248162
319 508 697255
453 836 776019
64 119 890402
387 499 901851
236 904 835336
591 840 249228
734 818 40569
108 869 279936
188 709 391138
2 47 512754
580 907 163295
310 983 784832
710 908 815875
373 964 750550
405 558 984076
123 414 490741
151 816 867237
644 666 70821
130 398 772101
272 737 188163
390 650 875546
0 135 243344
7 930 840501
279 514 926420
445 894 999658
199 219 334674
634 923 515137
126 568 933527
87 410 201074
691 995 224313
167 821 149727
886 971 996667
489 830 371215
606 689 700967
17 156 634857
418 969 443682
758 779 311561
655 830 369083
52 454 33754
203 259 100801
174 764 962453
100 280 106750
93 846 378442
314 478 275037
677 720 657959
603 647 348383
135 776 242453
126 514 928918
337 565 293672
311 421 408484
296 987 75504
544 655 365345
558 976 985490
583 860 961681
198 678 129514
738 837 410041
213 779 316680
3 526 97154
27 898 339401
66 577 741766
259 701 101021
850 885 63393
489 613 371280
230 565 290655
176 462 24870
912 943 22678
639 658 529051
316 521 305379
20 433 798774
412 495 778184
477 739 601197
58 95 157377
128 190 442626
246 416 841889
337 933 295317
52 614 38459
108 267 282525
111 306 108708
415 637 166624
446 574 765715
533 938 561311
708 999 126275
395 752 777046
356 868 1406
680 766 46659
323 429 253457
158 235 747344
484 690 58885
139 938 564547
361 513 359057
180 747 628711
457 809 552300
129 685 992398
648 765 481576
824 952 594726
76 918 53809
150 893 710297
418 846 379917
201 909 727791
539 899 265918
129 459 991307
179 373 751346
18 924 16808
497 948 68290
526 810 96780
117 789 914024
253 632 534388
770 896 861406
176 989 24559
340 548 270204
209 302 819615
628 795 547310
374 909 727276
783 891 148969
357 844 785524
10 313 988111
201 660 728745
55 245 226938
409 798 33847
105 939 178799
502 512 307977
495 525 779509
217 953 98723
549 600 564895
877 958 54328
91 127 480030
197 592 571330
171 345 147701
193 202 501307
10 567 991452
295 781 684959
112 196 797036
570 673 47757
297 589 660778
385 941 817830
26 654 498436
40 442 171643
662 822 857378
107 742 768144
30 975 682625
191 865 467502
588 649 574831
614 878 44425
245 995 225785
84 225 488617
138 522 744402
247 748 220709
186 636 791837
314 955 275582
48 964 750057
121 728 357727
839 910 588503
274 359 397351
283 699 214812
60 699 211265
488 724 207908
862 950 977051
610 954 577839
327 852 394986
646 674 384248
1 599 450189
110 785 361265
547 887 495007
3 217 97191
107 552 769443
563 819 918277
109 656 3268
161 222 339336
639 967 528817
180 181 625249
1 812 456606
130 638 772753
29 139 565611
688 953 267318
749 815 538887
583 745 961635
301 500 198409
75 449 462471
647 932 350738
243 536 778536
690 850 59581
44 282 388301
198 368 129684
368 801 131994
239 474 492174
164 778 430207
604 960 578212
638 836 774850
543 572 344514
65 588 573812
313 937 983909
260 782 227344
861 962 85941
101 487 521324
761 835 389724
601 813 850591
17 747 629612
177 931 965099
686 945 681850
91 970 475319
266 844 787365
901 922 342831
740 834 641756
294 605 997433
393 974 467755
68 151 869322
428 457 550701
0 591 248459
125 308 833381
114 642 614797
289 377 175213
71 744 296550
31 483 622631
118 119 886576
346 540 623921
598 848 659415
290 773 758173
154 786 79783
82 436 637931
579 996 598985
693 799 324570
94 331 667569
468 781 684720
287 431 370985
220 861 84592
735 984 114087
153 640 866088
121 963 355161
284 989 23918
61 998 713097
404 978 484016
172 341 130317
516 980 10677
635 988 533415
343 551 765389
799 827 320134
269 990 407854
678 708 127852
365 467 809497
334 730 920998
182 242 42834
453 616 777100
589 676 657977
381 394 905592
221 657 366331
903 987 73968
15 923 512993
251 479 360694
271 692 354855
25 764 959250
106 141 846056
793 998 717689
386 442 170251
122 208 602411
423 663 611756
297 741 662538
265 629 737549
23 715 737137
447 531 555165
211 951 207258
727 986 236410
47 957 513756
99 317 908247
672 900 721050
248 763 201797
94 707 671290
366 955 131815
450 595 870959
870 925 449507
746 920 978204
215 562 317633
810 892 96221
49 390 874272
70 145 81495
497 825 70238
425 860 961888
501 582 982724
210 871 304790
383 792 250558
189 298 421472
205 704 8685
706 831 897078
293 534 301693
531 809 554485
465 494 464577
150 966 709664
406 929 690660
234 887 497797
116 441 7576
61 509 712702
304 580 160121
263 280 106719
55 362 226967
898 981 339290
420 787 35438
674 856 383281
140 449 461787
175 664 557248
22 667 238619
484 877 56480
5 993 882295
102 493 232622
676 919 655133
510 946 618554
535 826 569684
476 537 677125
173 733 999538
80 519 278786
46 407 416830
927 936 338204
736 786 79792
321 363 826192
34 882 941459
721 794 740734
538 829 21196
358 855 666513
724 914 204567
568 947 936767
260 362 227321
214 955 276584
554 983 781063
185 408 512318
768 917 804860
131 400 852202
354 473 763166
384 469 323675
573 726 510526
523 529 303740
597 970 475316
823 942 435219
303 737 194019
8 618 299382
437 771 792
116 566 7928
118 382 884003
195 879 647004
204 393 468648
661 913 603924
312 342 479717
511 727 235847
379 448 954363
465 965 464546
873 997 865274
317 725 909829
533 619 561072
332 424 523096
15 729 512420
166 557 828524
282 646 387580
231 703 435245
650 681 877727
402 776 240705
97 114 616686
357 378 785311
356 656 2479
237 438 909753
491 899 264198
81 775 194438
195 426 578630
76 241 63565
77 132 452296
557 904 831648
153 595 870491
494 545 465404
443 774 261079
825 903 70727
787 803 37437
675 831 894894
564 621 589850
46 427 413805
104 924 12286
59 627 404356
243 554 779127
182 261 43378
350 754 646860
67 281 505489
802 946 608564
226 832 725492
503 653 106034
207 841 826632
416 985 841368
823 881 433185
450 905 871863
124 675 891236
35 507 47369
300 545 467274
161 922 340715
669 732 535646
152 279 919957
267 277 286903
123 622 490390
256 388 268240
142 669 536859
417 700 728252
167 783 149373
229 821 150765
524 921 803021
254 399 956868
391 481 706066
189 407 418050
570 959 54549
751 901 345594
552 696 769559
83 221 366540
463 564 588683
269 915 409125
50 994 5506
880 962 90689
607 845 848299
628 749 541301
206 209 815257
249 309 161286
134 593 814376
606 866 701361
100 413 106996
4 105 186105
37 41 699205
99 499 907434
74 916 262280
386 637 166770
86 309 162765
178 926 851254
90 149 641586
512 871 306107
19 164 418413
247 422 229226
281 726 508971
71 162 297943
323 575 255660
264 571 750593
44 69 388903
461 617 254017
718 895 835056
51 570 51504
53 972 326707
380 530 182969
433 756 800267
140 812 460674
157 482 361765
645 884 310534
378 857 784379
39 391 710147
339 693 327658
250 370 591837
7 262 841357
578 654 496767
89 920 977577
183 800 284129
187 664 557057
403 888 670277
353 627 402245
587 716 84457
275 927 336775
148 165 415993
110 513 359986
772 859 502783
95 232 155488
258 448 954556
611 842 270362
202 594 501021
605 894 997869
430 582 981445
244 854 328048
81 301 198058
402 667 239012
370 553 592429
349 427 413328
585 631 17573
376 835 391524
66 522 744056
853 940 385678
432 931 963880
691 949 223500
73 115 555446
555 979 731586
392 686 682770
451 473 760362
532 935 87706
392 468 684428
39 509 712157
505 853 382269
698 790 131240
208 661 603919
225 978 484915
74 498 259954
103 544 361670
307 422 229249
561 791 340998
288 600 566406
624 780 650625
18 943 16835
20 876 791454
178 601 851142
387 706 898891
714 947 937054
784 874 423889
33 519 279099
303 695 194368
517 815 536497
43 692 355345
16 562 318391
508 820 693390
352 703 434161
640 896 862148
434 634 518091
62 576 678891
235 721 741136
816 851 866931
83 270 366615
375 623 948734
733 971 998222
82 760 637630
602 965 461493
375 464 947899
35 159 48603
113 452 590358
278 569 952920
475 718 837800
767 797 719782
237 897 913446
92 467 813049
666 885 63826
85 615 208920
233 536 778193
334 563 919102
617 792 253894
521 645 309423
234 439 501353
229 335 152731
246 581 844568
777 796 967572
636 828 791974
299 578 493552
80 755 277593
398 867 769112
57 477 596744
437 460 826
306 492 112685
300 974 467746
540 806 624130
254 258 954640
40 257 174891
186 266 788800
78 96 873538
478 944 274121
23 863 739862
315 950 976925
293 750 301661
169 273 414347
803 818 38838
38 128 443038
405 501 983656
354 574 763369
212 289 13796
712 942 439718
584 722 806244
841 941 821372
203 982 100675
174 432 962862
406 697 690668
88 462 30873
6 210 303217
418 505 381197
154 318 79162
45 329 96562
341 492 126133
172 790 130462
696 889 772732
120 155 530014
10 560 781975
426 610 578483
117 504 914630
88 454 33246
159 958 53310
22 28 237815
311 359 400453
132 626 452889
408 729 512385
660 715 729657
865 977 349767
227 401 278140
325 423 607970
332 434 522488
419 795 548611
131 770 856089
165 731 416324
566 704 8543
866 966 703212
79 542 310021
374 665 726732
677 848 657964
122 996 598991
355 852 395917
232 335 154989
665 900 722103
179 968 755155
24 914 203851
443 659 261296
684 773 754999
528 604 579005
350 991 647267
333 483 622257
414 474 491488
471 621 592250
145 716 83667
833 992 543925
397 763 201459
60 211 208702
784 849 422289
342 648 481512
684 702 753168
919 928 654983
751 963 348992
152 200 916778
518 549 564264
480 622 488437
68 96 869364
12 960 576196
344 906 618293
444 902 657110
310 876 785327
233 616 777550
372 806 624166
111 630 105192
291 312 479544
298 849 422032
817 939 177625
149 625 641499
194 701 103146
86 415 165654
682 697 690997
37 319 697502
11 322 691395
316 523 304477
157 785 361702
324 968 762896
829 883 25187
8 933 296914
353 355 398086
240 296 78786
851 997 866804
50 743 5012
744 973 295112
223 725 910064
556 833 544473
420 798 34806
351 567 991864
27 791 339857
469 651 324749
5
370 898
635 937
69 737
392 464
354 413
