981 980
963 975 483737
113 153 529685
129 559 695679
713 908 672783
361 706 141743
327 649 706633
108 897 711248
213 407 342457
135 382 828112
375 699 834336
594 613 132176
162 663 236883
80 476 167651
457 727 667474
415 741 541169
659 732 430616
103 864 656662
363 400 11231
481 954 725941
159 710 295834
347 662 258934
630 942 908731
11 771 491068
157 374 359161
139 979 480798
222 349 92533
498 589 107049
541 759 521370
442 451 910620
636 732 833039
39 803 696347
160 429 861859
152 795 107168
201 308 876821
149 643 936653
149 255 47850
320 413 25793
470 917 202886
625 719 813283
18 199 599822
365 608 881813
36 779 609679
426 834 31657
184 557 920986
28 314 683201
586 728 335320
96 340 567848
532 958 913493
719 976 148159
296 558 908335
393 394 646187
409 791 784411
495 513 264975
144 154 448507
14 97 137737
281 769 757496
764 799 70885
862 956 395985
4 890 544602
436 624 402301
437 481 519256
125 382 724949
360 852 370980
692 850 783734
91 259 740499
87 744 582900
13 557 582189
20 137 204113
126 454 381691
380 912 474281
441 609 983456
158 195 696942
394 878 603668
354 684 878041
61 620 150656
75 234 434878
500 770 589552
312 892 722444
114 850 57564
522 858 990385
373 529 573493
350 516 10313
782 922 956679
262 345 394515
550 898 351665
175 395 582027
267 584 312581
115 881 438536
109 876 662082
767 974 464557
218 895 275762
790 946 806476
368 713 265267
336 653 674933
372 627 166192
472 859 857544
403 945 909672
605 932 6925
31 896 839693
92 823 528367
644 927 421278
232 422 404259
51 650 563267
82 534 46192
227 733 929875
91 203 787875
66 444 944394
790 914 330512
818 910 484800
497 873 786115
901 954 14528
194 978 869075
886 906 604426
462 690 57446
34 416 81622
287 520 809044
283 574 687641
822 874 781806
99 536 600347
118 546 2524
179 416 881380
150 880 612891
120 161 853691
93 417 795171
110 490 565287
38 191 611460
406 801 209788
370 843 147973
157 888 354151
212 526 598358
81 502 619876
110 893 412677
196 697 16648
100 639 549185
341 962 307717
68 551 450948
266 611 235396
310 699 290166
49 103 182749
706 707 738769
215 336 974217
246 789 741339
89 318 699427
170 421 44213
13 392 663362
41 50 790924
147 225 359703
67 593 455423
579 847 920020
404 827 912408
241 899 80752
450 940 587157
298 750 441942
208 389 858227
760 937 788549
133 889 102956
94 676 982698
629 772 569472
623 785 252437
574 588 12864
613 884 151467
397 843 535902
14 814 850965
371 801 555237
514 670 166623
781 824 360777
77 147 127180
370 845 477841
2 174 258248
34 347 276609
52 646 784706
581 832 602414
921 972 146265
35 63 178310
658 786 316113
596 960 98814
388 869 56859
244 747 927069
219 926 516350
140 666 482347
7 883 307340
112 440 747665
580 945 665362
10 645 594314
176 319 398794
572 655 213175
77 322 303388
287 348 254461
535 583 559287
39 286 175770
74 726 689889
469 894 850835
295 301 247424
484 669 104802
144 167 438827
75 247 478405
138 257 661059
735 951 216397
711 730 99083
219 672 574831
65 502 36661
56 197 573785
53 76 162130
79 543 589124
638 798 689349
29 493 111468
348 727 928502
411 860 76654
595 710 694850
326 662 825849
17 654 623688
596 978 313188
337 721 758357
105 578 841767
792 920 413238
488 784 964308
273 738 385048
386 560 144389
648 769 707725
30 251 653457
399 538 104214
554 734 604624
532 580 593750
271 837 565131
484 936 39182
59 452 363490
81 146 87118
512 842 635544
290 948 332792
464 796 12116
344 805 890363
477 891 42734
195 461 152488
117 378 620650
36 265 401384
33 784 851936
491 518 343381
43 456 560245
460 752 625556
220 674 699227
89 573 697084
119 459 99136
376 653 858823
135 496 392196
22 64 413244
206 895 648279
826 836 444410
304 625 657054
51 474 408190
717 834 711300
519 556 727513
168 592 671896
289 957 949280
1 604 232332
62 607 917387
328 542 896818
1 655 429309
708 829 960963
420 447 129091
243 480 731855
99 755 253893
284 577 731224
297 980 180558
26 903 327348
439 946 181099
686 972 358959
310 976 282219
309 587 412118
212 506 777660
302 712 145146
606 941 511738
121 216 451263
27 846 413568
28 624 42762
9 555 20121
329 826 686783
46 385 493574
468 797 999070
224 660 311519
237 392 132774
661 728 458138
0 935 837128
305 687 415614
258 507 913174
404 969 80774
742 950 489161
816 924 435656
245 411 88062
421 594 426985
221 272 284190
959 970 241712
15 530 238651
272 731 179923
45 913 95880
55 466 343006
185 882 237202
235 952 419826
159 753 39607
401 688 238267
230 517 135334
501 668 256288
32 506 137339
630 961 483708
277 829 792274
582 964 740004
552 960 543148
252 444 213942
343 682 158544
227 794 740988
449 780 519735
148 806 475888
672 888 710421
156 901 973333
427 561 34643
61 204 843863
249 570 349638
376 861 550536
609 931 656828
398 879 88437
602 739 360816
473 490 335890
390 758 497947
461 923 81209
433 605 962222
274 280 47736
169 537 283179
73 109 885761
747 971 391220
712 735 327330
90 94 527689
217 485 615908
680 900 834918
333 700 292303
798 799 336389
203 935 362078
12 766 605635
556 793 845929
424 909 474627
687 930 354178
298 966 489507
403 918 32664
281 909 663314
519 748 370845
485 890 130361
631 642 524723
409 546 728161
709 927 400155
138 299 111207
137 561 868122
478 848 412008
373 974 490167
585 783 888387
702 894 414898
152 193 726307
231 828 16410
300 307 452159
21 479 918254
673 761 464061
671 674 536084
701 773 235199
423 821 288163
618 724 603677
266 887 205390
749 871 392123
487 950 864731
292 959 991898
667 714 303780
72 211 454542
154 663 213481
278 871 266487
178 430 729852
787 851 498276
318 913 705618
294 943 944982
250 297 857124
73 302 714590
809 885 517078
467 783 883324
333 391 387079
442 696 925286
304 813 384488
453 583 461984
443 525 898571
543 705 182260
350 694 615337
70 586 416340
541 862 117493
182 675 207691
270 804 816795
126 482 553058
64 758 126070
4 576 34919
271 274 525310
703 835 515683
145 248 64943
514 856 670418
612 718 409564
108 410 678690
192 267 922662
134 515 165621
420 812 263489
242 824 443204
42 847 741033
300 531 984133
145 599 585326
253 770 944528
220 778 666750
170 763 184312
114 818 506665
730 811 280961
458 929 744128
505 779 932230
97 767 387549
115 148 776404
101 387 611104
352 937 2527
277 389 622097
155 363 845892
398 606 88460
715 841 784060
705 920 129282
56 101 13955
58 632 358612
106 912 976771
737 840 789351
238 892 583495
280 419 864821
866 902 306436
433 934 141944
41 385 833773
679 961 519490
332 513 922265
239 774 713366
293 867 862720
307 679 404918
234 321 140411
190 786 220359
353 707 717918
544 759 862288
12 566 452515
455 647 163631
50 465 215457
260 284 381517
590 608 232784
441 564 214116
702 873 85331
275 817 118452
510 636 700353
265 971 893093
210 244 337300
414 504 660863
448 857 479193
140 966 443034
598 755 170063
275 358 128076
911 957 838482
186 521 279802
107 739 305008
256 880 21473
503 579 400155
315 814 381446
60 418 725591
30 645 234560
176 496 282203
294 375 764887
151 230 811854
214 607 770012
464 602 149991
173 428 278918
5 112 621705
40 78 606168
762 872 604814
396 446 887591
317 489 62299
235 677 336329
861 919 847408
20 456 302012
224 258 404649
810 837 267883
18 124 847364
181 907 506314
387 737 824549
289 359 908052
225 729 172280
276 738 702974
504 619 696230
37 753 295103
438 819 64346
804 872 316644
472 810 345160
43 180 190091
793 953 685256
172 200 556355
510 809 662220
670 925 801220
788 811 306667
367 854 100425
316 432 972063
233 455 820974
717 874 424283
85 313 82060
555 633 142880
589 831 891393
345 431 290901
88 463 870216
223 229 680529
553 869 48955
141 492 957276
584 956 510416
221 823 634773
751 870 751362
791 876 878503
210 929 377170
816 835 47661
70 598 159131
357 652 111342
410 768 720583
544 855 845405
815 839 979023
495 838 467607
400 508 599559
260 677 686341
354 969 869206
295 610 347336
665 776 506816
283 369 631851
166 661 132728
189 361 5412
377 384 277130
47 898 511
17 59 545332
256 459 700052
332 418 647764
364 503 629129
777 808 16847
44 729 21495
825 967 472552
209 693 943149
830 853 275480
629 848 292984
415 955 703112
422 859 598731
324 588 778536
236 827 961055
207 599 784176
243 821 624737
330 575 485363
808 931 156760
278 491 426071
58 172 994842
813 962 694547
531 537 459678
250 908 630916
680 955 605447
378 856 656667
449 939 681139
494 723 33383
448 744 301723
80 778 335332
57 859 149643
285 597 561594
675 905 225267
303 535 5804
5 123 80943
57 756 178402
83 590 905369
186 434 954877
522 578 150312
142 785 263850
183 512 242044
254 915 365939
98 616 453899
48 692 488639
351 782 516299
9 470 614468
8 226 532402
601 879 362127
82 904 238053
171 246 274967
312 465 527290
383 928 169563
338 914 426789
27 323 493226
412 977 623901
796 963 589523
346 428 994702
549 893 616650
40 45 216671
117 216 138922
498 720 795728
803 941 777664
130 678 224791
440 471 471286
763 965 311519
164 351 591071
15 240 705439
468 696 208784
414 884 194958
457 582 840524
405 695 666056
614 817 588361
54 213 487679
540 547 273973
84 787 601914
25 745 934372
188 538 334340
381 746 553043
374 565 431747
356 943 292603
482 772 914678
467 552 538524
327 768 671586
134 560 691916
566 631 164615
554 949 115959
202 380 739886
454 906 813262
547 635 737916
494 603 165213
499 765 272012
499 658 646086
577 805 960893
431 925 348707
181 657 436036
177 576 322940
63 754 554792
54 98 15492
479 947 201501
296 743 283599
279 933 789398
168 591 302523
423 664 322060
709 715 100219
118 209 716893
600 965 386345
142 980 924005
105 120 982959
612 628 785092
237 591 643065
179 402 848247
11 529 7207
16 425 328255
337 899 620884
95 951 597474
360 774 274711
386 780 941922
434 845 790251
353 844 188646
83 689 756376
291 315 156185
303 831 516941
183 904 521318
323 413 652028
86 357 74643
232 334 647778
3 617 750007
367 771 353914
187 839 358275
48 634 976049
405 885 618391
842 916 433163
536 618 330534
689 694 964477
119 443 671526
637 938 503510
515 642 915508
430 979 742691
305 947 123811
714 812 447036
23 853 598205
85 765 195924
326 686 230808
264 691 699565
343 741 327871
656 751 375412
269 355 394280
156 207 109056
46 641 38451
202 263 871718
587 795 342574
802 910 874818
368 708 359867
238 633 381626
309 968 204263
22 545 606702
508 807 485207
632 928 195856
757 967 934022
24 447 417245
731 849 853437
130 474 161116
71 616 234897
231 883 224812
720 863 262362
161 226 143548
316 521 847015
458 939 876934
211 518 911703
379 432 583334
69 628 742105
649 742 594904
635 825 862245
565 581 879375
446 619 526263
169 567 15093
194 940 607765
469 493 452077
84 129 455458
76 323 345801
151 427 631730
200 776 506591
206 648 370548
122 191 720371
185 190 66897
542 756 749183
322 497 335737
509 523 785221
193 346 803300
562 626 961580
408 897 149065
107 877 115225
339 794 450748
615 949 310810
329 640 372487
268 800 879685
223 900 959979
695 746 209571
71 253 929653
639 788 692081
136 833 71668
111 620 511403
131 252 758468
820 975 792209
509 539 119237
473 568 956512
424 486 221157
222 335 861815
293 944 252567
697 743 547474
517 806 641720
247 740 651586
141 637 422957
165 549 862470
122 466 423857
273 762 551196
127 938 493090
558 657 240134
483 666 964618
437 530 693194
180 364 7051
6 311 326259
335 933 308793
463 733 461397
143 533 721791
205 711 981024
136 684 158921
524 569 591828
288 308 603591
419 754 892140
60 228 765
285 563 826060
585 849 174124
96 539 235560
32 342 333760
268 820 951181
299 667 208812
483 749 380729
291 903 925834
311 683 860904
640 668 360902
621 717 122250
121 488 447654
90 527 563072
67 973 819732
563 593 782591
163 167 914155
760 924 402938
511 685 525886
155 372 21951
325 851 92749
276 766 219617
171 676 767590
401 930 649740
55 399 363752
106 339 613714
592 948 240843
634 681 630901
358 748 74629
270 844 297504
62 597 623942
128 828 561586
575 678 558000
205 627 613792
146 516 493729
95 665 962561
393 610 813209
79 166 353047
19 24 374259
408 868 784692
86 359 243980
162 249 91584
682 905 994873
47 716 795192
53 257 563049
7 944 295804
8 750 241608
88 525 528975
614 643 909622
452 865 834006
349 621 381462
208 377 499947
507 942 831931
559 797 147101
38 865 997226
439 725 753778
320 800 419059
132 564 710734
269 716 76705
74 254 400714
198 917 475901
395 919 370500
261 700 26433
688 886 363062
371 718 231271
445 915 55553
859 867 65480
255 830 663101
282 807 542732
660 775 982667
72 822 801781
104 245 162127
123 388 913269
125 391 423387
201 450 593963
571 857 919943
61 397 128236
313 833 232940
317 911 395033
175 366 964232
153 955 617531
478 819 768205
131 936 410118
301 781 3829
802 923 585960
341 435 594070
124 306 955161
102 651 64237
21 534 784202
2 251 333300
286 352 21012
127 527 400680
656 832 709589
279 736 688929
384 673 264388
229 290 533188
487 773 773460
87 236 134161
188 417 664511
745 891 785285
889 918 937972
92 165 435488
344 866 528050
528 690 606469
836 838 651121
381 425 465816
524 752 848562
603 757 895904
116 164 597049
182 292 449189
355 476 670608
342 652 663633
19 698 886527
406 968 337202
568 638 412261
569 704 575411
501 704 669069
66 567 9153
330 701 638733
44 68 88673
314 451 632054
429 721 496463
288 932 150873
35 93 878684
854 916 906162
815 878 772051
663 764 725427
659 775 146200
241 331 113390
325 540 490832
379 761 840727
264 934 61930
500 947 102538
242 644 722920
184 228 674244
789 868 670636
723 973 740792
338 651 896328
340 740 249943
192 438 125973
475 548 524042
90 526 109542
52 475 898068
113 855 700613
102 570 955828
460 881 83863
0 128 96206
734 887 912089
622 921 107949
26 239 7094
197 261 721178
319 902 877128
571 725 508935
23 841 369213
551 691 613924
29 328 289768
362 390 615521
214 412 543569
654 846 624904
477 604 427751
453 617 276093
104 641 202346
396 777 675061
3 240 372920
143 724 203152
49 78 622005
262 611 800346
553 922 855008
173 548 744418
6 177 988861
860 870 325993
218 520 433750
646 896 116193
480 663 53357
471 958 783148
25 545 68638
362 492 567760
174 331 315304
204 681 315800
282 863 278317
523 550 311829
402 726 746777
31 926 889664
233 306 573972
356 383 777076
189 248 219538
10 864 119214
572 693 384959
158 698 190617
369 505 702618
259 489 372757
196 217 585934
671 875 408408
426 650 521028
533 970 353304
16 132 333894
160 882 377645
511 626 267632
178 685 120255
69 562 476978
215 334 996574
436 622 812868
42 163 656003
65 858 311556
324 977 690972
133 722 74097
198 365 10657
263 528 344832
407 462 731955
116 139 488034
445 736 303009
33 214 83129
150 840 457889
366 964 462662
703 877 14399
100 187 410951
321 664 736593
722 907 824853
199 615 513714
37 683 922774
111 669 604994
5
300 622
58 830
101 612
354 874
490 635
