1000 2000
46 600 340036
403 625 512510215
654 730 942030
350 418 432097
104 283 166851
418 818 756898
192 267 715890
98 171 201437
559 801 235052
425 930 854766483
447 643 583172
69 248 331256688
734 896 664356
19 581 790779403
641 736 931516
438 740 129540
710 820 932188
408 476 923349
79 393 460719
95 796 548079
89 774 398436
249 395 163813
538 591 635050
395 835 701238938
347 485 455635
4 974 459447242
524 584 399414
139 842 319566805
157 752 24923
113 567 205546064
101 888 20779
20 268 991872323
510 667 30282057
319 334 516106
2 284 290996
204 682 482381920
482 867 311975114
323 630 274143079
370 980 648546
112 823 86184
68 799 121752
244 744 969563369
303 480 364031
75 863 671459404
621 986 580726624
581 785 419492
473 627 107780
751 860 369481906
222 597 209468116
121 946 885874
796 954 377573427
425 736 863687767
387 607 394410
23 682 20358666
568 782 441971532
95 381 308980739
188 587 718371
493 591 472635
113 281 211167325
184 195 610700
389 572 3524052
107 142 611096
699 951 883983679
20 168 232115
51 644 404741
288 577 595969
295 303 514916944
358 869 170180059
317 619 482228043
204 308 190798149
10 694 607531
71 787 54633278
345 975 961010578
290 553 394517
342 374 743562
297 545 279579
468 686 89641
220 533 622464
780 821 126925
255 668 237199329
186 737 4080
727 735 600229564
575 798 491708
53 543 916068996
145 822 647037
176 563 842770
144 665 512379
353 738 303923541
510 523 914678
518 890 334683
279 450 455010605
112 227 391023135
397 898 253487860
311 366 640138288
229 744 242810157
44 304 76114995
28 83 815134509
544 577 839311549
896 983 704644
285 320 974890924
127 427 506887
106 855 613453
574 861 331206
27 647 914592
403 861 127309660
572 654 171847949
362 895 944280175
882 939 218887248
502 891 597684
500 974 631368678
294 886 24353
176 843 917922289
162 379 12907
248 405 60540
127 274 880508523
22 703 644477107
269 401 725966905
322 467 887145
310 441 35995741
38 571 553776
219 341 2069365
191 954 716072
337 592 58193
450 990 584965776
167 808 239641742
189 331 581327671
76 801 825815
318 645 419790201
329 801 754863089
300 704 690731573
366 540 731138
335 932 743036
125 829 627874
83 419 431621
273 382 712670335
64 675 555573
72 271 878740884
410 795 350325
501 583 158705921
161 873 234934364
125 696 292518739
278 916 599990
183 639 59490998
138 331 884195
555 660 47865532
442 983 399555927
165 746 977092059
100 939 68364
213 950 912318146
523 548 837483012
312 984 434651
385 428 887729757
674 689 253501473
124 175 971569369
489 948 524918
189 593 511378
18 229 242748
662 931 557188
255 540 940049897
158 418 352712008
294 380 103688921
139 219 328775555
400 661 645507
144 763 707904
617 939 245739067
716 726 962943
37 394 877367495
349 655 682579647
454 652 336265890
385 549 557891211
88 446 807011587
583 737 686045067
491 638 995172
180 328 581204
371 437 324135
400 610 946897
205 591 601984037
192 962 217181
300 848 438560
98 551 42265
145 322 356712909
328 451 45214
92 790 438425
226 494 402072727
89 894 931910
542 646 646182
308 524 531516919
171 513 67604
493 770 533050169
498 514 55594
287 877 742345938
235 264 109578777
22 722 43518
675 746 247477367
78 457 192164178
506 548 489412
0 237 724297457
237 910 313560669
323 900 465320
771 979 961819604
182 537 759250891
100 583 369571
145 743 255426
163 787 412048
922 923 789760898
21 822 309242485
202 781 177873006
339 996 86142731
79 262 301519137
308 488 130866816
857 942 477452873
614 976 247410
123 662 618008187
679 948 674212
791 972 236808821
174 878 759690
476 656 654924717
231 544 397409
596 985 374639
186 652 268905
180 855 702593989
624 889 164191
658 851 933105
23 241 199415
826 998 273133
269 689 72081308
83 786 857220
56 69 388617102
290 981 312181
188 822 561273736
354 844 200219
356 487 571293320
727 863 997559
761 989 987735864
17 772 556076533
32 418 552128081
207 282 703835615
714 909 806251357
269 419 764186
839 874 227068453
151 498 756836036
19 262 880803
845 869 712847040
466 589 495017
150 776 526302
162 941 90914
132 409 166957
494 866 366140209
251 970 453614361
230 719 586863284
74 142 805296
536 660 41786
111 231 508529
550 603 279976
340 497 805047
509 764 96583730
140 495 149748
109 196 302837
441 925 12233
646 925 334228717
275 460 539318548
135 995 82588627
66 216 26542
834 965 493046
86 854 417818547
147 710 462485865
4 887 127391509
414 478 820548625
102 281 951571
659 738 322407848
343 892 77939
475 854 408198
586 596 999996
75 270 899349428
711 883 924214
164 496 550191171
207 592 305913
444 895 61120819
188 721 930485253
825 959 473428
538 739 228446019
606 784 369072263
243 505 358146
381 595 86565466
280 775 540043
248 814 71269
173 476 392137
554 632 907254
72 495 254541471
688 698 412830
360 827 681575
13 984 134314
773 810 457285
15 895 55946575
170 329 199120
756 882 605924
672 767 921043919
236 675 396396
211 706 317279184
367 842 732272044
137 701 656050941
72 520 131932
226 678 853559
660 924 119015
636 862 147151149
572 887 594987
381 688 232883
243 444 708025740
419 705 835712644
42 236 616066398
508 577 682459
534 702 84601
166 846 967917
208 349 521670409
176 516 126465932
106 787 527127
63 391 735222
450 535 862871536
36 877 3372436
48 363 175359283
960 965 429896603
291 738 139640
210 910 84127
124 954 347767
621 764 140124116
465 860 980553779
33 734 300779708
395 750 990264413
121 935 261450204
496 539 691600831
116 169 486655
88 923 419641084
488 537 311242
366 796 68140434
79 300 298658322
211 236 944698105
365 934 124444
488 838 195019
45 517 657808
696 965 199350750
199 704 288999500
519 829 667351407
539 623 798100
275 913 350711
15 634 762759477
663 933 34492260
613 976 615389
12 158 441992742
141 630 6501
815 890 772415535
733 988 550029
348 584 545120704
464 582 314203
334 526 835767990
82 411 819399
349 966 632309
314 545 788416017
776 816 264944701
385 457 672052
362 497 47436168
191 850 724584892
230 602 867997
459 593 13057
625 626 760196561
307 847 245533
526 791 62780
268 523 880994
505 572 120133877
603 785 213251068
528 923 885790
690 758 594128358
183 679 298026806
497 907 303238451
114 609 86972929
674 883 127262137
209 606 694545697
322 727 782600341
217 464 583155489
1 919 259825
212 753 703148
152 875 899191
986 989 420357120
10 612 191972048
542 776 267073
616 981 128542
466 554 767097735
366 627 186677
798 824 478518254
254 543 193825256
392 890 147561562
155 891 554455173
785 800 775264968
841 928 868191
893 898 642270962
744 892 27579451
388 490 56219291
677 938 64433
123 989 725489
706 794 634302
581 734 551993908
317 415 900403
389 624 221438915
196 590 969773995
313 990 697032
137 215 260841
336 414 226426
453 621 509862
214 888 559755516
642 691 301654
444 876 153834
448 546 406914
5 460 714270141
105 842 548906659
398 464 278222
337 538 886567
53 911 22470
351 639 759993
392 601 863833981
425 761 653958496
654 757 350492886
564 793 179274
111 993 428842641
481 851 382392945
877 912 270995
0 243 804426
193 519 780311
295 522 892532
221 785 374819
313 859 989690154
667 918 906387
332 701 281222
631 668 139857
157 887 172045204
317 882 522297402
172 848 732262902
586 716 509756
183 409 120277853
377 521 693946
256 508 151770
257 334 907048454
42 359 862356
115 211 716938
113 148 579542
386 553 889744
435 885 118689502
245 536 647543
38 65 792263
574 782 942177
137 970 763097
62 844 835044558
346 573 876941672
35 733 860734824
645 908 590945
43 611 638040281
147 229 863386
728 790 566033
399 961 786300
214 363 521480
443 833 998607
282 907 808453
399 849 627804896
301 783 698914136
869 883 473152989
97 339 859391
289 510 466555
138 529 295080502
167 382 318080
431 623 114628
513 986 825635
411 921 361285750
7 294 239856
440 791 589936208
267 542 843686169
504 828 755862
181 889 704551938
301 470 610068000
122 357 986906
953 994 875870
99 259 805296
12 851 545050410
251 476 932449942
634 710 479495826
128 706 998854065
504 800 98686456
156 974 56419
178 879 817747
179 507 744946
303 357 199235
447 854 251110443
382 705 999305192
416 421 867712245
203 372 416374059
227 415 376913517
311 711 860747782
128 844 159792
967 995 196216498
730 764 953487010
871 937 631765
67 710 902511
12 585 831392
290 968 408293559
620 905 771054227
281 578 1413234
184 589 527469498
29 837 19079
393 451 332375899
124 444 482060466
311 921 57538805
326 934 33095
345 406 883888242
846 899 518938
830 967 724388102
293 967 577623090
228 708 137296122
93 341 406296
562 939 402338
440 787 840135439
327 657 398885889
64 791 681864083
208 543 322515
389 884 956583
614 687 714365120
728 961 28572872
236 735 589211
575 576 253639954
454 771 117591
70 741 770273
193 333 167101864
296 676 46781
321 788 734343
67 648 135843642
15 396 762020615
589 685 436679
226 701 353275
480 958 760345
381 415 991821427
506 611 117946
306 527 329185
12 720 612420
3 114 614602
387 901 853824
533 808 806021
648 939 901560653
27 202 579969801
628 893 278767119
152 744 591821405
283 291 978741699
595 967 706479
34 259 495665
417 535 952626
212 601 412136175
534 756 284953
485 623 703798365
348 764 748062828
266 800 485073
240 931 904337296
325 691 124483404
622 751 590032
516 779 225212872
55 352 766865525
179 409 697395389
175 922 978763
613 767 333347
64 403 758622915
265 521 172155768
369 588 401329507
584 743 985005245
727 817 84365586
555 769 625461178
49 525 981410
119 225 14224679
299 792 852484
78 765 146042
69 105 135098645
872 987 485521
156 393 832373891
396 570 889134
248 644 803646867
910 992 680687
33 945 635509
93 396 370057884
42 773 33763757
402 552 628977268
493 944 709571348
31 68 374941974
770 928 832762
81 904 752936898
722 988 931512141
134 947 863336
352 417 982300520
51 482 892231402
142 720 799317096
87 956 244050
188 786 447851122
234 257 655662
697 889 459724724
112 474 345009
174 210 502596084
345 724 610720
394 581 785568236
610 794 591692802
470 830 639697825
609 942 479181857
496 572 172633
110 393 626159
20 267 22952675
820 933 504884606
729 904 474740
299 724 353548486
608 789 296912
247 920 86778
189 893 687905
495 718 474790
12 461 706293579
368 378 429146
742 890 19893781
190 485 878621
135 338 339112
9 858 863929
32 263 322395
151 824 411876
244 569 499269797
714 743 798284259
38 244 571825529
435 723 318842065
492 803 548039768
174 186 768489721
19 982 65676
215 652 30058543
663 815 324577
300 758 743979
600 817 141538
522 595 949878955
435 515 810846971
634 810 835649
322 897 741089
389 685 130451491
161 846 39271848
402 546 82767731
541 809 131928
2 153 245645283
203 636 716765
53 220 40786
83 235 889315195
41 532 457807
540 553 319432549
72 223 946106822
206 487 844813
70 414 851245
644 700 723037
755 908 146348
22 820 456293871
198 781 314259864
785 908 916628992
133 396 824649690
528 738 349528
333 855 220235353
180 680 135597
482 779 515135946
183 612 149047
407 689 607143
454 483 830190474
320 846 86185472
120 443 316888
714 864 731780193
56 863 570587651
5 908 235293894
85 925 260594244
379 655 681579
577 933 836713394
205 983 859199
307 673 76664
40 202 933889
109 554 33927034
477 779 777000873
139 871 346283610
690 720 192855
547 977 685162
309 398 758507
198 362 251711
214 423 645040
205 962 342187440
100 673 77321359
161 728 577347750
37 957 412717
156 227 497448
49 95 996795677
555 783 161569020
811 920 260540858
519 940 270303
123 852 240293
331 413 790375592
197 552 682707
237 573 530849
21 447 833166
198 825 850266166
761 866 505354
403 558 80298
446 936 683491
505 508 430394607
59 878 122937
78 278 877894
251 996 496046272
87 293 108370746
340 772 965597508
240 951 454066
665 748 199338316
410 705 110892
464 704 791850535
547 891 830118430
640 770 127570
133 541 849664618
35 620 603796255
389 425 673051841
112 369 545415606
304 729 169569
197 510 867818009
778 996 21925
373 902 660402
3 383 139252
90 911 724903
56 816 703981
113 809 715954717
162 959 575854699
270 687 156950175
543 898 116301
713 929 765965940
283 389 832072385
149 867 384928719
126 834 843046071
392 832 351501875
113 191 790436647
638 950 876784031
182 457 681946496
212 875 841130514
197 284 597937518
394 714 697213
265 841 246597
362 976 769173263
333 801 714413834
234 650 382244
159 864 751976469
880 943 597457
377 479 241979
230 557 309547
67 568 789091
42 64 896029
128 346 839301
154 563 574255
334 458 104494718
584 596 259314
11 86 934298645
369 825 238395
184 806 788780736
146 253 12819407
36 749 646060993
301 442 139052
487 854 74740585
121 515 309720838
37 672 960148
481 776 518141468
586 867 345365
468 518 126901639
17 172 306262
280 826 785413
403 636 337532000
503 659 11218
361 822 700973078
767 868 465218478
681 914 291390
61 993 168890
528 868 726602980
643 761 245246220
77 342 552308
531 620 131843
416 832 614719
657 693 693224746
134 647 582799
7 59 687645
339 547 794569605
377 744 274921338
2 352 702949
44 358 667314
192 499 50461931
110 957 323492488
197 359 499468346
609 857 609349001
411 992 695353
49 346 679208487
705 738 904855114
55 742 143334
34 772 67183508
52 609 441016
224 991 23585
159 333 90901
798 890 101016180
490 894 467473022
573 612 548935869
227 345 15578021
199 254 170478
527 564 474185633
655 767 749172091
160 429 456848
429 493 772772
189 520 726108641
668 917 111823682
431 437 696122592
254 518 705437390
402 576 522019
114 333 121552582
217 718 892857463
0 250 614575
28 375 415961475
923 971 293021
925 997 220074
146 388 458926
114 612 613834
559 718 596700774
385 909 858853
306 621 913155
299 855 235514887
240 851 719239
396 657 77653
704 964 727619
8 311 744048037
522 869 347041
244 884 217379
220 459 786283296
61 684 588475301
162 519 401017832
364 882 995909
351 602 853262
415 744 470976612
125 190 799072705
576 754 105589
284 915 586540698
664 978 295379619
84 630 617630
256 539 857213569
697 757 535921198
101 315 437092975
354 748 673139
36 361 385631
392 964 471411008
32 701 334577410
382 879 873121539
351 434 46663176
356 682 414743
777 995 786565
507 826 477545665
344 696 156645
560 588 298840
140 456 540621
146 289 515386
765 811 359749
221 404 711709
718 837 387527618
588 753 617825
600 846 645357316
552 846 11853486
92 482 699628
769 928 119517365
232 353 177722
225 734 499530
582 824 360882
58 770 196046785
492 847 319471735
212 735 182955
717 811 580871
104 806 274779
39 340 150463024
526 614 772779142
498 638 271679432
424 700 667421
350 957 288359
276 679 996300651
434 769 463641
242 839 681093
285 385 263624515
625 775 980797
427 879 365676051
91 411 922883837
315 406 212280706
860 975 177333397
10 702 715122
118 127 262645
350 976 249944155
365 457 186774013
208 715 418024
755 989 775853338
96 821 319025
359 477 469628
960 993 147258
41 597 895376480
245 380 118772
368 642 299118468
704 771 528216249
227 314 686508355
44 427 621040
504 580 280734
168 255 300323
44 402 191380709
25 60 988403
227 238 916109117
739 970 686698772
494 892 301461
45 145 248978112
32 694 634411800
355 693 691517
228 732 451131
231 722 222826674
625 800 826209
103 567 928545446
160 284 841222214
718 924 322947
235 867 750138
149 961 609646077
922 944 336716874
54 781 311138
54 426 431636
59 439 347184288
305 866 693667
460 977 282337157
87 536 852881621
134 353 951564340
574 752 814392853
252 856 659142007
413 530 548150832
556 918 48923
739 825 34700375
343 992 88146825
415 811 424244075
190 952 954004807
281 733 700015
439 780 361338
351 756 846058446
407 760 867512
312 826 986921958
616 888 168803
756 885 468212666
255 388 35295
190 858 504652366
191 559 78341961
459 669 381635725
128 226 107028767
417 552 106105308
177 626 20244593
458 998 211789751
526 849 434305141
484 890 967511
686 731 145159925
785 826 8705226
213 585 556820
39 401 954134
471 570 124573
646 719 365054
667 935 228517976
605 902 576284
312 978 829394575
772 887 495092332
247 997 585589893
131 840 597583
775 971 572456363
835 871 882611638
37 252 654394643
161 547 168240580
19 856 358004787
255 266 950653750
24 150 241003952
86 750 719081
324 461 830558
372 455 51998
127 444 7206652
58 333 748087
200 597 661073
253 829 13824
195 242 151478
556 624 694049127
149 926 705173
206 619 302060
619 910 854133059
241 445 976719
831 864 45229
21 547 25419778
253 881 383470
247 973 197208
222 960 190741351
321 856 536589
611 724 155452
333 597 933059928
659 983 529837286
499 684 540661
431 569 363576
554 592 91096770
692 897 83003116
103 527 117977
346 887 645914
194 497 518005960
219 709 215766
642 678 585188
404 966 985861771
373 708 357004
139 170 884875
242 881 197581443
296 408 876398620
384 609 401428882
511 764 907637
486 992 7040142
323 805 724577
601 964 447967190
750 849 128937
556 946 537099
775 897 197995456
370 474 885714727
757 958 11783070
235 805 270863
104 754 33055163
15 564 43783006
581 703 530017533
708 757 823845872
402 458 664901
181 211 590724388
275 900 337027548
241 422 665535876
842 899 698525935
525 693 590739
89 660 9491020
180 592 717871054
219 651 350264
413 870 143650
63 571 379645709
635 986 332497
336 982 337062
211 513 318392239
222 304 897204
858 930 499370
355 560 227420147
85 483 907680
7 782 719227680
539 593 609288700
594 812 725509
61 319 147938030
246 337 217060589
394 409 824853
473 949 531630
126 272 122991
227 897 790051
853 978 338657
206 474 562645185
369 519 770248534
242 889 687629016
697 863 259901
26 475 306600309
57 922 615161079
820 930 533419623
389 800 534329615
383 957 496798171
597 673 546923067
475 599 733223
243 701 247483825
294 738 294817054
28 927 446268
62 861 745308
450 915 292660065
258 927 231591427
670 958 76287
210 361 201350
255 508 988841245
93 374 707521
375 576 294634953
279 827 312533
217 231 306606097
888 990 191746465
705 763 323615192
257 622 819560904
185 868 677298
43 739 662064
626 925 82352331
529 595 960014621
741 931 937168
188 965 454987
456 561 856074592
314 578 891938
313 622 666685
551 654 810938174
68 333 296694493
342 765 816226897
674 783 63817261
691 852 307096114
113 239 602913868
327 764 965880
102 321 644037306
346 451 697492368
105 297 697978535
4 926 335683
14 204 159754487
57 274 628308841
658 689 363465
435 860 231594
384 839 186333571
88 599 456873779
5 283 253923335
692 840 923384
148 469 312318
517 850 748751467
330 713 818408133
11 172 486476
697 724 740582674
75 201 909000
295 529 444321
368 791 532121714
246 755 648770
335 905 765873
32 316 317977
52 339 923392
304 915 248876306
76 426 950425
372 377 672452501
332 941 627372766
160 202 120372586
537 656 662860
505 703 157171
562 741 162552425
58 239 752153
59 189 651751796
225 759 310871
496 569 12482
26 995 942493
839 868 193249
155 722 211027988
258 633 694023
81 713 242353
684 721 166955
311 437 8669
910 984 504314295
624 863 179917295
367 669 445086876
143 183 271557
167 667 508691887
547 830 661587017
371 830 265620
444 917 667095157
638 756 914566661
3 493 435260915
783 968 152427172
23 440 668761
181 773 180594
287 944 861263
733 827 221928206
862 990 758839
41 748 629718
428 454 616333108
217 498 130773
375 985 956683
681 714 472470
133 299 105763
194 617 867705
65 945 202271
159 599 229327824
718 936 857923485
50 869 728824
671 915 523918
340 953 104899
883 901 972618470
880 899 688849069
742 924 248665728
114 963 492816088
168 856 527976996
481 773 751658814
129 951 295032604
103 628 358449
46 819 601561
329 875 648291
47 238 988544201
420 751 407252484
149 275 226697664
399 459 317110
586 812 138636350
262 685 247008
91 930 403945
209 287 893512
271 546 815627
191 715 137859974
317 638 943807
719 727 533796916
332 627 135908557
490 803 395917
6 238 253579
209 526 607586132
4 168 725097383
107 722 365803659
725 842 479076
638 915 280169247
24 168 595506727
22 645 178742859
260 677 249277
80 543 879791791
241 317 711551420
147 915 769879
6 984 250312643
370 740 543900
54 499 486028291
199 359 951972979
316 881 776621
47 112 873954097
165 236 194266760
502 641 38473
90 120 935776326
455 979 905055
435 476 521953902
376 813 203924
159 661 391250
266 364 761748
472 937 839098
417 593 860341712
24 255 333573864
349 807 511881245
209 952 301764
256 345 279863270
449 629 546673
38 511 544081159
273 311 786876
30 679 881933
373 712 272453086
151 185 994273473
755 766 219380045
261 618 609058
449 791 610577
389 790 543697024
779 857 438704
15 75 576881
277 539 564841455
639 963 126161
784 914 845156669
598 659 734076
266 407 317677810
375 784 671707
318 911 816760064
428 951 995260
20 516 657516
151 250 371731335
101 804 794521
182 198 116807
236 828 100826498
326 683 829620
286 761 655889
39 274 926505446
482 904 667858
174 673 525218
601 743 409334
35 815 129946
744 966 65537
296 562 780310
143 690 972682163
382 781 372498
207 879 501528075
184 465 876135
21 153 101343339
471 696 96174950
448 793 952317
318 598 138943705
798 871 131978
168 216 172997637
433 982 709207983
815 986 493669536
258 470 180638704
57 535 72368
590 905 481993343
784 797 698335
214 604 732589627
232 462 232455683
149 877 264306305
62 901 658055112
45 653 665681
598 894 140150
317 322 575580931
21 975 671237702
788 865 688991889
99 731 288353
263 302 245154
154 831 989429296
255 959 296737533
217 245 243514844
327 491 411239
34 914 422232055
648 768 721533
94 332 377007860
573 820 53683
470 667 973834155
166 667 428718
207 452 73526
177 492 895157
676 836 818614
303 610 180418776
193 554 505538438
746 960 641584
17 226 113340206
552 609 28307
935 938 460125826
568 772 386705
163 180 168980997
509 618 192882
619 758 269936
233 297 539134289
330 933 151646
155 935 974813
4 302 348968
627 919 307259834
436 470 845651
94 633 862246
677 966 191160751
667 878 468109657
216 347 139364
645 673 130030515
253 481 48670725
18 712 786939
697 790 547145769
501 828 117090
121 351 658374576
415 906 419895
50 258 809986947
136 445 752888
541 599 310292
73 511 343382
441 825 464257347
110 179 674887489
7 615 737265721
478 876 56735
198 239 769931651
121 180 445961275
355 783 420070
108 858 249466143
374 706 111639484
332 606 684448
36 292 644335
160 324 840196
8 565 42630
417 481 709060
177 751 135794
461 747 255436
108 803 561705
282 870 100226
217 549 773274
69 855 563959170
521 959 860866627
255 622 924150794
332 481 627333029
363 438 757738
644 657 292919099
196 699 364029
308 463 442811
115 425 531170363
278 777 210849109
277 349 278365
418 772 921313608
913 943 522622
879 964 908570
312 507 78285
766 999 416514
546 705 537208637
180 845 638571360
180 689 199038247
566 771 474907
27 603 205709
826 875 18281216
63 525 220921715
44 489 361644904
111 232 740664
578 727 945713
640 968 202044
224 557 306646759
310 992 822679566
11 680 998372616
442 558 76846
43 274 54845435
82 382 961836559
21 158 424628
432 620 261563
339 361 118794896
411 796 407684299
161 686 813832
831 865 341180
822 950 859048139
191 468 193861
352 626 66363
25 950 18712
15 930 770879425
561 857 910004
35 368 52655
465 636 211699
318 401 772855
181 699 117720
50 60 317530223
58 379 106054364
315 626 474599
607 978 663598231
5 979 672568
141 902 45128144
61 704 157527
403 428 964748
386 655 917769
107 389 27854
187 481 797239
267 893 956866709
24 318 662734
645 664 400885
509 530 713728105
422 518 139263
492 630 225663438
81 555 668660
690 736 624912980
60 96 885409
384 590 486436
286 514 790814
304 479 856555699
224 610 87025
424 999 414971
126 863 760044925
517 632 305299
218 590 132420
309 629 824042412
358 873 916377
315 575 525945169
434 586 856602111
599 629 921964765
33 406 287817
652 932 642808
571 646 828912114
608 684 765670913
150 662 276551
754 998 872305
293 564 924604
486 836 246793
291 706 16339
580 795 625647827
444 835 37680
695 949 850451
313 482 800282311
372 832 363073507
304 543 730252373
368 921 405289892
241 995 449938662
376 759 162536
289 729 210728412
154 648 388319535
291 585 985544590
821 884 494851985
406 774 593738
457 615 482134
343 372 330993462
8 739 425062
57 932 914751047
367 469 684959
852 955 133220
187 259 528025895
298 559 56649
287 325 825086055
89 139 526748005
618 937 828350900
39 758 44782314
288 583 679131
224 856 33343060
379 978 755789402
175 550 496986203
450 927 687055
338 432 910119
16 611 518054151
141 325 827587
831 942 126469649
273 917 767573
187 715 423854
381 624 931939863
591 765 661569762
218 578 488560220
338 609 261378033
537 635 292124880
116 709 941364
343 651 358150
113 115 250669
168 944 853244750
695 732 234637
121 704 992211394
357 684 481798201
625 976 452507230
133 222 412562162
39 874 762308
275 728 362358
708 883 431783
176 492 931730
145 970 122015727
101 814 823587164
366 470 823675969
707 907 492415
118 579 760120560
212 816 785705852
264 655 186689962
193 204 714269
155 404 822427
13 955 234710
395 823 290362
392 712 184108190
590 908 966775362
97 211 423099
608 669 465573626
900 929 785858
717 951 453613906
357 723 455100851
609 785 661232808
243 377 694022243
617 710 428918950
79 310 517494
164 691 656999
484 805 331042221
344 501 63923
747 809 471463895
397 696 798948920
63 730 910344
251 850 506388
167 818 612924
421 972 237561
233 500 354111
405 650 690058
264 526 612936
749 797 837983758
68 628 420087
126 885 375412
348 467 197160
94 980 885839
526 880 243065156
195 459 597295810
102 500 191620
52 198 106835050
162 570 137306556
260 529 15945
201 560 908565
92 559 111543101
251 991 195072
360 814 291529
211 587 961082414
591 848 374116894
433 515 124766
298 412 835472
358 458 742297489
228 392 221832
520 663 693826238
311 510 679256429
351 934 696998918
73 156 881435259
302 920 344832866
690 952 62947
604 749 815461
420 670 227072
357 511 21912863
484 719 694973
845 873 455073
164 315 816305
146 493 56026197
14 416 367938
318 908 75936633
346 905 999142218
284 550 217539
16 274 78302
0 309 584189967
277 847 11515
216 931 784025630
293 903 269421
320 859 335010
34 942 816210
168 490 289944982
252 592 91398798
722 808 896471286
11 88 249824
885 997 938808914
547 838 392885999
12 72 416117890
789 842 446729
205 239 333600
157 788 821774
333 773 325857194
434 604 972234
490 997 172969
361 443 7368289
460 853 102762
155 723 20462571
895 938 867672
223 605 25639
221 562 483255463
73 802 306184
114 596 905169928
548 812 681167
40 441 490432
56 261 264249
185 949 308662156
491 572 952012062
174 469 436584997
392 932 595584583
813 865 362540
594 595 570935
483 621 296556721
314 745 878790
49 472 869430449
759 934 899865129
571 701 23365253
168 218 641526719
48 877 56120339
483 757 304088
1 175 878762
652 786 204324318
108 571 155050
425 674 281502
725 909 903688
975 988 775268
43 757 594674
72 505 210321460
403 519 906698392
91 138 399787
458 911 766497794
451 509 438000
680 683 665976
270 557 935926
254 707 61228
436 802 38236
440 702 835864077
427 440 540541212
797 893 325141
107 520 424809408
182 249 685470
375 687 699773710
443 617 628536992
711 886 280892
153 932 822324090
567 606 281241
666 843 831160
80 760 360210
456 634 823060
6 109 315368420
401 691 176963299
113 942 684462982
331 961 293426
802 934 194855484
269 784 139468122
470 705 387187
289 957 411185474
416 837 795979406
414 668 849572061
338 827 972027642
916 975 612039008
362 392 177679
205 771 706033975
969 994 577522
85 154 711168
786 971 881279
413 850 504870
688 900 321234797
122 698 626032844
471 723 264149
297 489 589398
452 575 145474
105 269 99265
125 956 174504
2 221 22443814
779 978 726811
330 696 154445
423 617 111455
185 466 800784
301 717 646159
832 967 535868
149 454 340596
158 905 492744
499 929 597023
538 946 4425665
109 671 118368
572 896 161560336
356 839 680585792
479 545 910827
469 689 187314418
242 353 570941125
472 963 767836
264 384 659473
31 668 202650
399 698 288542492
330 545 751675439
682 843 884381
17 199 351501672
817 862 223051
382 385 110294779
397 737 897237
72 200 789121
69 129 146674
463 958 579642530
481 636 907094950
159 504 751624835
353 669 678545
227 868 93148859
593 943 118314793
14 663 238184474
13 130 279597307
517 713 579702172
895 970 651743
61 485 455269161
80 285 590315
209 566 926585166
743 972 168702288
310 378 95917
232 316 931277277
87 587 392645
279 671 839054261
49 118 487339
25 449 402777956
475 578 823100162
203 369 791772
293 872 118109571
747 959 672257747
703 836 245973006
305 631 426245
77 107 3421499
90 130 178158
307 729 884426760
880 923 848784998
261 917 954910783
740 911 945385876
119 744 639443
153 654 562719
516 969 261313
292 747 664738
276 830 107542
5 824 723512406
477 783 692658
367 899 979887
334 815 221460495
100 451 356970483
633 960 407985866
250 898 359292
148 260 769014017
204 420 260816
165 657 793642
117 996 149719
105 669 457373
524 963 781063383
566 797 618106360
110 272 969725
47 165 916255
272 805 443915466
274 860 462341
654 797 241247630
500 949 177038426
635 917 430153
390 515 92926
119 601 340967
561 674 391048
55 637 753875
40 887 253527517
124 160 111127720
76 994 175035381
731 792 90682
762 901 338180
253 752 583632432
533 791 207281365
194 213 668588
148 983 90713448
258 777 445534
57 906 806461
77 921 766492
713 940 507073
26 379 614502445
244 554 921976
380 752 242351
186 202 582906280
487 922 16857307
153 580 988466
529 712 921365135
53 702 233196114
551 653 207358
687 845 760955
92 875 999357771
166 188 327594282
137 219 955825714
124 383 471364
106 473 34612925
6 816 953293
254 758 948302748
50 341 418435
435 903 307049
809 837 808026
742 768 807086863
184 564 3379001
309 433 894598
106 971 853680514
421 524 806359
14 84 790735
15 742 921093
3 124 652463053
161 808 707587
164 852 95667949
327 541 306710280
534 620 751075183
440 763 459881
23 520 104614647
222 794 36733
237 539 88338
16 772 672456
268 530 559010
390 821 290365145
252 921 573558
10 480 746194063
62 762 186643
297 735 470360052
439 975 9196
947 987 779901
252 474 293753
178 283 651910
26 31 364529
7 138 104039103
71 795 128048
249 464 295067651
362 416 307715286
29 877 101550
268 408 104986712
727 822 967984713
197 233 420899
721 835 212621
129 712 395179
405 448 623673316
817 861 328979631
520 938 146987960
265 854 558974851
103 174 60751898
257 412 309265
462 544 973520
481 655 568493814
121 486 718186
82 920 377902
218 521 534614
408 665 924186
348 672 176698
246 289 863206039
128 688 864062009
190 503 795814
183 458 886369897
139 968 398218
223 697 841048
211 573 57685821
246 365 669293
9 746 471862
236 631 348328813
478 819 961773
384 443 169163667
456 897 213090989
400 747 417967157
55 266 427106093
767 880 472168
422 585 884008967
512 922 587285
389 869 879472981
341 664 443693671
276 838 773754
334 532 259933
833 835 26752197
590 845 129523750
95 885 529039
515 648 59617600
691 912 701866369
285 463 634274
197 840 650020721
356 849 4810
473 551 328754991
4 270 256276057
295 754 467731131
17 446 779169
778 977 218127
422 494 64266
354 544 642642669
381 862 912580571
540 694 538375
597 804 400161
474 860 348387509
279 648 860742
325 833 364971
525 587 126050847
302 885 343300203
30 131 796115
288 911 144370582
78 339 871852030
889 936 909073
309 952 450826763
486 755 244547129
460 664 730936
545 912 113424721
0 600 287789767
214 435 661800261
173 391 991572
24 856 996501
397 726 273347
80 791 715367263
51 430 645084
381 520 576612
305 335 85670298
842 911 660095913
215 799 396735
167 732 565558682
10 550 743807825
22 796 387677
450 959 583365
47 769 179953
930 932 230195790
155 826 816121022
88 806 727240
467 640 25075330
889 899 521642523
103 949 7168763
608 807 232361
74 372 357208
404 612 760937919
449 504 290379678
179 512 220651
163 935 270761
84 715 463910406
48 848 405567
271 874 754024
565 615 400828
759 872 192178598
698 944 373650
326 473 596459351
692 872 731543
962 973 448652
624 854 511324
532 646 11530070
169 202 390360
459 460 76166978
614 933 296092
547 919 904184
345 531 610979
519 596 328054109
319 782 247561
117 143 223360
132 666 347621
179 265 470256626
160 900 99184504
458 656 233024
312 453 597478708
458 720 169452281
74 362 116441841
198 330 926120398
86 912 38886
28 916 448390
342 344 515566258
816 837 330932059
468 833 586313190
600 968 866472766
487 942 110627
276 947 116854577
629 807 762032
255 378 12090616
119 301 328985361
5 308 811891
555 637 100802
417 585 763396185
48 736 75365
607 687 313092
40 398 207803751
130 466 245219474
122 768 706943
90 487 470496972
82 377 842660383
430 891 161053
567 722 321140
579 749 145495
495 581 138631641
151 643 301966
120 649 640972
497 864 549784
859 941 535725
69 950 986991
66 822 648468
282 731 983135058
35 608 143967646
914 974 258261
855 989 291341
135 136 628172
723 766 810056
703 972 401948
71 423 148632698
270 320 95288
390 530 752164
256 581 198457
238 315 60428137
474 724 702835716
265 745 116593
8 878 755484634
152 834 597092
349 896 903201076
650 856 434108192
425 549 183333
163 529 367007397
118 907 480405639
199 566 791492
130 579 656947
453 462 661260
649 663 808497
71 238 734749
5
532 995
701 834
203 351
957 995
221 693
