902 901
148 836 95323898
69 468 394828416
2 605 403594794
348 783 12232128
97 730 258293852
54 169 197639039
320 491 430202623
224 604 62466434
511 697 165644006
387 778 741699272
727 869 164423942
499 515 709527050
209 309 227371699
24 86 798125497
338 346 653947210
74 797 435546073
82 813 946418020
327 853 79228169
138 162 439612805
10 278 275557174
220 426 312868185
493 892 98500942
235 848 652767174
552 561 328237919
503 875 486249977
113 638 118144886
388 442 889344856
240 821 995146583
403 476 143760903
124 777 380068979
617 701 824887388
122 640 164075952
296 889 437515958
222 669 331992193
102 566 208351605
558 579 351783963
196 266 548038487
18 305 446448447
192 867 784321227
282 750 971675378
37 540 930569707
339 765 161159347
413 628 668862475
531 877 784527613
53 897 741583600
409 498 767652819
281 684 959306888
823 901 623862682
61 108 187644433
376 516 872341085
392 656 696933176
95 394 679555440
262 407 362463605
324 803 892374625
120 244 951035274
583 809 338433380
15 278 790258426
227 233 99519961
248 439 27069212
151 760 72741946
306 679 103610921
409 469 824505040
221 528 900196765
77 434 679151344
232 347 496215186
173 787 160431969
425 430 784228567
214 287 487008145
585 798 236766058
418 766 950285415
484 761 645491260
457 581 830359151
400 790 919160578
847 881 111411831
245 337 860112332
31 237 172775580
198 363 481339292
275 873 673050032
149 872 745489803
622 762 49541949
25 186 392873698
73 413 83482448
131 758 842958602
12 456 86215402
127 406 914714050
588 615 710762034
32 827 400223033
62 338 727151307
174 779 219985750
211 890 110310115
91 802 315156380
218 667 559013822
733 847 165482049
580 715 426025067
243 384 321227582
385 815 986260458
328 483 940345696
496 758 788440120
13 196 930346928
723 856 124392268
40 72 360909413
33 767 736899414
135 164 999081547
552 896 680842670
504 875 11572533
789 863 3437478
44 469 841638240
778 887 820720086
100 382 262350112
579 648 823812471
182 739 908721313
268 882 163265199
133 557 831455146
788 843 311628485
397 408 883541085
690 733 343184041
16 359 571348975
253 358 499206383
554 716 295988984
176 825 657586603
399 479 5050087
302 773 160391468
646 763 331519346
89 571 525301877
612 732 278119442
30 559 427059087
256 573 312022343
268 388 506476578
641 827 666278258
112 405 848621492
187 374 229631162
20 661 656897370
464 544 191217502
440 508 212463613
588 752 590246885
161 564 637620209
239 799 251568741
495 518 134307666
717 821 922075691
341 879 835618374
509 881 78595004
6 241 492068281
446 488 632448421
364 729 87805430
48 66 609218130
567 594 739699790
93 252 593255297
387 858 88587424
194 370 335611690
99 649 636764481
48 115 371690628
117 166 939826810
549 614 908741586
183 700 296641696
724 864 101454942
574 738 275888504
202 380 379069940
470 870 251666784
74 649 790409143
466 504 999283681
140 878 445997241
108 721 624763792
66 697 864248384
301 620 129493789
587 624 937158802
107 443 40821766
111 465 969295080
319 781 535409929
213 355 756356856
644 671 891713702
826 842 100178994
392 790 783144034
355 846 807680222
76 133 818770682
28 430 482855713
234 604 696857016
440 822 507620838
5 188 874339025
118 737 347331944
645 680 927184291
215 652 849467874
129 717 466374505
599 770 792853583
223 524 632052603
160 261 593741995
0 375 272308852
211 444 828011821
288 583 577268682
271 443 853013882
522 813 439726088
64 289 990625846
4 232 430044840
225 428 755972395
39 517 693831596
744 898 274765737
622 831 130866776
119 445 312847064
226 484 737918055
571 857 559230808
104 658 723057086
99 412 632878610
110 293 60528480
718 726 216722043
661 826 138237962
354 682 242878616
60 542 839426501
197 742 178757755
462 572 821018447
732 747 305836762
213 783 877308263
226 531 212106846
419 597 144734991
395 897 507282880
92 591 108789556
165 619 482506486
461 832 723490007
46 586 371241773
331 548 634817947
675 823 797008027
29 171 354502470
352 358 192664679
663 894 979972620
42 407 310678524
6 281 44491711
319 548 17350398
671 852 981828329
17 900 236013169
159 801 989504146
544 706 158918151
595 738 110867300
267 623 160240769
589 886 917668581
63 647 856052774
459 619 130500686
206 822 706006610
491 843 540492548
325 885 718205374
12 654 255508342
475 650 145073366
854 879 36625229
383 424 902356169
23 70 970759697
202 393 16326584
87 868 250874135
107 824 653041596
502 578 918362094
503 525 73849651
625 631 540840860
699 741 9068975
343 741 15407282
158 415 675180090
185 537 971737149
39 272 566726546
466 798 32120499
485 899 124737396
163 556 821909843
3 792 6376691
87 837 444766471
179 678 467009225
401 855 283564536
572 768 520438324
104 796 646473670
279 719 640903395
640 835 699151795
444 510 764727854
194 585 772503680
16 144 877513992
106 467 708342644
371 434 937292363
378 441 221591330
462 515 461004385
8 124 785219674
316 702 178323920
236 880 904584761
553 613 827790616
68 810 450526256
271 294 137857617
11 304 936268942
73 169 123150165
257 536 857848524
415 768 579285779
193 334 615249507
9 275 812570884
94 812 421650155
311 630 123563421
260 596 341313370
111 809 213037620
422 888 489021103
512 784 136079252
216 435 607740682
666 844 884875766
52 429 778858444
308 369 815545898
736 750 61975287
523 576 99835083
56 592 725515765
561 872 303568550
82 435 82541745
109 341 713502570
167 463 356055092
29 181 66405332
468 838 934355732
47 362 845293438
35 652 134742247
508 831 600988949
138 703 914353217
360 505 753236286
618 707 515994893
200 242 507625522
223 855 125039681
418 668 308478380
274 819 982047163
303 487 420874834
192 336 766851693
32 305 987902934
198 343 278243798
487 868 386813516
41 698 192736840
23 329 346718871
134 330 375334807
312 365 138680629
406 467 413324720
547 740 860977116
276 812 249993183
589 667 925743977
419 537 165746490
651 763 289790920
43 345 383186362
460 713 675855731
173 267 354997379
26 643 464542015
21 85 77024352
250 376 421099942
114 282 783606211
709 766 510257182
465 481 647507271
184 833 772360284
505 549 78037274
602 728 294873242
375 719 238520926
767 796 933851739
126 349 642168585
347 574 441217415
55 119 428194929
125 489 459410301
109 785 294446062
594 878 340554999
556 818 929692658
96 245 7824575
421 749 455809288
538 835 968097519
148 776 286110618
431 865 123639167
560 621 377727857
175 438 310752121
9 521 272700249
335 669 698509834
734 884 830261233
582 774 713709499
228 457 938184395
403 901 24704153
76 290 27635727
312 509 148957010
247 364 671963345
128 163 491435282
116 165 106475948
340 367 261926205
241 490 430398839
86 365 547916518
135 601 770394429
377 575 323362934
546 862 602052211
316 791 541019087
720 851 39776324
833 859 331378158
103 816 504193434
57 526 887372892
344 368 390522832
126 693 133938760
532 535 322903062
205 438 855248527
381 696 831939309
2 486 506247496
153 522 106472941
702 829 585206550
323 610 571195589
304 363 20483342
208 458 644665687
428 734 351555318
523 759 395953946
342 557 589840740
339 493 833179038
449 632 714496192
90 817 748953965
8 331 488434799
34 541 552154745
100 436 103941667
130 212 246151221
36 474 305938096
35 664 383883757
676 882 814288749
166 743 520936192
389 475 301281196
332 344 417940319
96 633 39760948
679 703 835998485
398 814 822491336
294 800 40988815
745 854 105482446
631 860 768360566
609 877 64259492
7 482 178387571
394 423 207284287
199 249 62952479
318 793 983572606
478 551 214931637
90 332 654973414
65 891 381914459
83 397 182459512
222 693 687750773
366 597 855343391
297 327 247530324
139 708 787776448
361 442 862800187
769 898 478859500
372 613 599363698
452 485 622856442
128 414 611686087
471 539 723120539
258 276 592243735
205 865 414894955
425 814 305687927
253 712 130096124
47 621 132707780
175 623 599932833
4 586 851908471
450 519 947331723
93 297 621107617
724 893 805386488
298 665 213919594
150 333 89741774
180 896 111767862
447 876 700111002
568 784 581574019
19 78 534039579
62 598 938322569
626 685 944550870
229 786 697406838
657 727 586405574
252 423 426395754
257 399 859635017
239 567 15725906
603 857 249754362
494 687 853896203
558 627 830516220
291 762 333268093
735 866 708044511
350 591 788207757
95 776 733046800
141 172 541580691
141 807 699547331
333 753 326632990
749 874 233615190
63 686 931241333
190 602 303681409
401 402 460079210
386 644 662754197
193 893 708459184
499 590 480503154
247 433 713492024
570 800 59904935
660 791 889476509
543 607 333405205
27 584 714125954
14 411 480690909
225 538 310711631
323 666 313205006
521 806 84821575
317 601 94715290
635 836 976656967
178 179 546008343
543 616 887644148
188 207 960179728
510 804 226248826
70 618 861299806
370 816 223782848
743 745 464926111
259 563 486523981
255 596 363506997
162 829 876616480
477 511 149792563
725 888 475521920
424 863 466358181
154 208 886161943
614 754 923138430
792 795 733102979
132 837 863072954
500 653 432403581
315 524 266069421
451 801 119529167
210 273 554568503
356 495 611244971
216 592 740130978
11 292 488449741
313 751 322156775
30 683 545069437
106 616 998908166
300 566 310085839
234 777 908843175
692 779 492415078
299 492 705024354
737 793 501554000
629 695 648016121
19 775 769376193
514 718 809257835
129 349 495808478
217 295 156710354
3 283 28446923
694 757 382628870
439 520 620270071
555 680 873537308
562 698 308185609
256 786 444488841
203 575 540953390
436 608 164684554
51 820 213470672
112 284 510671287
690 891 263056235
417 662 225615521
489 845 544213963
379 565 894941134
206 310 796616279
38 79 946854277
88 471 654070711
80 398 166289771
40 856 125420573
155 350 692613290
351 437 411953926
130 884 755302665
459 576 970971275
747 803 541859727
545 587 609692787
650 894 167248798
258 289 132088234
153 158 170204028
280 755 309611989
274 706 727755514
295 672 243262874
725 787 907567388
191 513 331839472
219 284 696287594
380 404 243938658
265 757 544661046
689 701 75348295
71 307 417244481
58 254 401408253
143 726 741108725
361 563 626143852
50 359 946409593
379 700 55503940
242 454 150034106
75 167 634975830
593 689 906754889
322 780 659465388
203 721 45513645
539 772 604676491
10 488 271610633
352 533 653993931
160 215 580781757
152 683 86121243
238 432 272574782
781 834 916572679
260 322 383742299
190 659 749380771
611 657 863033874
117 461 146021038
145 804 324514925
581 711 652020650
287 414 177155523
817 871 514950303
314 513 150009808
554 771 601238959
116 195 161712536
103 432 996541696
590 696 379896551
317 582 305192576
518 770 631576854
496 810 446026939
91 115 536735700
67 140 812630369
49 382 557378245
85 150 627378222
186 577 418157662
264 849 146704239
201 231 764310057
221 641 470276506
296 541 5424407
36 869 723191906
77 204 503133241
445 755 548739947
286 470 394166001
286 519 636470749
270 472 137207057
497 760 862065516
147 151 254034268
132 412 801545924
291 651 964419673
246 486 882064365
391 530 334336820
44 80 113636053
229 306 676047505
81 458 355233269
580 653 330675642
61 735 531605634
300 820 849085882
209 765 654084928
233 292 977869290
308 782 802192073
357 483 125684810
255 527 598773006
593 842 537685620
37 143 48796882
360 818 266429392
83 270 825462895
520 828 920613424
94 230 526797601
710 811 355113229
118 795 808573110
189 542 508956406
195 564 33245664
78 870 580266985
20 313 19633635
227 422 475061540
269 673 374342083
634 789 486731528
64 775 878613703
52 686 776716506
161 288 668388043
456 678 968092856
647 850 286157177
139 526 377415475
101 228 850999626
609 642 539454593
334 723 464497107
81 102 93292783
75 677 368365314
146 555 907325642
136 656 955061445
396 844 727085233
123 473 409307628
315 675 315559221
298 670 484145037
59 72 166132897
449 886 768824827
277 672 679426934
92 149 23641631
731 838 319529858
321 711 99084457
553 694 910470657
307 448 197926730
638 864 328853944
22 670 450542459
648 845 753204470
0 353 313156009
65 529 636671258
455 728 747386542
18 684 356404045
1 748 749473048
448 655 115802715
98 240 655757697
137 506 538960809
730 866 477271500
235 630 485884233
605 848 877793387
214 646 324021518
207 797 830929027
279 663 944594738
410 895 145699084
13 84 255948662
395 674 302168256
390 819 11089515
59 330 502749008
453 710 176141543
396 712 190821734
446 756 394008986
285 421 866457347
137 805 56542396
293 600 612083175
120 431 495095914
528 740 746345098
170 366 912329256
5 516 787665271
21 480 418529992
71 411 902541415
38 830 560259232
156 704 771822492
799 808 482143585
636 705 364235583
427 771 61426150
318 880 617827406
532 839 46046863
98 264 144101465
303 606 145216380
159 263 159180203
769 840 723880533
177 259 680704960
636 704 629388150
55 895 985699728
170 764 355156208
180 540 347130567
184 191 538429097
354 739 341482417
598 642 324492593
1 859 510091935
265 310 19056727
478 628 96560357
156 285 455802385
480 494 689708404
477 545 193778775
50 699 656577361
168 220 146342783
136 374 147880928
441 517 142289403
479 546 391962526
246 273 301406402
433 832 740854019
218 244 545508449
89 177 517609972
474 626 10402015
24 534 586105873
584 599 565747775
261 384 120809867
189 402 87461639
391 715 461136234
385 674 183416034
326 634 586476679
529 825 881246911
314 695 74718588
729 802 660572107
197 610 285302374
301 507 839151411
263 472 664635605
559 577 175996915
142 753 610133675
759 849 97856973
325 501 169715346
31 373 219357285
620 841 137388373
58 131 902155827
534 658 633960227
530 617 338391346
815 867 828264098
269 655 33979382
236 404 466414389
7 68 545752236
351 839 792770173
324 744 167273534
309 794 362475248
266 353 391571732
637 782 529270703
565 811 495605322
481 746 365320509
113 272 897667044
157 887 74934600
405 490 839430994
33 168 601961562
681 834 873576674
761 773 498335243
371 830 396383811
507 560 789719719
437 752 278465824
254 492 726143423
183 427 279760903
716 840 513480133
34 429 200041879
705 707 573545660
56 687 990676779
146 611 347477570
122 731 950403203
525 615 950059538
199 551 83921643
152 883 170735486
114 420 869346832
27 501 356737100
176 603 540733965
185 570 104301692
362 774 618557717
410 662 858247904
51 455 924927540
400 691 404738866
164 547 655804554
41 335 907516318
79 664 457600047
885 892 81760246
536 764 376920633
210 713 100567413
134 806 966095703
248 476 950371438
43 550 88576724
219 643 748630504
681 852 77031657
383 889 299003769
311 568 823023936
127 377 613515218
473 876 978765390
145 851 293816897
550 709 599475818
243 890 353278409
230 578 112732946
514 714 523583422
808 860 750148197
452 708 417525179
142 569 580943295
67 512 26785164
46 329 179973645
600 639 892391404
635 722 429208815
172 527 410141548
262 328 427969483
280 772 529980509
460 862 287423546
251 369 975093328
217 498 275488218
416 828 73337152
533 873 198400188
84 746 284172302
105 720 414612934
688 874 798155496
342 345 601696684
54 500 647839552
356 426 536292690
224 381 590789949
147 722 817055129
357 654 25136545
231 482 845535691
302 900 949943398
673 788 986009391
573 645 748827954
144 386 173016918
15 682 606285335
408 416 662847488
676 742 924308959
171 608 955374824
88 899 744738460
736 858 529326377
562 861 243422922
624 692 869735023
346 453 620476449
14 846 94029479
26 123 114033389
97 182 164998199
42 785 931672016
200 883 947669480
340 463 946555857
105 389 269231992
238 807 700093473
53 320 489581003
49 595 737091295
45 420 459428043
336 754 245330311
237 378 828979531
691 714 100086129
45 464 92004510
299 665 178997770
212 502 360029291
373 861 971183405
321 632 736063677
125 372 43970738
121 629 392424214
154 367 257582105
178 824 640683819
155 326 921247488
668 685 925972526
17 157 436556297
450 627 851755690
28 181 314480651
187 204 552574961
497 841 841712103
633 853 125350665
249 660 682865415
101 277 757795831
110 417 218352518
390 871 680873437
57 506 851508043
393 639 800757717
174 637 393407240
337 677 238108950
69 850 122772712
121 659 229142220
250 612 628922895
451 756 8386155
348 748 999590624
290 625 967640822
368 751 146069957
283 794 466683113
25 688 475510272
201 805 480905441
535 569 125268328
251 607 708981972
60 447 396048803
22 780 442026674
5
756 871
257 550
285 332
157 706
664 892
