426 425
74 387 165028002
8 337 155529101
227 345 277759901
139 284 740908724
65 125 381574397
89 111 858774291
256 387 456002547
21 164 100351326
76 377 258587931
8 352 219972937
215 351 309665535
59 162 29065104
92 177 947801881
11 228 563277033
13 250 859399827
83 388 70119858
286 385 138362982
116 401 997819058
130 350 456825110
48 312 836117816
268 306 269104097
330 419 902403269
93 124 924009785
13 113 492422249
81 385 578986929
331 335 676938317
72 302 575716207
137 338 675364118
73 198 840991575
49 320 169256363
166 317 730015007
166 169 199325077
165 347 546901879
95 340 621613181
18 381 157782756
85 187 764057311
51 107 200930267
143 154 381836267
50 287 845616949
298 367 534377661
149 271 16756888
159 405 445449173
114 283 837976734
87 218 32698624
7 90 807598290
180 394 916911217
80 414 719317411
21 191 970710278
18 106 327042465
53 241 259221268
223 366 49026668
7 406 598470178
213 357 37970127
292 305 490939946
66 328 82631353
146 396 847045692
32 280 10402598
100 327 667522197
33 38 372839145
155 211 240858571
119 239 755371775
138 358 67686852
131 220 870186247
309 400 334857363
152 196 708712406
279 398 233485691
201 293 421632303
67 92 557094998
275 402 229041990
31 252 87081958
251 271 550909944
113 416 89090233
68 386 521438659
42 46 248787727
121 225 35760571
183 323 804505805
207 365 875662040
35 58 398200163
272 397 524426311
28 388 395246946
291 393 933606204
20 152 61040154
310 389 246361289
216 255 401378803
37 334 519056051
26 256 784306320
98 415 103669360
33 308 925898077
86 181 257719807
248 333 349299285
60 403 331019748
109 214 464015434
136 315 289351342
59 411 682965360
5 151 234508273
193 359 389941426
84 225 329623765
229 329 697751770
376 398 970361682
156 185 911647940
167 219 836651009
192 226 4346621
132 192 534069915
172 237 497303737
141 324 631700695
142 422 680331290
313 318 654099444
249 379 408804914
101 232 12270137
240 287 941140338
289 303 374219818
12 51 171659178
106 390 827404779
99 320 881291985
112 263 436068554
163 189 124000316
81 175 298066537
83 198 335816292
205 281 172377249
56 360 17532599
233 238 385764747
177 272 329434837
27 143 134038479
153 424 146995551
359 407 889763589
0 88 547626427
104 336 802078956
71 145 540551084
118 365 91269204
236 250 777569079
197 265 426848344
67 328 504119967
40 128 915509779
122 208 126198872
209 260 174970981
221 261 843051519
325 357 510338156
383 423 403970216
273 300 497760321
258 342 627576405
12 293 157854964
188 213 841435599
30 255 75010549
244 321 892331487
102 231 622981901
103 151 363095415
122 148 802170474
70 248 57366996
245 356 827950566
395 425 866534174
72 79 154435608
76 203 308072685
110 117 714960780
41 149 560891089
23 101 14976979
3 169 950624079
373 374 224580649
154 218 775328206
217 259 272667766
253 415 290262377
123 189 664088127
172 330 607116507
28 182 687220704
103 240 651198070
14 270 101423415
171 208 724611820
16 75 994513564
26 47 401761956
201 286 349701356
174 228 733667746
334 355 738184913
17 301 47902090
45 299 187806972
204 276 663440047
212 239 629653126
78 277 99063604
132 178 809139202
9 349 887845297
135 376 99424369
108 205 10486627
175 267 697355621
14 118 171169978
138 375 107689804
39 174 474610336
109 220 263461039
254 418 768327938
252 262 428958696
90 214 451550809
332 381 947963706
241 348 733980880
84 125 128603507
364 413 511613503
269 358 17641183
77 329 73093983
2 367 595591503
60 294 250037400
178 283 513646206
257 339 350792407
321 338 558035644
230 341 437271875
124 406 890778625
9 165 194509366
25 418 858137242
216 362 191520488
292 311 598945323
46 184 943679197
203 373 313691023
211 263 105059718
232 390 572804409
235 311 920972676
343 394 555455787
200 296 297312403
120 353 727365409
102 274 751213463
156 345 781357993
15 62 383011107
115 163 527233801
157 278 758678816
186 227 480368792
195 424 459801834
183 279 89574158
366 417 401926471
221 414 894467844
129 425 685865212
186 246 455301164
1 224 281447219
22 314 549024577
88 302 171655970
269 384 596623826
20 96 92746577
97 313 106960713
100 266 618208098
91 285 506539398
121 185 796971961
10 230 832385904
278 405 792664756
193 197 993175664
4 58 143307179
78 95 583907197
19 44 198891695
285 402 556413778
400 420 937001509
217 275 336824648
265 361 49399975
258 374 48978343
305 327 104656206
105 337 177123240
17 89 767917335
22 161 430712573
52 342 785650191
32 316 292940282
247 339 92913554
2 412 459383671
30 280 630930306
170 202 430849105
57 370 938759560
71 235 634564414
133 301 993386669
139 274 508116825
54 144 630054894
249 348 711358867
306 332 85386191
182 395 526461354
319 326 314628135
23 70 779101021
82 223 439218490
245 288 271861972
93 382 406984415
304 397 620132020
288 410 622933166
66 111 527012477
309 350 293713522
206 344 911546201
404 416 947084758
155 314 129554464
127 234 249781330
226 315 686628387
24 188 462141101
45 194 769722221
55 349 407943458
38 392 14212967
0 24 597461548
147 237 425265869
86 411 785331916
39 40 746922136
264 297 441707768
146 297 973406555
234 361 793154465
318 393 105739952
231 290 351887098
173 190 411741219
5 42 488733797
120 268 96210525
36 134 319805222
179 210 270519580
157 199 883216481
141 173 693405935
162 243 812584885
243 290 769061324
82 209 332932598
63 379 264208332
50 68 623250361
6 295 487653163
55 371 465401558
27 105 524046446
37 61 231399608
322 410 237469722
98 382 780657835
77 210 584750002
372 396 368943596
114 308 159065038
80 222 9921450
224 282 492326254
73 215 860965011
236 380 941812206
16 333 142257513
36 195 882742197
206 326 906828742
181 281 823520795
112 242 925771090
43 407 387132847
184 254 528568998
134 161 203847646
49 207 975863505
126 158 635585543
356 383 140719487
319 370 534873998
74 187 222769301
48 399 221829269
57 335 760797782
196 399 748395090
6 291 98813866
34 277 490604904
160 354 731603799
69 153 440762581
69 136 395764705
3 130 856896260
44 360 571068711
15 65 476611104
53 351 75642094
238 264 831126999
304 363 445138441
142 346 427815528
354 408 834735010
4 219 211585420
129 260 892837159
119 261 302505397
19 202 907695903
1 94 523915757
99 266 926663480
56 62 420664477
340 368 970645378
115 423 12923797
363 409 186951282
168 421 68671444
276 344 208673370
85 91 27555129
147 194 756423479
34 404 977689948
176 389 784750443
137 420 59433
222 384 998074506
127 289 482199659
31 341 324088434
212 421 195025023
126 391 141178578
270 422 675274558
191 284 457742452
87 336 821761733
140 150 254662882
10 75 249359511
148 307 927557890
204 392 830352486
29 144 200207988
312 408 909754945
160 362 278552859
140 247 249907110
164 380 428450183
369 378 901420189
246 346 67337517
61 310 846902506
41 378 35513570
35 316 957831032
123 417 262692451
97 401 730434519
110 343 995228847
145 294 491922818
242 372 611185397
375 377 727205939
352 419 196795230
108 403 855118835
107 368 138955440
52 323 592912152
79 267 731639639
150 369 659776456
116 170 575820401
244 324 348625688
64 273 230726435
47 300 693921154
43 159 480117042
325 409 693175769
133 167 493766491
233 262 357711888
168 386 550178295
29 64 298101556
104 135 803871446
63 117 680678178
257 295 60092853
179 322 34859347
176 259 945212356
25 331 522009852
158 413 59457721
94 364 323839068
171 296 555531591
11 282 489777202
253 391 275027784
96 347 846694300
199 412 308219223
180 298 455362083
131 353 721605834
54 307 867132707
229 251 460415898
317 355 489765614
200 299 141807054
128 371 304426046
5
296 412
109 347
382 385
51 126
162 419
