241 1754
35 49 694711453
128 136 829311156
50 209 659263482
32 181 609838442
11 213 149778625
21 239 775733437
196 231 538822366
30 106 60852833
59 145 186992621
40 160 567859057
96 200 11332724
141 159 521896798
7 109 649696453
119 148 166611402
57 61 689936255
101 126 679067571
7 150 638150329
31 237 738883796
158 193 846700948
41 74 144157235
11 203 331755667
29 35 509631678
62 226 901680077
128 199 443250618
32 192 701438903
3 131 489911907
31 66 573006101
84 223 265549311
46 118 470022056
145 199 295757928
140 155 138696988
24 184 73190385
36 220 968284848
131 177 974267920
58 126 921890716
73 239 88788408
227 238 709290040
10 26 85254944
47 186 895001051
114 129 120138068
4 8 178993587
11 39 335699127
108 211 294210420
28 49 325303774
19 220 99960361
104 189 543386726
42 75 971295839
75 195 888462185
62 125 445501736
156 196 78481388
111 227 505285836
31 67 363492585
71 122 404849914
71 226 108940491
21 136 112242652
75 226 417018661
105 198 67575707
52 234 733563764
76 188 724224360
131 195 114869158
38 165 90190171
111 215 422072232
20 25 860737174
80 240 867841788
190 237 245104173
77 125 959728584
27 58 96801557
90 144 176446514
74 114 498869055
2 86 227649326
56 68 572940674
27 168 374807531
63 117 143997970
160 237 780788672
15 217 977843793
85 200 662082959
161 217 774834734
84 177 439120387
38 234 236691104
81 144 602641111
10 182 886603772
187 217 827028665
118 121 214606688
58 180 908212553
85 87 644359172
123 215 101409439
55 204 234809483
212 214 178272205
17 98 956227432
96 151 849308979
28 199 43659695
14 129 927118339
129 184 135278287
190 206 45376771
123 179 578707943
19 40 938327226
18 213 380938930
16 231 536634761
24 239 229377660
98 194 885010691
38 118 897989687
46 145 907980008
55 75 647282
190 208 387572033
70 110 955657769
0 82 909256158
7 197 605698758
22 97 475871745
141 240 619039830
117 202 905036677
109 218 732328761
201 240 60195907
103 135 388835023
20 210 10989489
124 138 468250799
180 189 213815327
60 125 900172846
44 88 875706131
167 228 231652697
120 130 64455539
59 122 139370842
37 203 436741253
60 223 411165110
63 211 449989944
33 52 420259108
78 144 282026436
120 234 924884757
73 141 186780273
40 223 557631433
32 211 611066688
64 234 960964254
25 97 419183637
146 195 911390356
45 236 455493821
107 220 569367125
65 177 169187184
68 237 564414377
5 46 67610316
13 35 283346946
1 228 126938168
31 239 961769038
1 197 265947326
52 79 744079573
35 173 628132313
166 212 180367081
22 134 859079647
72 109 224094536
162 197 982499154
224 239 928635281
64 69 435870643
5 44 659095271
4 194 964416741
102 174 217587978
145 208 907404872
89 103 810574105
24 179 914799467
130 146 453081955
47 201 108808025
119 224 921152464
65 80 2462681
51 119 109006431
50 141 133859173
6 163 971648792
11 204 300326855
188 223 833853171
69 185 583750059
15 235 874941152
186 187 184903495
107 143 935393730
156 170 465428610
79 115 966752289
94 109 845188622
57 71 825016118
47 163 606684225
30 95 716322941
24 100 412981729
105 223 727151083
44 115 763900993
18 219 43406379
26 176 350408637
191 232 359994791
3 7 474675962
73 181 897142095
2 148 486668405
8 44 949381466
15 161 189240333
35 198 313381437
9 173 782786878
136 231 484484709
30 210 903202884
61 116 848814706
21 36 778210609
69 105 326781791
148 197 300357970
61 122 497971846
20 211 657281762
34 89 235961779
9 128 457195532
102 229 808434595
92 117 306976571
37 127 179979294
36 81 48374962
118 228 471833055
67 209 216651636
130 219 154556432
165 180 124721
130 175 938834702
168 185 101202094
27 226 408085061
4 164 503005045
115 238 323568758
145 178 873869578
83 129 581470216
36 112 896032446
196 210 522098087
72 99 19876005
31 187 7127852
153 194 940354741
69 203 769557457
87 174 96800668
166 224 446603051
11 233 776568325
152 172 93875909
85 88 645227577
82 142 696924551
123 178 12321097
31 215 780017515
33 43 399513940
7 132 646348372
85 199 391870737
65 190 709595952
7 230 539513860
86 105 588033401
78 137 625245529
50 224 934426057
10 29 339158286
152 176 305033228
30 180 545855009
10 42 404835864
101 173 43587917
21 180 330762727
18 189 220670314
15 175 120780680
5 119 295154115
167 232 804930804
53 194 232510132
27 163 698733730
184 219 817482266
208 219 354267039
98 187 496066588
92 100 51272300
134 172 426526002
8 206 630683770
194 234 814694371
54 74 757866302
83 218 522343806
194 206 667300074
49 165 568754634
118 164 805716297
28 106 920889094
79 229 324730718
63 119 378376692
39 210 781476088
95 135 765628382
142 190 25483710
45 224 571617618
46 154 985253088
125 161 455550820
191 193 837347815
28 41 598999231
156 168 363589428
76 195 271960636
162 179 554193736
169 205 487514989
117 189 791839715
58 234 342632625
32 125 795164077
13 224 303362974
42 177 636791921
94 174 929070824
132 191 667314600
108 117 144262502
95 219 661486575
40 212 632965443
67 232 394398478
10 110 250685596
141 164 87613122
52 102 630075459
130 238 987176097
11 17 630026714
84 150 397537012
67 198 3366134
23 132 280459594
24 238 150733617
69 179 988003551
50 126 405178896
47 136 154241133
155 181 928722710
9 100 390295307
221 226 639941494
47 107 292712776
43 100 540248933
184 203 685103770
142 223 748095180
124 131 225969259
168 177 221411434
150 196 371412497
180 238 255164616
37 136 100168236
110 192 686990175
185 234 851029614
63 96 679970128
50 171 292959863
153 166 81062764
144 153 74477105
110 145 865929863
2 41 409785806
12 155 756523813
104 176 314859751
59 210 733465577
6 178 433868228
0 200 205034237
44 120 427250042
5 54 238747293
162 173 836317272
177 236 281319117
107 216 779363989
192 210 505657785
8 45 620827511
48 127 379176403
22 150 492423382
80 93 254582443
19 161 506905143
115 181 608934296
197 220 71767841
25 35 743598951
18 151 491288488
60 77 803693120
14 182 792544664
76 166 572692073
103 139 920220878
55 229 860973274
55 133 446658836
87 157 697793893
166 218 773931993
66 153 382092941
4 238 488463579
4 41 7505645
136 169 601619638
72 212 825988869
1 53 307946240
112 213 496549395
69 100 117674557
27 206 629294561
100 205 141598488
40 209 823345931
15 102 959634188
16 191 441218525
36 56 684758255
43 125 258659284
3 221 834695019
22 173 536440833
5 149 971863264
141 192 646574256
29 141 574834584
130 139 33158490
52 211 455814151
87 161 816451394
79 175 213959529
165 193 689032710
147 189 143115176
129 147 117847528
5 36 769755562
109 146 294538620
145 196 672614646
119 192 968484837
9 164 654518722
123 139 81279505
24 46 243883657
82 208 325014726
194 205 85528702
81 178 113108193
212 240 738485740
16 27 586024924
88 123 880017406
21 23 640017523
63 80 889195759
43 236 231292892
52 206 359288832
28 163 477249562
91 189 708834146
101 137 758134307
187 230 619993624
29 145 734485646
31 166 884266291
6 64 860072065
214 240 20637690
81 139 337560710
56 115 410901827
3 71 546543921
73 82 188968432
92 137 407740803
158 196 803161347
168 200 403502554
55 144 826899274
3 126 116054690
96 156 945760646
112 133 874750548
69 107 629571327
41 192 485673858
156 208 486810978
51 95 781744729
89 157 220685448
87 171 47693430
25 73 8571497
162 210 782977451
101 205 934326234
3 35 415578965
77 122 865804420
25 45 208557172
190 233 396495316
25 38 673495237
67 162 223525422
146 234 340051118
33 137 811354088
155 216 248124489
34 60 722172635
72 230 536017185
155 236 218984083
35 146 619134360
155 199 324888730
61 119 355779451
80 146 179194415
30 238 654339407
100 131 410408591
195 198 419805315
86 115 66566194
79 158 288862256
19 52 908440058
19 57 187355964
158 235 498248520
33 213 18469139
75 90 434342540
167 187 364991039
78 135 990475844
17 237 336970818
78 95 471859919
2 62 892649369
102 122 371799495
82 164 748026824
0 22 428900001
95 186 889095014
125 234 435370085
21 173 172916664
84 160 933950651
10 198 228493844
38 96 691910603
20 74 523124728
101 113 493430643
16 187 754827486
33 178 556268527
145 151 719409840
61 216 841637423
73 118 202670657
79 191 398424928
45 232 165261533
91 121 260313131
56 236 145194826
90 107 952736521
21 85 676506467
119 213 941308855
57 177 90053992
175 181 626438338
32 58 31644313
15 180 308338480
97 234 218422931
101 237 996708014
172 208 280424251
169 173 500370206
66 157 379102551
0 236 888902841
95 152 904403671
148 201 623833074
71 225 8961390
1 15 883721669
153 205 929317709
130 221 717735796
58 66 358982154
49 110 990884601
163 224 76739085
131 208 474409909
8 166 367432950
16 73 132234578
193 226 639494756
59 106 662528685
175 207 107903596
214 234 357726935
28 172 678076675
83 174 82757973
22 73 654504975
137 189 113079714
141 178 489869938
74 206 251170245
16 38 795298995
27 40 730809968
97 180 315901047
68 110 401424420
138 192 963164484
154 223 535497439
184 193 805645668
46 204 807615413
25 224 312516833
52 91 676992050
2 109 462282692
19 192 595169158
44 50 110852367
171 194 167734734
75 183 703130797
81 164 554225251
109 147 41665027
26 174 287854294
37 116 512374233
13 189 631393430
164 193 905911526
165 225 565768514
18 38 779959314
18 178 23517836
104 200 840840878
44 141 350069342
132 174 560729869
16 18 414011924
13 147 351472487
118 230 391685490
90 223 20694332
55 186 454869935
146 159 290702543
8 155 556884310
99 230 827404466
118 120 793388665
135 203 462066090
208 212 442250647
14 131 917749589
65 215 408572268
98 164 440244998
171 229 789376276
4 137 329156568
57 149 13683855
92 98 997182013
160 223 327817116
11 87 489313721
127 156 555043348
77 140 677890475
159 169 609445529
116 145 643689341
88 156 552902906
74 182 432133335
9 221 120277251
179 236 705040670
41 43 816047498
32 79 858362289
97 130 42909523
44 171 298270192
23 25 143110619
197 198 136911625
208 213 717071231
55 219 560370603
68 228 159780671
7 177 825806144
132 135 395607673
76 165 18208013
33 171 40486195
35 181 346766753
71 200 266014588
139 144 602294744
29 166 183806078
90 116 525480870
84 151 70015819
94 151 255359043
72 104 887106963
38 225 718396823
35 150 358879667
79 179 311018467
148 209 710633855
65 138 417373539
18 96 47661869
105 231 285883013
29 232 860143136
184 190 624983519
23 32 559183132
63 153 811557984
5 49 949418688
171 184 210110454
6 146 485190190
0 51 944906124
17 208 253683215
135 160 801851479
161 183 394882199
118 225 250067631
28 45 596678007
70 208 767815257
26 144 664931479
30 53 577251190
199 202 977096912
29 189 337384676
42 102 839035877
17 141 448295650
37 68 154481380
211 213 121497127
109 230 406474760
27 112 264212219
32 196 660993255
114 168 981353622
38 178 990765118
20 110 630742290
96 132 94603736
166 195 606794174
229 239 380028226
85 233 98167308
30 143 12088038
119 124 824214626
179 203 535247015
5 172 44000327
73 144 178402324
108 213 460623207
32 52 160704890
49 212 859498488
86 129 198105350
91 93 524502588
53 130 555503417
65 147 75542513
83 161 225754745
153 159 857917757
135 218 963834424
31 90 472186352
88 136 692125244
21 208 931051504
39 61 455631158
89 163 774855281
71 92 499378196
88 91 496727763
77 104 417798756
5 224 129056155
31 142 654382059
23 232 814047844
119 127 13424666
222 230 581791023
119 120 62862387
37 83 828757088
69 77 613873796
189 229 846217135
75 160 52514441
141 212 386146155
83 125 584347376
77 189 329974887
122 138 481883272
107 142 908532145
14 90 442665224
25 181 103815792
66 221 816358615
99 144 910761355
142 191 734887448
86 89 204505253
122 149 664806127
145 146 876682555
159 216 778072553
227 231 897676808
15 96 665757770
27 237 859402953
192 213 845312464
30 154 329241894
11 20 737164575
52 69 860543894
6 39 741000671
3 228 198084187
210 213 632623345
12 229 306015746
85 219 890912949
108 187 825700823
17 114 836355727
5 203 870153158
89 145 155797558
53 162 267589121
112 141 189983938
2 4 683809481
186 211 982298728
113 196 904688773
205 224 227884992
58 99 152255044
143 192 158042210
97 124 754535213
110 232 424151127
91 192 765138818
132 171 171614225
42 73 208839987
201 209 57444993
125 178 964715550
114 221 187406086
89 92 421334009
77 227 328445259
67 130 505947198
109 166 328376260
2 182 283497607
20 203 203255958
5 148 924857901
47 149 86170744
85 207 129099104
16 226 748540629
62 188 836006274
23 218 844270402
5 11 377810265
159 238 397266190
149 229 587502150
14 59 180938310
99 216 105097479
57 205 998154683
47 151 425419411
124 208 408495255
30 157 836988832
99 237 428457431
2 55 249377675
101 226 474276654
9 189 646908019
46 67 865193009
42 187 332951527
155 180 461873135
180 221 649505506
122 219 634609097
14 159 753625547
206 226 345672810
16 39 759110904
60 234 995555053
23 36 22491683
113 143 762381230
106 201 971644451
142 238 15628543
138 167 240932972
147 165 820310174
134 181 132004141
47 142 957092176
95 176 202931837
10 129 615781401
53 172 340358645
3 12 164690903
157 227 577499808
63 208 67873918
122 198 870285395
62 197 79208106
120 219 967053491
202 222 334745282
10 239 56584598
172 206 918610108
132 239 89382443
161 230 503123178
179 187 880523430
192 227 976022007
59 127 781347303
31 174 886012187
42 202 925625216
57 131 918383452
230 232 163086052
21 78 410104358
105 155 884223258
135 137 965430429
82 83 82961782
125 177 94945732
9 177 756574831
81 116 11812570
13 165 516158676
58 196 412398283
96 103 382144073
172 183 467868496
32 194 163312798
161 223 393068974
107 164 784785515
37 88 90355628
98 145 144099820
54 219 45992713
205 239 458612502
104 184 621731502
13 43 232355962
28 225 242050276
116 119 166436150
115 140 770140214
7 70 166328759
189 207 135883463
30 61 950526331
162 174 68953745
76 208 440615914
64 232 15622933
50 137 193652868
21 205 163825241
85 149 154353027
192 230 2775812
160 197 786755187
92 150 388266414
28 72 304227678
30 221 919649154
84 88 658691447
23 49 173520514
1 31 440703354
3 121 256326254
161 202 905769620
90 203 255900683
97 192 408453069
130 218 697672525
108 157 855476400
11 70 997568752
74 111 472519390
74 221 147604914
121 179 920955240
117 215 879168394
203 212 262506410
101 220 28717035
15 62 377983061
178 204 232992382
129 228 301838927
99 171 484014529
70 207 850301142
59 111 816766540
106 217 796813357
68 162 249892421
116 195 363091567
163 191 114409498
148 187 377397505
163 229 333380469
3 216 28360606
46 111 765252515
133 163 839821723
8 116 983608526
175 182 99233818
68 238 365088464
55 97 113392026
76 231 141448805
100 135 24712651
58 226 731953097
65 132 210512824
18 73 206858732
146 165 485584807
54 72 204296896
179 195 666668958
28 232 258208742
168 225 225147246
39 145 385242355
127 219 472691551
129 137 156093903
15 70 536234163
33 112 204672699
7 134 726151797
143 144 734389511
8 238 956757529
9 163 561635107
106 134 824241848
0 95 403324368
48 176 5415769
128 157 569529696
114 190 378765507
46 197 767511543
217 218 169330350
197 214 629119609
63 104 836254829
41 188 98471546
44 154 414676301
71 78 306261773
17 212 77691064
6 20 411432227
94 214 436146691
17 38 905181413
23 45 779513927
6 190 173085029
56 108 523300705
98 234 666666294
16 89 887248481
53 193 131196501
129 201 995513748
188 229 334245966
116 166 926390369
0 146 11525447
25 91 99504046
171 231 482342746
76 235 351855884
35 227 295758317
64 172 685309171
76 183 163940245
75 124 348835439
185 229 462955955
122 173 480986370
43 224 928461565
105 118 540550531
3 190 360244003
151 237 744109346
79 155 904893461
42 184 635014145
55 227 663147664
61 62 82750162
53 58 860949020
10 84 351171413
104 161 885708265
117 231 656662362
15 104 842305739
80 169 668842849
117 221 607893787
6 47 933408068
11 99 635358942
60 132 465328558
29 139 122064026
179 182 501579348
97 139 383814854
12 239 393663222
113 218 619109643
190 214 583008858
115 164 28541046
24 146 122951737
225 238 441674014
98 216 783622300
67 163 218690876
216 231 97118647
85 141 129176905
23 61 84881629
17 146 848184978
122 208 720920527
121 198 196869358
116 213 956004285
68 192 320547601
134 140 268872926
133 169 338906425
23 202 869037912
25 157 607596899
75 79 31336287
67 186 826072463
95 207 838700658
45 48 443152090
113 121 356703641
128 152 360676617
12 91 822750498
96 162 624719809
70 216 813826183
127 220 690729216
52 106 46918653
63 69 424111890
9 217 384978852
42 67 697782629
81 157 280921510
70 169 695111792
23 237 75939538
77 95 980184892
116 125 250271634
61 148 77533451
89 116 135761884
43 156 761306012
143 218 471829907
23 83 408067563
11 164 457909129
126 166 347452639
168 202 139164634
95 115 199761800
19 128 438773806
74 105 308690768
64 199 658348405
21 162 6350182
200 202 236100262
97 133 203851064
34 150 50194111
15 83 274775386
162 180 279265641
28 237 535074875
24 114 887107232
49 66 333584736
92 208 188947734
167 229 182919855
85 160 73846280
105 171 244255649
129 210 698763756
102 111 415567956
156 217 16292323
80 222 929557122
83 192 921866395
62 102 641449935
49 129 514216915
191 219 251408226
103 237 739792378
21 118 985859030
2 53 429103730
42 144 430925759
106 147 928292098
140 182 519297575
49 127 840303179
17 220 880157792
47 143 298863864
28 122 210308219
14 82 980310793
79 235 785472065
155 176 361625604
185 211 366330410
27 31 539283740
8 82 540402601
120 182 41121629
49 134 257129176
8 190 560203742
14 202 791411693
124 182 343705430
149 176 960879054
76 113 97992094
56 109 29407073
89 143 6827941
68 157 261988302
63 210 331515490
20 132 588843782
108 173 512214104
58 221 961742788
99 163 715682084
41 144 784121084
76 199 600688228
56 120 664195306
99 151 356780268
42 188 27929945
0 120 418675425
96 180 534233455
62 200 361485013
25 32 209797812
74 110 388808010
22 175 362960529
188 240 668213735
94 181 162194699
107 196 973979074
23 145 125239796
165 217 549794318
49 190 682308378
35 223 960529716
21 156 928701346
34 214 324533792
34 166 625408189
110 120 513217564
206 220 705356536
9 167 97352997
118 158 388745340
112 187 988531489
186 217 545167273
11 55 451731881
22 214 15456319
59 161 897968979
59 83 317874590
5 211 368530679
51 161 69007283
27 37 385965797
57 104 505371561
1 55 716956920
7 179 358609268
177 201 428295100
49 62 727379445
25 141 257654957
10 54 947331887
109 163 547691495
138 178 525321459
182 220 374155578
95 103 536712713
14 89 752538046
146 155 549407233
65 95 201076701
105 202 867199239
63 83 497414254
97 103 302978159
31 70 616767555
81 153 500896761
50 104 481253739
167 211 188230361
66 223 293200273
31 155 789393744
56 210 565457822
104 196 621861303
159 181 102321988
196 233 759120305
62 213 240722612
4 144 107887444
45 141 222911818
131 214 438457422
56 63 850367904
51 207 634754654
157 223 871503130
12 225 353825191
192 220 310819920
91 223 213084130
68 102 586208639
23 41 699006293
114 134 742406256
34 189 179246462
11 227 380970935
24 65 241331710
77 100 893899341
24 84 214873501
74 148 177948398
154 224 899879447
67 235 955189245
107 112 510154103
19 77 839433057
159 214 893278557
95 175 346122025
60 204 455174630
98 121 396744401
186 202 672236037
95 185 434223364
85 150 56728756
116 197 911689304
8 18 112039392
118 196 702562435
102 221 722904155
73 128 198891775
38 149 591831337
10 70 898199330
29 80 972603052
66 97 794339908
42 180 487905396
174 217 202422123
206 223 593086760
76 82 387549818
61 193 615958803
57 236 127543391
20 116 553359625
73 113 45150321
143 174 914785426
74 141 885288869
72 177 988032701
89 232 453361911
42 155 131014515
49 91 680959802
216 217 512481995
2 52 877549560
143 182 381020635
46 138 540242908
98 162 521639206
72 96 780801212
166 231 702883163
102 139 874208168
121 157 994519024
79 100 311715071
151 197 442224273
71 203 808967397
24 186 905674837
187 206 136615953
46 151 573199313
13 233 697775822
108 134 78835194
147 157 961844448
3 42 874513874
129 134 296906816
72 205 775451898
200 233 389288382
164 233 238040488
12 118 217100513
205 215 249519157
149 151 107854592
75 220 855413493
44 201 874436173
71 240 378834143
195 223 412560184
165 218 618075925
94 97 951525676
117 126 861772649
96 142 419292218
36 221 720174006
11 12 200166123
48 163 218480528
114 135 856062068
10 14 231250621
58 192 568881950
233 239 241179763
9 239 400829479
64 156 96477378
0 94 827310263
19 93 646667675
51 232 932591684
123 161 290480948
72 126 74807797
91 158 991144041
10 138 568301074
108 178 738018567
104 105 553648572
10 237 48933863
96 239 303259305
19 74 404693439
97 217 810208875
25 165 421575136
64 192 185213945
15 58 822914241
15 141 777542798
107 177 676816548
132 133 744711345
34 217 869748075
205 209 361588854
22 48 752832698
70 126 356264814
102 187 72370481
108 235 166797758
107 117 26064579
18 142 500257624
26 215 160808418
93 152 888469514
221 222 245025294
149 222 590153583
148 174 453822676
113 223 186545585
18 214 614661547
84 173 609478150
17 127 272014807
172 184 19058830
119 154 897794997
44 236 698648586
125 170 540723186
50 222 456686647
78 208 85513705
215 221 628786145
15 158 339827088
87 103 149904992
152 199 343044211
74 180 239609732
96 97 184788923
59 232 245534253
63 206 617472440
79 220 747460408
102 152 652818323
71 237 110252438
3 30 627719312
158 226 227446645
3 116 225481847
139 232 783707155
72 132 862546969
94 208 82833539
48 193 318309121
45 239 999559972
0 187 4297889
22 76 35964090
27 75 80578228
15 57 135921659
146 201 334373768
189 237 781630995
80 129 710809793
119 176 13776094
132 202 517193929
46 78 33779157
23 154 212303682
0 70 292970494
3 32 691425784
120 227 489483279
75 119 712974377
23 166 840832932
76 109 780933745
71 113 393750183
80 227 414493795
174 237 951558546
3 136 144296464
41 173 450842091
136 238 434998217
73 163 644986245
6 16 241253399
7 170 819421031
39 126 13853217
67 104 313140581
39 213 791620408
107 237 586160284
137 227 152614087
89 135 762711705
26 104 54291174
154 211 855673854
63 197 487415217
39 45 393593056
66 240 86663210
100 107 295208480
30 184 960662742
50 114 388985643
11 151 361518873
80 138 236563292
63 138 15878391
77 179 795348237
91 199 922576018
83 184 656784505
2 211 943643196
68 208 931134431
10 191 561981847
150 215 352014395
128 187 503318744
42 96 384188083
56 173 572914029
63 203 123131332
86 123 423278066
233 238 874645189
156 193 568624808
69 116 77435244
74 132 934225773
126 198 845413732
132 207 875644965
146 154 211603418
19 63 827122418
39 55 257507283
46 201 128568869
29 158 336346262
30 98 463036001
102 132 280285010
72 192 903973886
105 203 115681872
131 191 609932049
30 112 850033751
57 220 719677554
8 167 794375999
43 131 20898552
41 125 95443771
56 78 434903528
14 36 146091157
57 139 684024398
62 231 684307456
94 157 803552289
31 62 683594920
7 96 660974728
196 211 162691673
2 133 5184022
26 207 579282552
149 198 681863204
45 230 194529746
56 81 449256807
188 196 105268668
203 205 702551844
73 170 435389223
108 223 588648654
0 52 406216931
99 213 890905119
30 81 789079858
60 173 847769548
4 204 170173632
34 222 66301325
18 31 872733813
7 233 639067457
14 92 419139259
86 128 899424591
23 206 875154061
65 155 114605495
56 232 650635253
106 120 329500264
59 79 232069646
149 196 469214785
59 165 652263309
178 191 491783901
28 196 546782031
28 91 348765889
123 168 785500273
207 222 824240756
94 223 941271817
19 98 887083513
22 80 987937506
2 25 45809647
236 238 399858947
115 240 555694931
22 75 253962235
118 214 772538081
96 101 92167473
81 168 711503175
97 155 719116032
127 212 567997088
49 149 688796675
165 190 50861285
27 230 237443034
156 227 853522407
64 100 267541272
90 104 338653298
162 178 386817434
114 224 305410506
53 139 132982310
18 76 309134022
145 215 218106634
31 223 781243301
174 184 312089041
69 177 295228819
98 209 743616674
68 101 720016848
49 72 623730419
69 109 620561321
45 206 80886191
84 98 146593706
34 203 465882712
9 18 622768376
176 197 751614340
22 234 594341468
50 153 814590169
199 232 168881816
115 182 722394247
41 92 786143499
41 133 139482161
140 224 988637912
185 192 813304810
225 226 334622553
41 108 277281155
52 115 854100565
8 146 271480512
4 207 694224232
48 143 578730266
11 191 269666670
29 176 351099102
144 151 792521777
13 63 848779921
26 39 361880309
131 231 556372707
147 236 507620236
138 139 390035157
70 152 768341988
38 130 611023739
34 136 475612715
184 212 405597471
65 220 553809012
187 224 470967999
62 217 296166588
32 42 121049789
8 160 413385567
147 239 205708150
10 142 719395142
30 231 45233554
136 235 520849651
104 238 120085635
17 72 894435972
164 200 156837071
6 157 876975898
88 190 917909763
58 174 317281500
43 206 799500494
112 130 171864475
19 89 16270829
147 186 412851423
192 208 832991046
55 158 26799416
89 215 149771593
108 169 491549451
44 147 562028170
174 192 353958246
33 66 874541961
183 226 255177372
59 173 849297973
72 227 396463002
4 42 236253355
62 73 785253711
4 58 493152993
5 228 804760521
140 226 726800757
144 219 377582080
170 176 98108410
37 232 605911007
62 162 704047919
68 100 253668263
222 240 389546509
50 161 859763478
90 229 546651637
72 74 517105975
50 138 702627142
6 153 899779135
57 68 595492678
30 202 805354686
79 234 861088798
48 203 8823417
18 127 109699044
92 110 571058541
58 121 991488135
10 95 185080122
54 229 203912481
38 186 145373872
28 187 313937229
21 92 694980014
139 208 981172028
30 94 685564280
164 208 764801906
45 159 807778675
23 69 92913501
37 175 616211537
141 194 56751581
45 87 711279601
65 156 586947163
0 107 64008891
123 236 786951214
48 139 72398405
64 67 443547012
96 209 223316772
64 83 278698164
115 210 871620506
132 138 807857738
127 199 108021720
104 143 868171434
20 75 67432104
143 228 984539578
57 59 367469063
85 127 469649516
188 225 425139515
89 166 706040003
74 214 154288652
15 205 703717785
143 190 886255499
52 57 92646078
125 229 859578616
43 235 863420659
92 116 46090077
61 238 446404756
75 158 154709295
90 210 61894891
15 35 815032784
95 157 492512859
99 226 621957379
87 98 736013116
145 190 423090977
76 129 3449255
62 82 163681694
175 234 749542130
89 106 438934902
179 181 169116282
1 104 203198531
26 156 900148864
83 240 752269357
56 188 200189052
49 124 318625478
87 186 226161664
70 193 64140290
7 185 775012581
3 208 375124904
102 189 371691312
82 97 779543665
18 85 911510634
18 120 564273846
90 93 736661211
86 156 90627748
99 135 775907223
13 64 865895914
70 111 257647380
5 69 696401130
97 106 646196956
69 201 446765072
55 113 248849823
8 151 673675402
7 64 468370544
181 184 335936559
101 148 759145854
94 177 716138825
35 203 603894705
100 183 301450664
7 106 964614543
106 175 366366338
95 153 701664730
120 194 542946180
42 132 757432502
31 51 69358993
10 24 555474501
79 94 76374140
9 40 655683765
21 177 397015481
100 170 833616127
218 224 557080874
117 168 614404679
58 96 28643772
62 118 589561741
142 210 653115377
62 173 414731839
13 162 879789082
134 135 969062971
89 124 772373076
63 134 873970271
117 219 998119032
128 160 121524246
105 157 273782055
20 233 408630229
184 198 383657261
82 170 26918810
15 183 377100710
123 144 669687923
99 211 901445664
19 60 528346906
182 183 189514012
163 215 11970477
171 175 224891838
30 199 678858555
57 178 347723410
152 180 832548092
173 192 44822490
116 191 291229001
60 78 293962987
73 234 465258201
179 217 840148410
68 71 226277172
57 217 177818894
177 209 396094751
37 226 827079054
15 54 114212330
122 144 441264516
3 148 499231347
76 175 749405517
24 150 973594085
200 207 525800800
111 197 260652882
24 234 292686456
41 213 369200554
79 95 776170007
98 133 386779023
12 129 416828892
130 232 524603795
37 73 710700637
25 55 146538482
136 180 494404876
1 27 782486180
142 213 871864814
100 229 6930080
33 197 888026758
75 135 673733496
34 46 99659638
82 158 206219033
90 103 656316470
151 162 337411137
76 185 101794840
215 223 15689907
57 92 356749584
139 221 971913222
164 225 694999744
57 123 316569894
144 217 129456696
129 169 810204914
54 202 720593689
109 127 304988950
73 235 469274829
18 150 679890106
135 208 406085467
45 151 384656631
116 143 663798094
2 202 251202102
37 176 5165957
143 177 322147244
10 49 502922229
132 196 899653185
51 93 759925989
166 238 715520873
18 161 593595683
82 117 7433101
91 157 905441831
39 128 428619495
49 231 361115335
54 106 658356489
114 130 33307150
49 89 763310542
76 172 559451
195 238 830024152
36 162 360853546
122 136 793145224
148 182 961970793
34 212 445430433
81 161 597068747
4 198 594028954
118 132 12063603
61 196 670681053
35 197 914598385
61 79 269218979
112 191 883514521
67 124 319631717
163 217 907307768
91 117 986305995
30 40 22941254
51 101 703006427
25 81 707107471
105 185 94317954
53 240 773917922
51 70 603745464
149 171 173323064
57 228 867740136
10 203 664483039
83 230 424556350
209 224 74229072
22 51 455616641
37 207 128142142
26 69 715293986
9 230 921222560
46 119 812374585
145 197 555353313
184 215 232559696
131 216 404336046
101 183 87003473
68 186 961209748
111 224 102288444
42 88 430523509
30 182 891328914
90 196 590216831
110 140 719976170
22 149 694673929
60 75 998495368
105 108 607301034
159 194 119826929
23 139 899193566
147 180 599722664
44 170 142980261
25 78 852827751
21 112 367130273
48 67 334761153
83 179 735666027
7 227 352281051
49 138 733756521
192 203 738943136
94 197 495847516
46 72 36781473
109 190 785054878
15 228 483349810
1 12 163725494
70 236 821918739
72 163 664755326
138 200 213737409
125 166 117436994
74 117 829854595
95 239 234391710
37 134 813548650
205 240 211987479
103 212 952691699
76 234 339459966
30 49 122919790
23 111 847683248
57 107 782544869
0 171 46511632
75 120 711197577
121 223 559156832
32 225 211378181
30 191 418736654
157 225 157801524
60 236 394524255
68 124 561859835
61 80 262007476
66 85 673620694
46 147 627460443
40 53 359655899
113 142 44343664
172 226 88990918
150 168 791769827
64 103 801095368
115 230 467979162
197 213 39806209
22 66 628481459
80 215 535725041
151 190 114096178
182 184 506498382
161 172 117750133
69 210 291878919
91 134 393859503
120 183 21096137
96 102 550333532
48 110 687819088
31 54 3015672
52 222 351182779
27 117 984542571
209 210 710857368
46 124 879243038
43 48 225351885
34 181 698812002
15 22 679415946
164 210 691587007
25 111 936417471
142 160 438698378
1 58 291574259
138 232 45369716
121 218 970084310
69 94 295666511
81 201 948889994
5
28 171
66 195
187 229
126 212
7 176
