1000 999
197 858 151336150
119 407 550960751
634 815 199483577
421 944 42854277
55 498 994086225
466 848 400450816
753 943 625577825
2 54 732607322
462 549 861297358
960 993 484644210
523 865 559867434
778 803 52014960
540 950 467805640
237 686 279926595
390 498 701734623
124 769 225719337
34 846 577778489
321 327 665212980
20 176 553381673
405 658 337240407
444 785 643552394
171 587 448371230
820 852 141057569
553 738 563468064
394 759 611816735
124 578 304866281
443 583 245262954
26 301 76695575
402 948 20809621
162 519 117435898
493 697 109205326
256 637 209130498
515 845 534203454
839 952 72573887
60 596 490933409
663 722 889278792
16 855 255055895
47 922 907734707
352 425 700491470
62 736 608260884
117 329 916506808
826 975 831560899
309 448 625711578
158 996 640593450
124 810 816313451
431 818 645833775
380 956 972612412
559 673 789653036
684 959 987056052
324 478 576550788
85 371 582169094
307 829 46481094
269 873 167772260
174 234 682838360
419 591 653175276
128 446 750047581
147 936 718457025
565 915 788315126
659 735 922097256
131 607 412517890
492 730 227802778
435 829 571226923
187 227 4690396
307 713 597604275
120 933 718293670
146 357 717230273
271 300 391853555
16 744 435544886
435 975 220561005
384 594 31001506
787 928 171335657
311 829 847911422
23 341 93234291
439 717 556550671
75 288 361655233
296 834 269870117
288 868 597408113
367 713 516412675
269 854 551531217
23 289 867192418
40 985 898804976
39 411 327565532
39 140 69818489
678 774 305313914
353 559 398192303
627 774 139773464
283 830 526335772
174 414 293900260
411 628 369651081
636 914 495970485
439 827 603411148
570 911 659500868
366 629 511879776
526 861 655885227
511 933 489379188
608 844 645720123
230 598 346746241
458 951 171814147
607 818 546085305
326 615 730814221
888 927 984856038
369 522 931963412
86 524 141550648
395 824 458669989
104 455 684028702
30 621 456895019
183 921 907436387
269 817 359359079
233 238 968921944
488 755 999918757
754 767 522128161
199 407 811194151
859 905 392102514
644 671 496770763
103 674 795996005
257 833 299625198
292 350 341855787
261 770 179331687
18 290 267050592
499 835 326656762
827 935 84261842
204 939 72476224
122 413 958055639
74 129 140893372
532 885 305362019
507 871 310753134
385 881 561939972
149 512 26130545
667 690 524744302
30 836 662742515
16 313 23621154
58 154 46404543
724 749 753122301
690 807 413761853
233 328 493017490
338 634 442390910
133 156 719109772
525 957 614668500
459 895 958392165
222 332 986868399
95 166 587293856
562 925 581721754
397 739 634056983
145 895 901373380
663 961 987021599
210 413 513720438
428 564 101556556
457 482 447164734
523 582 973105524
98 126 217662319
189 681 124780748
319 751 140335675
276 551 707559630
832 905 373949322
519 798 971736619
193 579 701276215
519 620 329424869
623 947 821510356
454 507 595652792
396 406 511028870
126 769 128389435
325 444 233292809
477 898 135662670
276 903 360359729
191 837 98007300
555 815 886096151
1 94 827305343
85 707 665099993
211 764 275522923
245 668 576447036
250 505 754824
670 881 215120245
141 313 817393073
51 616 892648479
295 881 479169535
457 762 176129555
248 875 447101331
63 705 793840819
199 460 160912999
70 157 24606563
105 782 705939897
828 859 519730974
285 495 485664686
548 794 393172753
244 366 151856978
464 664 348098029
913 952 566814911
253 502 481980521
150 194 111547372
500 664 672220194
17 637 61930033
646 936 110751405
744 968 73663128
130 346 219876103
177 205 957302237
725 780 806967411
343 480 152386975
481 954 885195823
224 308 428003043
114 682 714914829
461 464 449422683
393 513 384491552
716 951 876040375
524 940 658334148
50 928 625918837
613 929 704257281
689 770 346722293
766 914 932918330
349 502 683914384
408 639 101712641
122 583 581415620
476 822 237050185
159 647 969088698
258 331 819236531
215 465 748187820
719 973 297882659
326 719 857256432
533 984 699438836
275 581 998989186
598 995 926666448
331 399 318192249
589 818 240247655
767 948 274460226
530 574 891937906
219 452 566085085
488 760 56316847
618 980 905352371
779 873 174688286
313 756 220226347
226 419 362381182
918 932 311290290
595 982 81471065
194 955 716250347
308 391 925927870
312 699 435274408
532 931 95783351
539 659 357980123
296 760 363702023
144 486 573770746
321 869 274291647
752 838 689533661
314 427 720782559
227 354 950485465
838 908 917622058
892 913 257909956
744 886 472024927
575 994 712024933
417 551 468045468
66 640 849256205
111 726 593477795
509 896 952348595
399 653 267552677
206 504 175204983
266 614 615916690
805 859 650272517
695 843 332595251
133 436 963393209
60 515 281559650
366 454 191401875
867 876 705050244
184 473 649494741
252 951 81671441
173 871 993691696
157 500 616849627
156 676 465080015
715 984 785882214
64 130 219944229
158 254 982155360
303 606 773040282
225 649 950752806
478 940 499291193
508 615 879664001
337 797 238602463
606 770 379240021
29 609 712895859
9 270 94762441
572 948 27008282
56 383 309814403
774 930 413162920
38 683 913411537
214 994 763468129
2 953 902578822
357 453 319893555
281 648 419109525
81 570 42378062
100 383 200818404
247 918 29221772
153 757 146689208
511 692 531314569
85 488 732401800
116 321 854966531
886 906 276222947
129 787 399108874
379 572 217731703
493 830 658659315
702 971 944938516
773 999 480239453
277 714 806707615
547 593 392497538
43 342 880287086
215 328 734831704
228 400 196904111
90 372 945234853
67 808 215501553
139 364 19747368
186 976 615652768
92 474 857603898
217 291 282356377
377 899 219807829
353 398 877227080
393 701 532750370
54 928 454156686
304 553 322802030
883 977 797013341
101 632 584946730
584 777 394373542
568 854 300100306
645 729 666885720
135 664 521050100
235 831 922323599
395 420 440554734
919 949 940279291
180 475 634505590
302 692 969598824
12 894 71780060
284 936 183568265
534 724 842427638
345 866 327882835
60 428 317045509
656 842 989414310
595 733 318826100
724 957 53105780
731 883 504128877
141 557 448128485
148 949 730915874
236 314 331549572
299 672 65961286
65 994 783395241
26 163 819001517
920 929 846581307
152 900 607172318
559 783 543037327
60 677 361444351
522 735 403252639
410 739 255727820
69 360 230866399
316 941 237811459
856 871 486041856
144 431 875305676
730 994 404102493
177 867 406478506
19 849 183574830
405 634 673998040
68 545 957405145
472 864 762156527
0 650 862244669
187 773 594497745
102 742 46699854
98 701 817209498
59 590 97109666
365 593 397242279
801 994 945510245
231 439 279582413
78 893 907620625
626 787 365519687
37 840 388879940
112 855 287936165
147 203 411173429
165 883 659655642
167 529 470802865
24 84 986500986
312 894 407463374
32 51 664528546
2 599 339566056
77 428 117541858
624 813 888203808
765 917 659753917
299 608 193328897
703 865 21171312
0 931 465399024
60 726 221582954
61 672 515204216
545 591 809090615
184 524 154272633
277 743 701620031
31 842 140937556
97 114 319010938
399 546 26406237
430 777 829973456
176 594 764593457
33 743 982173659
653 783 439636194
14 430 248799507
240 736 543112667
4 550 300422705
167 228 492185222
314 740 639682535
96 183 175531008
257 721 746370189
273 559 140929140
106 150 305417970
113 479 919109827
201 602 798912716
496 564 821083772
283 609 124443561
407 625 479403621
398 806 696570367
229 506 499470351
490 772 149038045
281 570 497899951
843 859 546172363
803 995 350026037
784 906 882596809
359 554 125028880
52 417 498068078
154 680 639958285
142 595 564590030
856 887 167834051
59 350 586674029
842 900 492971296
241 327 24779632
170 974 927119260
350 870 140445885
82 259 75750969
693 728 418387054
330 964 435762879
419 998 414428901
559 864 167994112
446 545 743297085
53 91 616358856
18 243 156203987
150 802 100422413
336 691 566117089
429 734 805491530
777 883 356177117
702 714 350510586
92 426 426255312
498 921 996769406
365 824 394124346
616 909 601094946
359 727 43068494
129 912 360549087
351 450 123738061
954 983 962007038
659 850 813656131
532 565 725213394
973 995 268526401
790 861 136751103
322 325 329393158
139 881 370639408
651 956 172226077
383 455 807110952
495 661 48788352
937 977 583834667
216 992 375293834
701 734 873607882
529 580 133618158
71 850 345487779
634 756 794660227
210 710 521517307
841 843 623674494
73 300 134126220
877 898 572130376
255 620 913657305
135 874 727034832
460 467 841180185
392 765 645958399
347 781 28127932
955 988 543339090
848 972 703831116
127 774 251002588
27 267 924366685
87 340 416194315
26 910 699129977
373 417 29211477
15 601 649608544
740 898 247275415
17 795 479944974
100 486 566253198
227 263 976234998
542 892 972271175
663 723 738059199
287 529 783473966
59 941 311469417
334 356 599663476
382 420 165207903
138 422 486749067
642 714 449157717
480 883 695417941
403 422 406965546
923 962 122388919
252 802 671685344
441 878 719681259
265 405 399507849
346 702 282972220
416 443 937705522
327 438 451552634
685 719 743311310
154 433 862676935
537 630 402816084
9 543 917534153
617 830 567214926
275 560 475699255
256 518 18789943
81 660 812189275
569 900 752384689
19 73 41432593
454 599 986954384
50 822 363382627
298 315 85564850
417 631 764825010
819 842 224665015
755 823 24869146
752 979 970365111
143 638 640694255
23 779 36840968
163 506 942699369
49 247 920051876
273 795 289975955
342 718 452956273
733 811 132713746
190 275 711199349
704 707 75091486
275 349 650289862
172 965 516863306
246 764 93219495
234 377 361563302
646 733 339054291
364 969 741628047
596 741 734668390
123 757 769206454
45 473 372435193
69 672 807397040
254 387 497174239
279 657 775290529
600 847 316294020
457 558 997730440
715 890 165795919
769 961 837122974
251 425 359294611
624 651 731820445
908 960 649058927
470 675 314843972
9 693 221169393
50 152 633960288
10 122 57680093
809 963 62956660
337 475 670505031
242 388 31053301
11 879 246569043
504 894 274942895
510 782 320352927
274 776 646533524
1 843 428667294
28 828 747681592
418 585 922019156
882 956 335912140
95 375 832968270
445 993 838696893
42 726 345459661
239 242 613025325
469 737 737367657
34 259 121007288
413 669 113287669
483 540 259450004
421 860 858527184
25 768 137610663
780 862 751105164
319 949 607892798
104 240 31457140
254 262 938012914
41 278 581383073
148 690 733789262
113 342 393658718
196 218 716526369
138 417 725877851
66 774 622638134
408 829 49494090
20 285 364261465
599 890 826144728
148 379 860579995
367 656 558661069
630 927 399088411
297 868 28676309
701 897 237125123
496 521 146349868
654 980 521230747
761 796 853994934
625 851 383508750
136 693 960697387
322 978 774358056
45 668 818869265
412 633 868873230
345 886 93718486
219 832 962290305
266 343 929807291
348 953 122216440
619 816 792576693
417 480 629587885
315 929 778544293
879 941 47370694
638 726 276824435
412 729 584773941
861 964 678244642
787 821 432966985
3 362 707389153
268 839 259789820
491 964 765873661
164 978 114100016
503 724 441881623
567 908 683828789
428 963 698185430
655 753 97909006
36 731 879893446
336 967 550695555
161 698 280836185
750 776 741739688
193 605 91580928
657 700 979337097
220 404 94653204
409 477 685155809
48 305 906528020
99 491 897020713
502 610 329325932
67 645 184811160
448 702 226221994
24 546 388013404
22 766 56754821
119 947 946384927
132 204 47692733
433 747 262088683
218 272 905215026
384 550 830072293
5 520 646492643
171 696 83956336
329 361 302306269
189 485 597277646
30 698 228320052
486 721 328876898
378 814 392948324
352 738 239676298
303 527 117566783
229 649 556796127
600 700 21516829
125 665 850712341
310 587 792436166
71 167 335111590
579 640 737597511
642 781 751000896
447 593 260127239
25 746 796837504
851 977 501980392
445 967 334621544
130 251 518118654
462 611 824876517
300 538 595406248
529 647 938779350
329 962 895103721
76 392 699814459
118 888 410682311
645 775 546119461
482 893 817278320
539 597 109843373
280 636 397271837
329 764 930142430
106 780 610768596
332 640 975873108
565 905 313514384
383 959 513445152
242 361 396003472
268 463 659425863
304 728 966456239
46 876 550157823
754 759 338686273
259 847 986182672
178 458 321305215
163 423 89646157
374 596 732126201
41 113 434430313
48 564 560123974
358 612 645071783
29 566 243036309
455 889 754147419
707 943 957018232
892 987 666842849
448 791 580653194
346 687 809848778
185 777 312403643
381 519 155146752
312 378 269385754
208 574 140028076
355 393 352154636
486 904 424647546
377 408 827934365
62 898 602873094
37 67 684842367
156 511 333020523
389 691 71781048
508 796 529433874
133 845 984831699
471 672 44386107
622 677 332880493
732 887 997369516
22 57 708482181
223 363 46588722
72 376 223792452
250 565 753978407
302 857 600399963
404 449 999438666
306 853 522248576
536 639 175731331
254 473 595794587
212 476 125950229
519 577 729640669
612 678 66948426
394 997 444759846
510 535 437658052
746 775 500325373
147 487 578602236
72 557 330623657
139 956 57873041
189 400 259248871
491 892 498558813
168 402 784027082
251 737 14623117
84 528 818987484
494 602 11886332
417 610 882096951
21 823 47570671
83 794 829404711
222 501 891155127
503 544 705551701
169 282 381633140
181 645 414266567
418 603 784027062
758 817 339678411
472 792 632622070
421 641 668564888
368 896 588598417
421 824 459773655
599 970 2603591
53 973 786226500
432 539 225151766
175 179 428490456
90 207 842011161
196 720 34171863
176 294 441554011
243 272 733907450
551 674 787067774
13 87 460097328
398 459 544192162
277 556 655113872
558 742 329481883
115 262 858316839
191 440 522289718
80 935 629536579
162 531 29580706
683 878 296262335
512 971 339193535
80 223 845736696
252 335 3229147
63 300 167393885
178 339 154348684
496 635 563714806
200 658 973944636
92 258 819200838
332 653 638326824
59 137 993801831
451 770 712832607
7 680 598504245
339 916 765088634
290 694 750457224
318 420 111738698
110 410 265274005
686 748 154743331
176 356 344274583
658 990 252856769
748 914 719408327
277 659 908124700
179 297 402384290
188 198 989576974
208 516 338609584
35 197 996272770
287 770 244322597
437 650 807625428
235 349 38193809
370 713 916714601
121 701 607700899
13 947 322326898
853 916 42798187
19 46 897986850
356 554 396201255
156 333 180099926
418 587 201697247
17 901 100805008
192 324 619456714
535 552 335943375
401 826 235433067
682 893 336759640
221 555 810675149
517 951 425808813
286 331 785352928
436 694 597232940
804 879 245892938
760 870 252710211
308 613 637490542
181 910 431762952
288 718 610288438
160 867 765741914
403 586 220746001
307 803 852742318
494 863 459306411
18 632 69326139
246 980 224977504
351 874 825536757
657 735 221505706
548 652 508862922
648 991 975878485
698 787 438854965
462 989 105381976
492 820 924953464
540 958 240572696
8 542 953172820
177 929 568049231
151 977 628435287
592 909 500692919
156 884 304097645
216 869 854925054
531 925 950814236
699 993 393379478
591 667 677950041
182 876 674582105
291 856 138593302
170 813 96711954
143 942 124589526
588 613 956133355
420 707 84769303
487 999 784353632
589 666 41707157
972 976 126173769
476 786 651567637
662 855 177678247
667 740 627216505
432 917 31446375
260 938 454153895
344 485 299246263
329 541 205019763
91 825 417191646
93 836 116028030
601 813 113845282
193 412 45504892
560 688 133040750
202 640 686024482
262 946 933399938
47 152 951098915
371 902 343462975
853 924 330223945
90 107 353223961
346 497 295667196
195 305 716021921
800 854 190177335
134 462 372809116
264 638 91365303
359 433 730731142
480 757 478344045
443 489 163975546
115 793 558579828
581 843 579450834
571 609 391110728
166 747 743605377
185 715 806283815
35 468 527559458
415 827 954668226
549 853 747823136
604 957 95256325
654 706 843720497
806 986 498271057
172 641 809130780
293 697 265534166
32 563 950655492
226 386 832837613
6 307 698483309
146 783 234324479
771 913 54141228
79 737 226338708
472 679 282907017
89 461 807023413
500 966 991594955
73 490 639052929
660 779 390756038
282 481 376181122
158 251 209771850
523 799 209149084
477 994 994690849
410 411 666545153
357 784 160746457
233 470 190241174
437 611 440898828
126 757 783400594
695 776 665503838
523 646 632494875
436 571 842219376
108 802 223675471
91 724 356109680
232 817 699611503
81 561 841378119
298 576 249833046
918 949 576982227
208 678 61576412
789 796 582841978
61 888 940812975
429 445 884881823
186 612 950134744
766 872 542084057
391 456 803111265
440 804 676078122
24 404 140609625
3 74 551357586
465 835 287453289
28 468 617413454
719 907 589204322
183 209 855084261
139 958 41118416
213 356 958830496
328 811 56984562
515 981 326354280
82 983 260851152
320 421 484477656
188 283 421166959
346 665 845318175
788 789 114670594
342 514 579738314
109 576 200004691
812 985 667903154
78 520 319742936
27 140 795460268
340 432 227841037
45 472 486508722
312 945 431004492
37 652 688336567
140 926 280809094
494 593 32502863
280 544 718423066
88 820 601618853
111 816 962876104
3 155 955341253
140 539 289117250
218 939 208961625
335 696 927897008
323 729 281888752
303 934 778387163
480 712 570791865
709 736 684785351
288 367 606920604
207 531 395982243
390 459 697029979
595 785 524651789
208 938 403313470
6 396 242272361
535 824 589618578
87 896 861364866
177 603 687831277
51 990 365598731
180 832 199907871
489 573 899379557
15 898 147884377
114 745 84668916
261 710 712763870
339 672 451718920
362 875 509578213
36 44 822550847
605 643 793301562
296 565 415971504
21 664 860894541
322 789 459810867
524 692 622722637
90 253 928756025
148 317 608508899
566 711 503446067
464 880 775921726
434 973 64250195
223 316 114830072
21 424 43332510
482 748 947641169
330 927 809679579
550 906 399436810
284 708 141274947
399 763 482354940
442 870 584108930
413 985 900996622
484 828 270234625
568 671 762505274
249 505 269354873
379 891 665458269
216 946 135113882
751 973 346363442
117 379 213491581
154 854 859203230
683 881 947551796
5
385 851
182 823
215 333
371 582
541 790
