700 981
98 105 341789735
208 604 709973200
335 644 104865354
338 602 812201660
343 518 643785882
573 628 351487907
34 371 52914687
309 353 606226854
279 656 985748970
225 364 196001300
31 40 990562200
355 510 995899482
258 663 316091802
270 314 981972681
39 383 327795015
177 199 325653340
44 342 461251201
409 503 284103828
625 649 356256165
150 172 75591340
423 664 11315412
233 531 890769584
316 527 921001034
48 205 266638273
81 538 595172020
341 350 375065213
398 411 274191930
161 194 911536739
194 391 62039258
24 583 191004755
116 554 399609608
115 465 282096157
448 659 923932396
303 479 842918753
477 490 151219795
207 679 334641418
453 603 307372132
253 381 851089289
29 93 579735291
274 628 43716344
62 379 176792466
255 436 687967023
116 269 75252655
21 271 554741429
55 169 89474406
271 432 861519786
96 494 541033451
416 439 257291017
78 113 73006986
363 484 332236215
139 473 141482691
541 619 45861026
112 526 110539171
189 316 45296507
161 598 838507428
280 308 456535860
228 540 717106341
151 488 565895615
167 509 164044918
246 426 94509090
428 691 339217233
397 614 36404816
209 652 887670163
108 136 601161421
6 154 110819018
511 568 847534223
23 663 941073074
111 319 492886917
138 498 581874434
105 125 20052719
242 360 480056210
285 546 42343142
495 670 444838976
17 420 591806822
387 660 998490739
4 469 213498964
395 530 510261242
380 655 437062431
32 516 949373946
153 678 223819317
9 402 10110458
146 687 962167428
328 527 704505550
516 530 131354495
36 190 451876973
191 401 763381202
259 372 401316661
82 185 23211796
304 448 910731820
341 660 902343581
547 565 547996421
286 661 371490490
125 641 204477332
8 95 758759353
169 531 510140497
173 557 129842113
101 553 845878281
87 93 137410830
389 464 678455962
206 651 423207745
364 407 988907957
4 425 151881891
464 678 945333754
57 634 195534687
68 314 869376296
256 600 125676913
354 474 337318734
399 653 393976893
4 353 385621883
171 214 566357270
209 634 308800012
88 134 510484029
420 518 553280585
117 619 655620379
400 450 709973174
83 375 39050393
239 327 532860158
258 586 714260479
260 671 764020011
24 435 79059930
21 625 219200639
2 575 360183195
220 257 848183686
446 539 372303211
341 610 488427688
308 328 761562257
122 507 448322155
89 98 631454622
227 267 320131741
184 690 756842665
44 245 612264596
307 657 207773845
15 685 974105373
609 666 175598410
26 203 218556762
305 470 45534146
216 324 695603981
338 538 690950579
94 550 683433159
181 430 282347262
193 283 55444367
355 539 585973990
8 349 947229787
235 464 190360978
492 544 979560538
16 584 134912601
631 667 632679295
68 638 984437665
90 132 255335879
355 475 857622907
372 663 900310664
27 120 292297456
316 617 761714254
338 631 335842076
203 288 428399665
238 611 936772729
37 486 115422019
252 625 859682026
65 322 431614223
52 251 741667785
82 150 673803387
208 276 553957930
254 259 677252271
1 534 532126437
76 372 978942901
80 692 648787187
269 398 177980300
261 580 157982507
152 160 226247856
119 687 760926930
185 433 793328981
102 655 902317451
2 294 654863536
333 518 341321309
560 663 427141763
263 583 63297851
50 570 187749083
593 603 196763385
481 534 548160365
134 481 159573203
297 667 194437316
106 409 385496581
212 695 858090991
257 450 445153324
176 323 742812540
404 433 886472497
414 548 647575078
51 333 660457006
446 483 921610790
172 569 696863345
244 546 361882559
30 221 243595620
130 549 606555168
187 222 940617179
499 685 188742632
325 607 66166337
53 431 342279883
568 569 644773985
24 646 861862153
120 191 723554416
107 461 320426547
198 494 813004091
33 154 190813497
147 171 848973548
248 337 991942234
132 347 142483017
383 434 693340836
156 428 782677080
209 279 392095085
143 270 22163781
178 215 467630644
201 410 431022840
436 566 709079756
67 402 379585224
484 676 185627383
213 650 674040888
69 427 645712257
35 257 55879552
25 170 925528744
306 599 177469282
294 365 672226849
28 405 914400224
171 297 840563612
237 258 530118431
60 681 113578170
39 594 821319955
222 656 864412071
175 314 367996875
4 70 845618942
160 370 611805356
85 272 117852977
300 440 672299256
92 199 689316859
359 613 423942405
230 632 19311360
491 565 324789982
434 559 148315758
309 312 97405352
198 436 17315891
207 232 703432933
77 623 307452688
122 573 699028146
429 682 525468085
609 621 470756498
58 437 684145001
99 222 517454899
547 560 230571870
440 468 123799265
443 461 901144190
330 374 452984421
154 537 533176504
204 557 313160445
61 494 81592525
329 353 755832045
132 168 376565144
163 596 227170995
503 657 688681505
198 612 838151102
66 373 933540169
37 526 58452101
73 528 743607612
307 382 91129011
250 560 547715850
7 680 546567822
164 193 939683767
173 675 768310207
250 353 643878083
264 311 870899026
277 642 131355177
76 673 703533898
333 648 139856282
180 621 333540957
362 488 308480869
244 464 705242865
19 25 913500026
321 633 461550720
212 413 291800004
428 564 728176481
631 686 13851066
241 640 131694952
350 374 754077687
241 674 294630088
500 632 172445974
585 646 141601260
459 499 197698797
350 599 199792752
274 630 969057583
13 643 3277406
123 375 647642981
121 370 983120978
238 699 324005728
83 528 12278351
367 547 245673334
323 473 435809172
16 427 937021824
62 249 235877417
243 555 763898499
78 313 306286637
386 590 957274182
222 475 698215074
229 526 16386626
247 592 5820379
346 359 909671292
386 478 378704262
316 345 45095883
255 310 809378499
53 268 295065212
72 445 498058619
26 526 615728237
472 592 836902831
86 217 377139684
26 573 581924428
345 363 848708865
219 414 961868850
166 692 523424338
245 347 825534651
366 550 224640850
378 582 173341897
296 384 531996605
230 438 729136218
183 521 37259236
375 615 335004371
352 397 988897193
587 603 41319606
338 549 33870916
17 217 147506633
284 480 117220343
424 687 810259278
131 454 760585469
367 533 894382978
169 208 187935958
224 546 441492819
421 581 497145088
94 510 450482689
84 543 173617855
65 596 927156687
578 622 175514399
87 686 574993875
470 490 462737607
177 446 496389002
62 367 206577876
495 634 196321716
376 513 775727412
36 501 816130281
387 697 780744617
140 525 227263752
240 407 788343007
82 546 531340048
320 412 685088551
299 494 343416198
196 533 322205840
234 572 535796482
0 367 203535107
524 652 589957607
542 618 179522838
155 595 329727447
273 556 650510718
31 445 284858828
475 546 890499660
126 444 738976118
1 645 210386445
127 598 853163620
523 593 985404737
236 422 508271278
273 638 841438897
534 695 683176861
435 654 459466844
249 385 977657861
174 649 927364429
255 278 126927298
248 601 317476559
441 556 175511164
121 538 29792611
68 434 504143906
107 548 479603283
262 597 380896487
226 271 939729832
605 687 55578582
83 417 569983364
22 124 958062496
402 533 736224117
174 471 797118385
502 506 38307398
179 476 472183401
59 602 722141210
228 606 554331982
416 578 676390279
411 594 87409825
516 522 930291641
627 698 720787398
471 494 70069684
299 482 10829527
325 413 992909673
229 653 991137862
117 181 486175271
34 525 826769403
130 361 358644154
421 469 194468337
26 295 121872238
93 227 78656492
529 550 9218314
81 419 187548428
177 455 2039503
246 413 434508164
85 206 225870380
167 228 897716038
179 389 766406348
110 696 995508016
162 563 695535382
492 574 475945814
240 650 870665420
246 513 368639106
172 495 321347772
519 678 526453154
41 575 323492531
186 334 945981271
51 76 238819948
184 563 628627214
484 512 768523373
60 369 401423076
121 287 313476702
274 530 545792086
141 542 455195350
454 645 483369342
277 333 930516380
85 603 988389405
211 680 593387232
434 672 876309698
177 468 9531617
390 420 132318613
287 487 682356797
205 224 251225456
377 504 779283978
132 346 980541037
20 351 591844753
457 510 135884518
380 384 587916973
191 335 17971032
38 639 840985128
153 161 677623135
75 256 987482555
474 495 70898764
136 452 364336116
351 388 539798244
532 685 244926627
37 660 718638512
91 358 340286963
26 455 619134915
43 611 42900184
200 280 77124262
324 669 996305243
213 491 183310196
430 558 495643247
221 317 249612692
97 698 144015409
235 460 127809463
144 496 193589496
169 616 663856271
517 655 863502131
289 353 505110475
148 689 223081007
516 532 449291807
78 683 571825072
17 617 21621396
60 370 616026628
268 615 625837936
282 443 83928405
501 606 445663086
415 581 435130401
242 312 255050424
265 563 614093663
302 391 839179320
91 431 349239079
25 426 308975425
202 630 207391297
175 395 437212346
96 348 131167775
369 698 821923299
527 647 498415935
487 516 283552147
270 575 171273022
275 415 697973893
107 600 133122995
179 554 38335127
490 551 246988924
425 669 287849987
374 450 296207166
141 596 193437561
633 657 60818641
298 322 728867949
413 539 817230600
268 302 820696567
337 610 859728942
280 578 308319520
424 573 907189001
31 601 622559372
20 103 424037166
584 665 113515058
136 250 821187610
264 434 151268749
53 626 35292601
91 542 127144581
12 580 692478906
533 574 318540372
188 571 956960370
45 438 175814596
315 631 313723130
261 370 157641942
143 299 373386705
377 660 673357049
96 338 543138366
233 271 648361813
52 428 948128384
662 692 767256902
442 617 767429825
214 608 324766872
22 496 601777050
672 694 5660936
230 292 374621479
91 281 677765027
163 485 75107562
572 589 499127781
563 605 604837636
506 657 25477542
31 137 75707377
174 505 146667210
147 212 969645661
484 683 467539151
17 61 400063186
88 608 404432940
6 392 9786396
211 615 189851169
193 427 282381418
30 370 701709639
46 319 565090857
3 556 312111604
135 443 208954516
115 662 219217988
532 567 721382370
290 691 127250520
544 683 919143264
537 538 746439883
38 478 401608209
346 668 453358727
393 551 635532214
215 679 628474137
64 153 167488834
304 636 997457083
318 570 35999488
372 440 166449146
249 274 402933292
463 510 883184428
282 488 980738950
347 599 998015288
296 592 247370585
6 80 461166217
206 398 971245142
344 504 747173611
308 593 487261306
47 76 893598178
388 645 970067558
330 679 584406472
237 255 936777196
44 502 123230783
19 337 851087218
377 597 492264873
269 430 418852884
492 606 139375509
187 325 812969527
24 387 925247935
62 308 379191568
330 344 691106205
175 694 155452273
208 433 232741192
69 632 612715898
642 694 782620638
164 196 534718801
326 417 887525722
170 443 12441834
318 675 66748516
3 622 495574229
363 651 888146001
55 475 848879468
381 547 80088651
397 580 724344636
29 341 98676504
68 607 986413128
310 652 184043394
650 687 238792702
97 378 887815773
150 439 721915787
180 440 887005079
560 637 441699539
594 651 267210846
64 369 603046730
429 520 11857519
36 253 105345597
304 361 891576960
213 541 809540789
509 659 380066103
27 579 686848443
220 330 237908444
212 577 837033268
262 623 819412190
145 668 553385222
201 570 508677782
159 619 565361817
17 139 294569587
193 564 28276108
290 368 839727842
415 534 583889121
215 423 424572228
373 514 787665584
264 557 291633804
298 300 761711788
294 354 176239403
321 637 556285893
35 164 428560575
100 115 510468204
317 430 400086182
555 626 785305451
78 655 864010309
336 590 433295733
11 53 957550313
54 416 964070014
563 628 351835615
531 582 363952017
4 155 839022445
353 371 161378827
129 574 377272639
22 198 423462886
19 638 380556077
84 437 476840055
118 358 454257729
447 674 342092003
123 326 808223306
375 445 743316302
56 394 694232427
306 639 204897609
4 8 16444598
393 622 96222863
36 601 491116850
482 511 721079269
71 696 558120056
454 653 716286991
199 557 794898921
403 534 421652975
148 233 744482695
442 690 321785357
157 294 745081118
92 375 938776673
164 331 823595475
394 521 923485203
131 328 896150269
104 317 822718852
128 273 993684152
102 664 98007176
524 689 687622684
113 416 232629770
293 699 872089167
99 335 779472095
391 653 755048596
182 328 522182842
535 542 555934711
193 264 754425183
277 555 688215423
266 335 939762892
425 644 146046226
451 620 443745915
518 665 705868798
67 406 495973617
133 288 727089502
280 624 198103425
239 240 137991422
381 629 950789284
235 468 429482250
334 406 96335924
156 319 435606617
177 688 812056116
321 505 928507131
408 462 456115981
269 360 213766564
514 549 284575794
380 538 831715393
520 564 799394067
152 420 544720656
165 223 818156803
125 147 599004016
247 623 232013129
265 301 226862424
109 174 426339692
2 300 251391236
165 381 622835884
110 225 936342147
218 417 944161492
81 408 771395058
37 189 873931263
278 424 211294440
429 458 47062908
270 629 697340185
142 523 463087240
285 573 423650596
121 297 493600494
18 636 427737997
362 548 295134808
42 634 66813597
86 393 433723568
381 695 282096644
462 696 904605613
480 539 324712108
72 128 373831524
206 348 566517295
536 644 307009332
339 690 887635903
183 355 432549537
120 590 188062297
265 532 715710036
641 680 758691328
400 598 828499039
489 637 794341069
327 528 123793637
298 501 374061983
346 391 249446977
102 365 999455218
15 55 524823881
345 523 120445752
515 580 61016629
24 163 972557819
308 501 744416949
467 481 878376218
286 635 766755949
439 507 311758804
275 666 986457295
134 317 78916814
340 409 639961103
54 128 817549575
173 423 274851178
50 86 420751497
426 698 989428013
400 682 828076148
307 654 956736022
556 648 198216181
497 613 161437619
642 644 533871049
124 694 346196146
291 498 590449870
220 279 714832515
28 222 545916372
337 684 458672157
278 547 582991475
134 681 551752616
51 513 796641189
41 45 728375586
339 615 282493929
240 266 440430827
479 615 719758123
491 544 433433956
145 197 287563113
353 518 853428051
20 59 645245842
156 508 254126977
339 365 626384816
109 688 308242534
304 673 275033730
572 689 76083972
146 623 197194570
521 643 900391369
50 444 624701542
494 580 263182198
216 338 21280416
174 218 467365558
411 658 766349456
84 441 563842023
456 500 715662771
289 411 11942033
12 87 481079032
78 177 368265189
239 629 858064853
475 584 396005601
115 420 190675070
418 676 357879477
156 553 744839782
355 422 602471322
610 630 4897049
323 396 256716563
105 493 544760976
205 590 504985565
510 545 661578058
161 341 27932486
160 463 589956483
199 247 376127032
298 627 127724101
280 591 624711161
419 521 656781874
165 471 504284548
263 458 483653790
121 317 906384720
42 248 81987315
55 298 360779197
320 330 245910161
244 280 916954005
246 399 257029695
115 125 594378124
42 313 593070249
43 575 216763919
38 445 783376549
542 629 128771696
162 205 573727983
7 332 761479957
360 401 81548087
450 519 282528124
155 535 488195307
23 539 148535766
79 685 406074765
64 643 740532518
233 302 408361322
22 89 490518550
38 280 723406826
437 604 574501569
189 576 600816744
88 439 489970385
37 546 272097543
72 214 467924132
55 660 693863007
471 523 337049682
153 529 131174215
480 649 254237726
140 504 745758189
63 324 51360365
163 574 479086964
368 464 197417576
246 314 24289273
71 288 244674969
126 668 184862966
293 388 138509856
281 451 572972466
426 586 667036405
9 391 711877007
263 457 15151597
113 230 320104666
85 595 571987287
217 339 774600371
325 619 309747294
563 585 247027392
49 118 899417787
179 250 805606713
164 628 575685480
247 489 9582195
359 415 648240420
393 524 652820480
45 518 533875346
203 265 434357387
296 622 551678451
10 679 119115273
315 550 60075922
29 334 524156345
348 677 195386520
93 631 452934950
373 577 858755337
214 256 271894287
505 564 669412968
234 693 374628956
443 485 27633616
23 206 530922728
178 552 953705500
274 412 419134874
32 652 120159729
336 560 646229852
417 449 260559851
524 600 472827133
106 450 410862713
88 240 830660768
149 607 623558541
158 555 954086612
191 301 60488822
385 635 410484819
549 699 939411953
83 172 377234394
361 508 432824105
506 571 357734994
252 621 93409942
374 487 299695295
321 523 326791842
31 341 985793078
163 499 63830759
206 209 963951630
490 609 397846622
313 482 464013465
275 622 207120393
93 449 942293104
251 371 516377165
95 234 154836070
87 231 17038293
496 620 510758492
89 659 105333093
370 678 957583018
77 619 681529874
304 679 654272132
382 578 172602357
97 423 754787870
7 541 637151181
128 652 485510796
453 649 199152715
96 192 602324749
130 204 201808943
296 541 295309320
63 406 642133836
263 356 503431811
77 210 651968811
498 624 282333441
78 466 830419812
15 29 500328301
264 505 88996503
171 461 241014214
372 529 921216166
283 517 619433914
169 430 737625001
227 238 97442562
96 261 319427739
487 637 346306340
251 548 764076689
74 119 288519979
261 473 276797745
112 434 845981424
27 175 960833759
47 394 825415861
114 268 406140794
109 165 172725677
489 517 18320163
425 448 688955450
634 672 76859996
287 562 742359522
159 194 265216543
151 342 356152937
693 699 529255531
235 395 420210418
475 667 791902735
23 524 720470524
190 508 514288723
483 583 752521049
10 68 106342266
20 241 282620202
7 671 269395674
636 676 563612645
225 334 220408162
105 457 952838282
267 287 620070226
50 98 69479289
347 370 336660397
202 298 292478087
588 693 57948897
132 638 824055363
227 580 812082388
65 632 623437155
418 543 137486502
157 344 572437891
5 238 880040573
423 561 992732446
56 433 158512838
19 500 251712394
35 357 262345173
473 627 942978273
101 394 244741111
320 516 803180604
249 489 974157352
228 657 414736990
195 390 48245264
349 411 901368580
86 376 249668651
115 392 402148958
160 606 720917190
49 469 140576768
349 609 178899172
14 359 602212334
342 465 706631967
262 477 16932743
29 385 177987906
141 544 709189041
571 621 368936842
183 689 406950288
11 644 318377719
4
432 520
4 555
119 638
240 320
