500 400000
243 472
21 472
171 243
31 243
419 21
366 21
474 171
246 171
363 31
201 31
317 419
458 419
59 366
7 366
417 474
394 474
351 246
191 246
431 363
202 363
397 201
81 201
28 317
237 317
71 458
221 458
239 59
429 59
0 7
60 7
418 417
18 417
240 394
341 394
440 351
485 351
373 191
487 191
261 431
1 431
112 202
294 202
344 397
159 397
117 81
58 81
490 28
380 28
127 237
328 237
72 71
496 71
145 221
175 221
225 239
369 239
492 429
119 429
226 0
141 0
178 60
406 60
107 418
185 418
34 18
270 18
401 240
86 240
173 341
23 341
438 440
95 440
12 485
120 485
194 373
336 373
292 487
46 487
467 261
266 261
57 1
85 1
108 112
322 112
76 294
241 294
424 344
82 344
456 159
374 159
101 117
35 117
384 58
20 58
8 490
248 490
168 380
444 380
329 127
343 127
26 328
228 328
446 72
245 72
156 496
164 496
451 145
432 145
180 175
402 175
377 225
167 225
182 369
355 369
349 492
74 492
455 119
256 119
45 226
287 226
358 141
73 141
453 178
192 178
124 406
79 406
203 107
25 107
188 185
350 185
96 34
360 34
435 270
70 270
315 401
42 401
299 86
361 86
250 173
475 173
151 23
50 23
499 438
477 438
330 95
131 95
190 12
102 12
135 120
416 120
100 194
267 194
244 336
277 336
265 292
181 292
44 46
399 46
335 467
204 467
321 266
92 266
211 57
247 57
379 85
354 85
258 108
149 108
283 322
479 322
104 76
5 76
301 241
229 241
469 424
441 424
166 82
445 82
198 456
32 456
489 374
482 374
333 101
40 101
208 35
38 35
11 384
160 384
210 20
54 20
133 8
150 8
342 248
462 248
471 168
63 168
386 444
308 444
197 329
313 329
103 343
326 343
318 26
232 26
187 228
78 228
69 446
48 446
22 245
223 245
3 156
282 156
123 164
290 164
98 451
142 451
275 432
396 432
162 180
468 180
224 402
67 402
14 377
450 377
297 167
289 167
442 182
486 182
454 355
52 355
109 349
214 349
170 74
195 74
17 455
448 455
449 256
430 256
87 45
464 45
387 287
66 287
457 358
437 358
227 73
319 73
30 453
88 453
15 192
259 192
230 124
122 124
390 79
323 79
415 203
398 203
235 25
177 25
376 188
383 188
16 350
288 350
268 96
271 96
331 360
90 360
138 435
215 435
293 70
392 70
111 315
163 315
61 42
253 42
115 299
311 299
280 361
233 361
483 250
189 250
395 475
263 475
13 151
405 151
382 50
49 50
183 499
276 499
161 477
303 477
484 330
316 330
478 131
99 131
443 190
298 190
184 102
116 102
305 135
146 135
466 416
9 416
393 100
365 100
370 267
129 267
193 244
36 244
216 277
470 277
174 265
132 265
304 181
362 181
134 44
130 44
212 399
155 399
411 335
209 335
254 204
463 204
459 321
296 321
473 92
375 92
179 211
154 211
273 247
56 247
307 379
403 379
332 354
310 354
260 258
334 258
286 149
357 149
37 283
493 283
285 479
140 479
372 104
447 104
77 5
391 5
169 301
291 301
423 229
128 229
495 469
144 469
368 441
488 441
43 166
137 166
252 445
213 445
105 198
407 198
269 32
385 32
480 489
465 489
359 482
196 482
422 333
425 333
39 40
378 40
340 208
249 208
2 38
338 38
348 11
110 11
491 160
371 160
139 210
347 210
217 54
497 54
327 133
165 133
91 150
93 150
186 342
312 342
136 462
481 462
255 471
238 471
381 63
68 63
41 386
433 386
251 308
126 308
55 197
337 197
83 313
494 313
89 103
264 103
314 326
272 326
278 318
295 318
219 232
200 232
427 187
147 187
234 78
420 78
121 69
300 69
274 48
320 48
94 22
452 22
157 223
325 223
220 3
125 3
47 282
113 282
413 123
152 123
143 290
64 290
33 98
439 98
409 142
356 142
176 275
257 275
118 396
461 396
29 162
207 162
153 468
412 468
27 224
388 224
53 67
205 67
436 14
75 14
172 450
65 450
158 297
6 297
352 289
80 289
353 442
404 442
367 486
206 486
199 454
389 454
346 52
24 52
222 109
19 109
97 214
302 214
84 170
414 170
10 195
408 195
106 17
218 17
410 448
339 448
434 449
306 449
421 430
281 430
242 87
284 87
498 464
236 464
428 387
62 387
148 66
400 66
460 457
4 457
426 437
231 437
309 227
324 227
345 319
279 319
51 30
262 30
476 88
364 88
114 15
