269 400000
75 180
56 180
78 180
231 75
127 231
244 127
16 244
113 16
178 113
85 16
20 85
74 20
249 74
134 249
248 249
96 134
109 74
17 109
164 96
32 109
265 32
253 265
120 265
82 120
4 253
28 4
150 28
53 120
165 53
137 53
31 137
206 31
123 206
102 123
168 17
33 168
174 253
162 174
243 174
193 243
106 164
262 106
146 262
69 146
207 146
212 69
121 212
258 121
93 258
171 258
122 121
62 122
2 69
220 2
157 220
163 207
192 163
177 192
148 2
111 148
196 111
94 196
65 94
101 65
136 101
147 136
107 147
260 94
58 260
227 58
37 260
15 37
246 15
266 227
0 266
184 0
235 184
110 184
247 0
167 247
124 247
190 58
48 190
66 48
170 48
86 170
176 86
26 190
160 26
226 160
172 37
245 124
188 245
76 226
201 167
149 170
50 149
7 149
237 7
68 237
217 237
173 68
18 217
142 173
131 107
209 131
36 136
80 50
250 80
135 250
81 135
88 81
14 176
251 14
117 14
179 117
9 117
195 251
126 195
205 126
208 9
83 208
225 83
44 225
70 205
116 70
154 116
46 116
159 154
166 159
239 166
21 239
72 46
152 72
43 152
257 250
144 257
98 144
215 98
133 257
59 133
228 59
3 228
64 3
140 64
238 140
240 238
67 140
42 67
60 228
268 60
254 268
200 268
108 60
204 42
261 67
191 240
13 191
129 191
24 129
182 129
216 182
12 3
95 12
47 240
115 47
61 115
29 13
186 200
153 186
54 153
143 54
256 143
22 256
45 22
100 45
223 143
158 223
221 45
232 223
211 221
41 211
97 41
213 97
125 213
210 125
90 210
6 90
38 6
145 38
132 6
55 132
189 55
87 189
155 87
267 55
40 155
234 125
27 90
128 27
35 128
199 128
25 199
236 35
139 35
119 236
203 119
198 203
183 198
114 183
84 114
259 183
89 234
252 89
141 252
30 141
19 30
99 19
79 19
91 79
23 91
103 23
264 103
187 103
255 187
233 255
185 264
224 185
11 233
39 187
181 224
175 39
57 175
156 57
169 23
63 169
151 63
73 11
34 73
219 267
161 219
202 161
197 156
71 197
1 71
222 1
263 224
194 263
52 194
242 52
230 242
118 194
8 118
10 118
49 263
241 8
5 241
214 241
77 214
130 77
104 139
51 151
105 51
218 105
138 40
92 138
112 138
229 236
