136 400000
19 18
19 20
17 19
16 17
15 16
14 15
21 14
22 21
13 22
23 13
12 23
24 12
11 24
10 11
9 10
8 9
7 8
6 7
25 6
26 25
5 26
4 5
27 4
28 27
29 28
40 39
40 41
42 40
44 43
44 45
42 44
46 42
47 48
49 47
51 50
51 52
49 51
46 49
53 46
55 54
56 55
57 56
58 59
60 58
62 61
62 63
60 62
57 60
53 57
64 53
66 65
66 67
68 66
70 69
70 71
68 70
72 68
75 74
73 75
72 73
76 72
64 76
77 64
78 79
80 78
82 81
82 83
80 82
84 80
86 85
86 87
88 86
90 89
90 91
88 90
84 88
92 84
93 94
95 93
97 96
97 98
95 97
99 95
101 100
101 102
103 101
104 105
103 104
99 103
92 99
106 92
108 107
108 109
110 108
111 112
110 111
113 110
115 114
116 115
117 118
116 117
113 116
119 113
121 120
122 121
124 123
124 125
122 124
126 122
119 126
106 119
77 106
38 77
37 38
36 37
35 36
127 35
34 127
128 34
33 128
129 33
130 129
32 130
131 32
132 131
133 132
31 133
30 31
134 30
29 134
3 29
2 3
135 2
1 135
0 1
