479 400000
217 361
375 361
370 217
138 217
393 138
297 138
263 297
119 263
202 119
247 202
376 247
285 376
101 285
236 101
351 285
409 351
197 409
11 236
97 11
122 409
189 122
391 189
232 391
88 391
160 197
272 160
313 272
335 313
14 97
193 88
410 193
116 193
348 11
341 348
281 335
198 281
455 410
442 455
414 351
9 88
458 442
58 458
454 58
171 454
18 458
292 18
112 9
191 112
349 191
304 349
195 304
132 304
182 195
425 132
433 425
417 349
300 417
280 300
359 433
127 101
92 127
12 92
24 425
1 24
443 18
180 443
40 443
64 40
117 64
38 40
135 180
254 135
385 64
241 117
270 117
345 241
262 270
107 345
23 107
0 23
146 0
50 146
113 50
74 113
234 74
76 234
61 76
392 61
177 392
338 392
261 50
286 261
266 286
212 286
46 212
199 46
289 261
249 199
161 249
63 161
223 63
47 223
384 76
354 384
311 354
229 311
159 229
373 159
48 229
420 48
30 385
356 30
192 356
215 192
163 215
347 163
169 347
462 169
34 462
115 34
148 115
395 148
334 395
136 148
310 395
70 136
346 334
366 346
329 366
413 241
471 413
476 471
56 476
400 56
421 413
186 421
352 61
318 352
389 318
201 389
114 201
221 114
185 389
478 185
224 478
302 478
243 302
35 224
253 185
27 224
428 302
406 428
367 428
164 367
416 164
71 416
44 406
105 114
387 105
380 387
288 367
147 288
447 147
321 164
277 71
226 321
239 380
228 239
301 228
3 416
220 3
278 3
106 239
246 420
358 246
305 358
91 305
168 91
166 168
43 91
271 163
131 271
123 215
465 123
94 465
216 465
98 216
368 420
336 368
6 338
145 6
273 310
282 232
196 266
206 292
7 206
449 34
322 38
365 322
26 322
316 26
32 316
55 32
8 32
130 8
295 8
299 295
453 299
444 26
155 444
19 155
75 282
340 75
134 75
461 340
60 340
427 60
284 427
190 284
248 134
157 461
394 157
473 394
33 473
383 249
326 383
418 326
80 418
214 80
343 80
188 343
140 188
470 188
144 470
430 144
474 430
438 430
10 438
96 474
333 140
255 333
377 255
283 377
264 283
315 264
369 315
31 369
79 31
167 79
464 31
22 79
230 383
265 230
53 265
477 53
120 477
82 120
357 53
66 357
399 66
307 22
162 307
108 159
275 130
291 275
240 192
100 240
327 335
89 316
52 43
81 52
448 52
200 448
422 448
419 422
62 81
219 62
174 190
339 174
382 174
165 382
397 165
129 397
294 382
143 294
456 143
344 456
21 456
408 21
398 408
330 165
298 344
331 298
437 331
45 437
440 398
150 440
332 150
225 332
49 129
77 143
457 77
353 457
86 353
20 21
426 20
401 426
402 401
269 402
137 269
69 137
436 69
431 436
110 426
287 110
208 436
320 208
244 320
154 244
210 154
379 210
290 379
78 210
103 290
407 103
463 110
121 290
4 463
459 4
319 459
95 319
355 459
245 137
279 397
72 408
423 214
238 423
59 238
350 59
342 350
390 342
118 390
475 342
257 475
360 257
42 360
54 42
128 42
16 128
381 128
432 381
434 54
403 434
324 403
124 324
209 381
179 209
362 209
84 362
460 84
252 84
469 124
439 469
222 179
68 222
170 222
415 170
37 68
468 37
306 468
227 350
309 49
364 309
5 364
152 5
83 152
445 364
466 445
90 466
125 90
314 445
184 125
2 184
446 2
405 446
404 405
51 404
386 404
139 51
181 184
325 386
323 325
204 323
28 323
213 28
396 204
153 396
15 153
411 15
312 411
260 15
237 411
57 237
158 312
308 158
17 153
207 17
175 207
211 175
317 175
337 317
178 317
156 337
235 337
205 235
233 205
99 233
141 235
111 141
250 396
467 250
429 250
194 467
450 467
267 450
183 267
172 429
85 172
218 172
424 218
87 85
374 87
451 374
274 451
126 274
296 126
142 126
176 142
151 176
29 151
102 29
378 102
372 378
256 451
39 256
371 39
328 85
25 260
93 372
149 93
73 93
388 73
67 73
36 309
231 36
435 231
173 435
187 173
41 178
303 156
472 303
452 36
251 452
293 251
203 57
104 203
13 104
412 13
268 412
258 268
441 258
259 441
242 259
65 242
109 65
363 109
276 242
133 441
