10000 400000
7 6
7 8
9 7
11 10
11 12
9 11
13 9
15 14
15 16
17 15
19 18
19 20
17 19
13 17
21 13
23 22
23 24
25 23
27 26
27 28
25 27
29 25
30 31
32 30
34 33
34 35
32 34
29 32
21 29
36 21
38 37
38 39
40 38
42 41
42 43
40 42
44 40
46 45
46 47
48 46
50 49
50 51
48 50
44 48
52 44
54 53
54 55
56 54
58 57
58 59
56 58
60 56
62 61
62 63
64 62
66 65
66 67
64 66
60 64
52 60
36 52
68 36
70 69
70 71
72 70
74 73
74 75
72 74
76 72
78 77
78 79
80 78
82 81
82 83
80 82
76 80
84 76
86 85
86 87
88 86
90 89
90 91
88 90
92 88
94 93
94 95
96 94
98 97
98 99
96 98
92 96
84 92
100 84
102 101
102 103
104 102
106 105
104 106
107 104
109 108
109 110
111 109
113 112
113 114
111 113
107 111
115 107
116 117
118 116
120 119
120 121
118 120
122 118
124 123
126 125
126 127
124 126
122 124
115 122
100 115
68 100
128 68
129 130
131 129
133 132
133 134
131 133
135 131
137 136
137 138
139 137
141 140
141 142
139 141
135 139
143 135
145 144
145 146
147 145
149 148
149 150
147 149
151 147
152 153
154 152
156 155
156 157
154 156
151 154
143 151
158 143
160 159
162 161
163 162
163 164
165 163
167 166
168 167
170 169
170 171
168 170
165 168
160 165
158 160
172 158
174 173
174 175
176 174
178 177
178 179
176 178
180 176
182 181
182 183
184 182
186 185
186 187
184 186
180 184
188 180
190 189
190 191
192 190
194 193
194 195
192 194
196 192
198 197
198 199
200 198
202 201
202 203
200 202
196 200
188 196
204 188
206 205
206 207
208 206
209 210
208 209
211 208
213 212
213 214
215 213
216 217
215 216
211 215
218 211
219 220
221 219
223 222
223 224
221 223
225 221
227 226
227 228
229 227
231 230
229 231
225 229
218 225
204 218
172 204
128 172
232 128
233 234
235 233
237 236
237 238
235 237
239 235
241 240
241 242
243 241
245 244
245 246
243 245
239 243
247 239
249 248
249 250
251 249
253 252
253 254
251 253
255 251
257 256
257 258
259 257
261 260
261 262
259 261
255 259
247 255
263 247
264 265
266 264
268 267
268 269
270 268
272 271
272 273
270 272
266 270
274 266
276 275
276 277
278 276
280 279
280 281
278 280
282 278
284 283
284 285
286 284
288 287
288 289
286 288
282 286
274 282
263 274
290 263
291 292
293 291
294 293
296 295
296 297
298 296
300 299
300 301
298 300
294 298
302 294
304 303
304 305
306 304
308 307
306 308
309 306
311 310
311 312
313 311
315 314
315 316
313 315
309 313
302 309
317 302
319 318
319 320
321 319
323 322
323 324
321 323
325 321
327 326
327 328
329 327
331 330
331 332
329 331
325 329
333 325
335 334
335 336
337 335
339 338
339 340
337 339
341 337
343 342
343 344
345 343
347 346
347 348
345 347
341 345
333 341
317 333
290 317
349 290
351 350
351 352
353 351
355 354
355 356
353 355
357 353
359 358
359 360
361 359
363 362
361 363
357 361
364 357
366 365
366 367
368 366
370 369
370 371
368 370
372 368
374 373
374 375
376 374
378 377
378 379
376 378
372 376
364 372
380 364
382 381
382 383
384 382
386 385
386 387
384 386
388 384
390 389
390 391
392 390
394 393
394 395
392 394
388 392
396 388
398 397
398 399
400 398
402 401
402 403
400 402
404 400
406 405
406 407
408 406
410 409
410 411
408 410
404 408
396 404
380 396
412 380
414 413
414 415
416 414
418 417
418 419
416 418
420 416
422 421
422 423
424 422
426 425
426 427
424 426
420 424
428 420
430 429
430 431
432 430
434 433
434 435
432 434
436 432
438 437
438 439
440 438
442 441
442 443
440 442
436 440
428 436
444 428
446 445
446 447
448 446
449 448
451 450
452 451
454 453
454 455
452 454
449 452
456 449
458 457
460 459
460 461
458 460
462 458
464 463
465 464
467 466
465 467
462 465
456 462
444 456
412 444
349 412
232 349
468 232
470 469
470 471
472 470
474 473
474 475
472 474
476 472
477 478
479 477
481 480
481 482
479 481
476 479
483 476
485 484
485 486
487 485
489 488
489 490
487 489
491 487
493 492
493 494
495 493
497 496
497 498
495 497
491 495
483 491
499 483
500 501
502 500
504 503
504 505
502 504
506 502
508 507
508 509
510 508
506 510
511 506
513 512
513 514
515 513
517 516
517 518
515 517
519 515
521 520
521 522
523 521
525 524
525 526
523 525
519 523
511 519
499 511
527 499
529 528
529 530
531 529
533 532
533 534
531 533
535 531
537 536
537 538
539 537
541 540
541 542
539 541
535 539
543 535
545 544
545 546
547 545
549 548
549 550
547 549
551 547
553 552
553 554
555 553
557 556
557 558
555 557
551 555
543 551
559 543
561 560
561 562
563 561
565 564
565 566
563 565
567 563
569 568
569 570
571 569
573 572
573 574
571 573
567 571
575 567
577 576
577 578
579 577
581 580
581 582
579 581
583 579
585 584
585 586
587 585
589 588
589 590
587 589
583 587
575 583
559 575
527 559
591 527
593 592
593 594
595 593
597 596
597 598
595 597
599 595
601 600
601 602
603 601
605 604
605 606
603 605
599 603
607 599
609 608
609 610
611 609
613 612
613 614
611 613
615 611
617 616
617 618
619 617
621 620
621 622
619 621
615 619
607 615
623 607
625 624
625 626
627 625
629 628
629 630
627 629
631 627
633 632
633 634
635 633
637 636
637 638
635 637
631 635
639 631
641 640
641 642
643 641
645 644
645 646
643 645
647 643
649 648
649 650
651 649
653 652
653 654
651 653
647 651
639 647
623 639
655 623
657 656
657 658
659 657
661 660
661 662
659 661
663 659
665 664
665 666
667 665
669 668
669 670
667 669
663 667
671 663
673 672
673 674
675 673
677 676
677 678
675 677
679 675
681 680
681 682
683 681
685 684
685 686
683 685
679 683
671 679
687 671
690 689
692 691
692 693
694 692
696 695
696 697
694 696
690 694
688 690
687 688
655 687
591 655
698 591
700 699
700 701
702 700
704 703
704 705
702 704
706 702
708 707
708 709
710 708
712 711
712 713
710 712
706 710
714 706
716 715
716 717
718 716
720 719
720 721
718 720
722 718
724 723
724 725
726 724
728 727
728 729
726 728
722 726
714 722
730 714
732 731
732 733
734 732
736 735
736 737
734 736
738 734
740 739
740 741
742 740
744 743
744 745
742 744
738 742
746 738
748 747
748 749
750 748
752 751
752 753
750 752
754 750
756 755
756 757
758 756
760 759
760 761
758 760
754 758
746 754
730 746
762 730
764 763
764 765
766 764
768 767
768 769
766 768
770 766
772 771
772 773
774 772
776 775
776 777
774 776
770 774
778 770
780 779
780 781
782 780
784 783
784 785
782 784
786 782
787 788
789 787
791 790
791 792
789 791
786 789
778 786
793 778
795 794
795 796
797 795
799 798
799 800
797 799
801 797
803 802
803 804
805 803
807 806
807 808
805 807
801 805
809 801
811 810
811 812
813 811
815 814
815 816
813 815
817 813
819 818
819 820
821 819
823 822
823 824
821 823
817 821
809 817
793 809
762 793
825 762
827 826
827 828
829 827
830 829
832 831
832 833
834 832
835 836
834 835
830 834
837 830
839 838
840 839
842 841
842 843
844 842
846 845
846 847
844 846
840 844
837 840
848 837
849 850
851 849
852 853
851 852
854 851
856 855
856 857
858 856
860 859
860 861
858 860
854 858
862 854
864 863
864 865
866 864
868 867
868 869
866 868
870 866
872 871
872 873
874 872
876 875
876 877
874 876
870 874
862 870
848 862
878 848
880 879
882 881
882 883
880 882
884 880
886 885
886 887
888 886
890 889
890 891
888 890
884 888
892 884
894 893
894 895
896 894
898 897
898 899
896 898
900 896
902 901
902 903
904 902
906 905
906 907
904 906
900 904
892 900
908 892
910 909
910 911
912 910
912 913
914 912
915 916
917 915
919 918
919 920
917 919
914 917
921 914
922 923
924 922
926 925
926 927
924 926
928 924
930 929
930 931
932 930
934 933
934 935
932 934
928 932
921 928
908 921
878 908
825 878
698 825
468 698
936 468
938 937
938 939
940 938
942 941
942 943
940 942
944 940
946 945
946 947
948 946
950 949
950 951
948 950
944 948
952 944
954 953
954 955
956 954
958 957
958 959
956 958
960 956
962 961
962 963
964 962
966 965
966 967
964 966
960 964
952 960
968 952
970 969
970 971
972 970
974 973
974 975
972 974
976 972
978 977
978 979
980 978
982 981
982 983
980 982
976 980
984 976
986 985
986 987
988 986
990 989
990 991
988 990
992 988
994 993
994 995
996 994
998 997
998 999
996 998
992 996
984 992
968 984
1000 968
1002 1001
1002 1003
1004 1002
1006 1005
1006 1007
1004 1006
1008 1004
1010 1009
1010 1011
1012 1010
1014 1013
1014 1015
1012 1014
1008 1012
1016 1008
1018 1017
1018 1019
1020 1018
1022 1021
1022 1023
1020 1022
1024 1020
1026 1025
1026 1027
1028 1026
1030 1029
1030 1031
1028 1030
1024 1028
1016 1024
1032 1016
1034 1033
1034 1035
1036 1034
1038 1037
1038 1039
1036 1038
1040 1036
1042 1041
1042 1043
1044 1042
1046 1045
1046 1047
1044 1046
1040 1044
1048 1040
1050 1049
1050 1051
1052 1050
1054 1053
1054 1055
1052 1054
1056 1052
1058 1057
1058 1059
1060 1058
1062 1061
1062 1063
1060 1062
1056 1060
1048 1056
1032 1048
1000 1032
1064 1000
1066 1065
1066 1067
1068 1066
1070 1069
1070 1071
1068 1070
1072 1068
1074 1073
1074 1075
1076 1074
1078 1077
1078 1079
1076 1078
1072 1076
1080 1072
1082 1081
1082 1083
1084 1082
1086 1085
1086 1087
1084 1086
1088 1084
1090 1089
1090 1091
1092 1090
1094 1093
1094 1095
1092 1094
1088 1092
1080 1088
1096 1080
1098 1097
1098 1099
1100 1098
1102 1101
1102 1103
1100 1102
1104 1100
1106 1105
1106 1107
1108 1106
1110 1109
1110 1111
1108 1110
1104 1108
1112 1104
1114 1113
1114 1115
1116 1114
1118 1117
1118 1119
1116 1118
1120 1116
1122 1121
1122 1123
1124 1122
1126 1125
1126 1127
1124 1126
1120 1124
1112 1120
1096 1112
1128 1096
1130 1129
1130 1131
1132 1130
1134 1133
1132 1134
1135 1132
1137 1136
1137 1138
1139 1137
1141 1140
1141 1142
1139 1141
1135 1139
1143 1135
1145 1144
1145 1146
1147 1145
1149 1148
1149 1150
1147 1149
1151 1147
1153 1152
1153 1154
1155 1153
1157 1156
1157 1158
1155 1157
1151 1155
1143 1151
1159 1143
1161 1160
1161 1162
1163 1161
1165 1164
1165 1166
1163 1165
1167 1163
1169 1168
1169 1170
1171 1169
1173 1172
1173 1174
1171 1173
1167 1171
1175 1167
1177 1176
1178 1177
1180 1179
1180 1181
1178 1180
1182 1178
1184 1183
1184 1185
1186 1184
1188 1187
1188 1189
1186 1188
1182 1186
1175 1182
1159 1175
1128 1159
1064 1128
1190 1064
1192 1191
1192 1193
1194 1192
1196 1195
1194 1196
1197 1194
1199 1198
1199 1200
1201 1199
1203 1202
1203 1204
1201 1203
1197 1201
1205 1197
1207 1206
1207 1208
1209 1207
1211 1210
1211 1212
1209 1211
1213 1209
1215 1214
1215 1216
1217 1215
1219 1218
1219 1220
1217 1219
1213 1217
1205 1213
1221 1205
1223 1222
1223 1224
1225 1223
1227 1226
1227 1228
1225 1227
1229 1225
1231 1230
1231 1232
1233 1231
1235 1234
1235 1236
1233 1235
1229 1233
1237 1229
1239 1238
1239 1240
1241 1239
1243 1242
1243 1244
1241 1243
1245 1241
1247 1246
1247 1248
1249 1247
1251 1250
1251 1252
1249 1251
1245 1249
1237 1245
1221 1237
1253 1221
1255 1254
1255 1256
1257 1255
1259 1258
1259 1260
1257 1259
1261 1257
1263 1262
1263 1264
1265 1263
1267 1266
1267 1268
1265 1267
1261 1265
1269 1261
1271 1270
1271 1272
1273 1271
1275 1274
1275 1276
1273 1275
1277 1273
1278 1279
1280 1278
1282 1281
1282 1283
1280 1282
1277 1280
1269 1277
1284 1269
1286 1285
1286 1287
1288 1286
1290 1289
1288 1290
1291 1288
1292 1293
1294 1292
1296 1295
1296 1297
1294 1296
1291 1294
1298 1291
1300 1299
1300 1301
1302 1300
1304 1303
1304 1305
1302 1304
1306 1302
1308 1307
1308 1309
1310 1308
1312 1311
1312 1313
1310 1312
1306 1310
1298 1306
1284 1298
1253 1284
1314 1253
1316 1315
1316 1317
1318 1316
1320 1319
1320 1321
1318 1320
1322 1318
1324 1323
1324 1325
1326 1324
1328 1327
1328 1329
1326 1328
1322 1326
1330 1322
1332 1331
1332 1333
1334 1332
1336 1335
1336 1337
1334 1336
1338 1334
1340 1339
1340 1341
1342 1340
1344 1343
1344 1345
1342 1344
1338 1342
1330 1338
1346 1330
1348 1347
1348 1349
1350 1348
1352 1351
1352 1353
1350 1352
1354 1350
1356 1355
1356 1357
1358 1356
1360 1359
1360 1361
1358 1360
1354 1358
1362 1354
1364 1363
1364 1365
1366 1364
1368 1367
1368 1369
1366 1368
1370 1366
1372 1371
1372 1373
1374 1372
1376 1375
1376 1377
1374 1376
1370 1374
1362 1370
1346 1362
1378 1346
1380 1379
1380 1381
1382 1380
1384 1383
1384 1385
1382 1384
1386 1382
1388 1387
1388 1389
1390 1388
1392 1391
1392 1393
1390 1392
1386 1390
1394 1386
1396 1395
1396 1397
1398 1396
1400 1399
1400 1401
1398 1400
1402 1398
1404 1403
1404 1405
1406 1404
1408 1407
1408 1409
1406 1408
1402 1406
1394 1402
1410 1394
1412 1411
1412 1413
1414 1412
1416 1415
1416 1417
1414 1416
1418 1414
1420 1419
1420 1421
1422 1420
1424 1423
1424 1425
1422 1424
1418 1422
1426 1418
1428 1427
1428 1429
1430 1428
1432 1431
1432 1433
1430 1432
1434 1430
1435 1436
1437 1435
1439 1438
1439 1440
1437 1439
1434 1437
1426 1434
1410 1426
1378 1410
1314 1378
1190 1314
1441 1190
1443 1442
1443 1444
1445 1443
1447 1446
1447 1448
1445 1447
1449 1445
1451 1450
1451 1452
1453 1451
1455 1454
1455 1456
1453 1455
1449 1453
1457 1449
1459 1458
1459 1460
1461 1459
1463 1462
1463 1464
1461 1463
1465 1461
1467 1466
1467 1468
1469 1467
1471 1470
1471 1472
1469 1471
1465 1469
1457 1465
1473 1457
1475 1474
1475 1476
1477 1475
1479 1478
1479 1480
1477 1479
1481 1477
1483 1482
1483 1484
1485 1483
1487 1486
1487 1488
1485 1487
1481 1485
1489 1481
1491 1490
1491 1492
1493 1491
1495 1494
1495 1496
1493 1495
1497 1493
1499 1498
1499 1500
1501 1499
1503 1502
1503 1504
1501 1503
1497 1501
1489 1497
1473 1489
1505 1473
1507 1506
1507 1508
1509 1507
1511 1510
1511 1512
1509 1511
1513 1509
1515 1514
1515 1516
1517 1515
1519 1518
1519 1520
1517 1519
1513 1517
1521 1513
1523 1522
1523 1524
1525 1523
1527 1526
1527 1528
1525 1527
1529 1525
1531 1530
1531 1532
1533 1531
1535 1534
1535 1536
1533 1535
1529 1533
1521 1529
1537 1521
1539 1538
1539 1540
1541 1539
1543 1542
1543 1544
1541 1543
1545 1541
1547 1546
1547 1548
1549 1547
1551 1550
1551 1552
1549 1551
1545 1549
1553 1545
1555 1554
1555 1556
1557 1555
1559 1558
1559 1560
1557 1559
1561 1557
1563 1562
1563 1564
1565 1563
1567 1566
1567 1568
1565 1567
1561 1565
1553 1561
1537 1553
1505 1537
1569 1505
1571 1570
1571 1572
1573 1571
1575 1574
1575 1576
1573 1575
1577 1573
1579 1578
1579 1580
1581 1579
1583 1582
1583 1584
1581 1583
1577 1581
1585 1577
1587 1586
1587 1588
1589 1587
1591 1590
1591 1592
1589 1591
1593 1589
1595 1594
1595 1596
1597 1595
1599 1598
1599 1600
1597 1599
1593 1597
1585 1593
1601 1585
1603 1602
1603 1604
1605 1603
1607 1606
1607 1608
1605 1607
1609 1605
1611 1610
1611 1612
1613 1611
1615 1614
1615 1616
1613 1615
1609 1613
1617 1609
1619 1618
1619 1620
1621 1619
1623 1622
1623 1624
1621 1623
1625 1621
1627 1626
1627 1628
1629 1627
1631 1630
1631 1632
1629 1631
1625 1629
1617 1625
1601 1617
1633 1601
1635 1634
1635 1636
1637 1635
1639 1638
1639 1640
1637 1639
1641 1637
1643 1642
1643 1644
1645 1643
1647 1646
1647 1648
1645 1647
1641 1645
1649 1641
1651 1650
1651 1652
1653 1651
1655 1654
1655 1656
1653 1655
1657 1653
1659 1658
1659 1660
1661 1659
1663 1662
1663 1664
1661 1663
1657 1661
1649 1657
1665 1649
1667 1666
1667 1668
1669 1667
1671 1670
1671 1672
1669 1671
1673 1669
1675 1674
1675 1676
1677 1675
1679 1678
1679 1680
1677 1679
1673 1677
1681 1673
1683 1682
1683 1684
1685 1683
1687 1686
1687 1688
1685 1687
1689 1685
1691 1690
1691 1692
1693 1691
1695 1694
1695 1696
1693 1695
1689 1693
1681 1689
1665 1681
1633 1665
1569 1633
1697 1569
1699 1698
1699 1700
1701 1699
1703 1702
1703 1704
1701 1703
1705 1701
1707 1706
1707 1708
1709 1707
1711 1710
1711 1712
1709 1711
1705 1709
1713 1705
1715 1714
1715 1716
1717 1715
1719 1718
1719 1720
1717 1719
1721 1717
1723 1722
1723 1724
1725 1723
1727 1726
1727 1728
1725 1727
1721 1725
1713 1721
1729 1713
1731 1730
1731 1732
1733 1731
1735 1734
1735 1736
1733 1735
1737 1733
1739 1738
1739 1740
1741 1739
1743 1742
1743 1744
1741 1743
1737 1741
1745 1737
1747 1746
1747 1748
1749 1747
1751 1750
1751 1752
1749 1751
1753 1749
1755 1754
1755 1756
1757 1755
1759 1758
1759 1760
1757 1759
1753 1757
1745 1753
1729 1745
1761 1729
1763 1762
1763 1764
1765 1763
1767 1766
1767 1768
1765 1767
1769 1765
1770 1771
1772 1770
1774 1773
1774 1775
1772 1774
1769 1772
1776 1769
1778 1777
1778 1779
1780 1778
1782 1781
1782 1783
1780 1782
1784 1780
1786 1785
1786 1787
1788 1786
1790 1789
1790 1791
1788 1790
1784 1788
1776 1784
1792 1776
1794 1793
1794 1795
1796 1794
1798 1797
1798 1799
1796 1798
1800 1796
1802 1801
1802 1803
1804 1802
1806 1805
1806 1807
1804 1806
1800 1804
1808 1800
1810 1809
1810 1811
1812 1810
1814 1813
1814 1815
1812 1814
1816 1812
1818 1817
1818 1819
1820 1818
1822 1821
1822 1823
1820 1822
1816 1820
1808 1816
1792 1808
1761 1792
1824 1761
1826 1825
1826 1827
1828 1826
1830 1829
1830 1831
1828 1830
1832 1828
1834 1833
1834 1835
1836 1834
1838 1837
1838 1839
1836 1838
1832 1836
1840 1832
1842 1841
1842 1843
1844 1842
1846 1845
1846 1847
1844 1846
1848 1844
1850 1849
1850 1851
1852 1850
1854 1853
1854 1855
1852 1854
1848 1852
1840 1848
1856 1840
1858 1857
1858 1859
1860 1858
1862 1861
1862 1863
1860 1862
1864 1860
1866 1865
1866 1867
1868 1866
1870 1869
1870 1871
1868 1870
1864 1868
1872 1864
1874 1873
1874 1875
1876 1874
1878 1877
1878 1879
1876 1878
1880 1876
1882 1881
1882 1883
1884 1882
1886 1885
1886 1887
1884 1886
1880 1884
1872 1880
1856 1872
1888 1856
1890 1889
1890 1891
1892 1890
1894 1893
1894 1895
1892 1894
1896 1892
1898 1897
1899 1898
1901 1900
1901 1902
1899 1901
1896 1899
1903 1896
1905 1904
1905 1906
1907 1905
1909 1908
1909 1910
1907 1909
1911 1907
1913 1912
1913 1914
1915 1913
1917 1916
1917 1918
1915 1917
1911 1915
1903 1911
1919 1903
1921 1920
1921 1922
1923 1921
1925 1924
1925 1926
1923 1925
1927 1923
1929 1928
1929 1930
1931 1929
1933 1932
1933 1934
1931 1933
1927 1931
1935 1927
1937 1936
1937 1938
1939 1937
1941 1940
1941 1942
1939 1941
1943 1939
1945 1944
1945 1946
1947 1945
1949 1948
1949 1950
1947 1949
1943 1947
1935 1943
1919 1935
1888 1919
1824 1888
1697 1824
1441 1697
936 1441
1951 936
1953 1952
1953 1954
1955 1953
1957 1956
1957 1958
1955 1957
1959 1955
1961 1960
1961 1962
1963 1961
1965 1964
1965 1966
1963 1965
1959 1963
1967 1959
1969 1968
1969 1970
1971 1969
1973 1972
1973 1974
1971 1973
1975 1971
1977 1976
1977 1978
1979 1977
1981 1980
1981 1982
1979 1981
1975 1979
1967 1975
1983 1967
1984 1985
1986 1984
1988 1987
1989 1988
1991 1990
1991 1992
1989 1991
1986 1989
1993 1986
1995 1994
1995 1996
1997 1995
1999 1998
1999 2000
1997 1999
2001 1997
2003 2002
2003 2004
2005 2003
2007 2006
2007 2008
2005 2007
2001 2005
1993 2001
1983 1993
2009 1983
2011 2010
2011 2012
2013 2011
2015 2014
2015 2016
2013 2015
2017 2013
2019 2018
2019 2020
2021 2019
2023 2022
2023 2024
2021 2023
2017 2021
2025 2017
2027 2026
2027 2028
2029 2027
2031 2030
2031 2032
2029 2031
2033 2029
2035 2034
2035 2036
2037 2035
2039 2038
2039 2040
2037 2039
2033 2037
2025 2033
2041 2025
2043 2042
2043 2044
2045 2043
2047 2046
2047 2048
2045 2047
2049 2045
2051 2050
2051 2052
2053 2051
2053 2054
2049 2053
2055 2049
2056 2057
2058 2056
2060 2059
2060 2061
2058 2060
2062 2058
2055 2062
2041 2055
2009 2041
2063 2009
2065 2066
2067 2065
2069 2068
2069 2070
2071 2069
2073 2072
2073 2074
2071 2073
2067 2071
2064 2067
2075 2064
2077 2076
2077 2078
2079 2077
2080 2081
2079 2080
2082 2079
2084 2083
2085 2084
2087 2086
2087 2088
2085 2087
2082 2085
2089 2082
2091 2090
2091 2092
2093 2091
2095 2094
2095 2096
2093 2095
2097 2093
2099 2098
2099 2100
2101 2099
2103 2102
2103 2104
2101 2103
2097 2101
2089 2097
2075 2089
2105 2075
2107 2106
2108 2107
2109 2110
2108 2109
2111 2108
2112 2113
2114 2112
2116 2115
2114 2116
2111 2114
2117 2111
2119 2118
2119 2120
2121 2119
2123 2122
2123 2124
2121 2123
2125 2121
2127 2126
2127 2128
2129 2127
2131 2130
2131 2132
2129 2131
2125 2129
2117 2125
2133 2117
2135 2134
2137 2136
2137 2138
2135 2137
2139 2135
2141 2140
2141 2142
2143 2141
2145 2144
2145 2146
2143 2145
2139 2143
2147 2139
2148 2149
2150 2148
2152 2151
2152 2153
2150 2152
2154 2150
2156 2155
2156 2157
2158 2156
2158 2159
2154 2158
2147 2154
2133 2147
2105 2133
2063 2105
2160 2063
2162 2161
2162 2163
2164 2162
2166 2165
2166 2167
2164 2166
2168 2164
2170 2169
2170 2171
2172 2170
2174 2173
2174 2175
2172 2174
2168 2172
2176 2168
2177 2178
2179 2177
2181 2180
2181 2182
2179 2181
2183 2179
2184 2185
2186 2184
2188 2187
2188 2189
2186 2188
2183 2186
2176 2183
2190 2176
2192 2191
2193 2192
2195 2194
2195 2196
2193 2195
2197 2193
2199 2198
2197 2199
2200 2197
2202 2201
2202 2203
2204 2202
2206 2205
2204 2206
2207 2204
2208 2209
2210 2208
2211 2212
2210 2211
2207 2210
2200 2207
2190 2200
2213 2190
2215 2214
2215 2216
2217 2215
2219 2218
2219 2220
2217 2219
2221 2217
2223 2222
2224 2225
2223 2224
2221 2223
2226 2221
2228 2227
2228 2229
2230 2228
2232 2231
2232 2233
2230 2232
2234 2230
2236 2235
2236 2237
2238 2236
2240 2239
2240 2241
2238 2240
2234 2238
2226 2234
2242 2226
2244 2243
2244 2245
2246 2244
2248 2247
2248 2249
2246 2248
2250 2246
2252 2251
2252 2253
2254 2252
2250 2254
2255 2250
2256 2257
2258 2256
2260 2259
2260 2261
2258 2260
2262 2258
2264 2263
2264 2265
2266 2264
2268 2267
2268 2269
2266 2268
2262 2266
2255 2262
2242 2255
2213 2242
2270 2213
2272 2271
2272 2273
2274 2272
2276 2275
2276 2277
2274 2276
2278 2274
2280 2279
2280 2281
2282 2280
2284 2283
2284 2285
2282 2284
2278 2282
2286 2278
2288 2287
2288 2289
2290 2288
2292 2291
2292 2293
2290 2292
2294 2290
2296 2295
2296 2297
2298 2296
2300 2299
2300 2301
2298 2300
2294 2298
2286 2294
2302 2286
2304 2303
2304 2305
2306 2304
2308 2307
2308 2309
2306 2308
2310 2306
2312 2311
2312 2313
2314 2312
2316 2315
2316 2317
2314 2316
2310 2314
2318 2310
2320 2319
2320 2321
2322 2320
2324 2323
2324 2325
2322 2324
2326 2322
2328 2327
2328 2329
2330 2328
2332 2331
2332 2333
2330 2332
2326 2330
2318 2326
2302 2318
2334 2302
2336 2335
2336 2337
2338 2336
2340 2339
2340 2341
2338 2340
2342 2338
2344 2343
2344 2345
2346 2344
2348 2347
2348 2349
2346 2348
2342 2346
2350 2342
2352 2351
2352 2353
2354 2352
2356 2355
2356 2357
2354 2356
2358 2354
2360 2359
2360 2361
2362 2360
2364 2363
2364 2365
2362 2364
2358 2362
2350 2358
2366 2350
2368 2367
2368 2369
2370 2368
2370 2371
2372 2370
2374 2373
2374 2375
2376 2374
2378 2377
2378 2379
2376 2378
2372 2376
2380 2372
2382 2381
2382 2383
2384 2382
2386 2385
2386 2387
2384 2386
2388 2384
2390 2389
2390 2391
2392 2390
2394 2393
2394 2395
2392 2394
2388 2392
2380 2388
2366 2380
2334 2366
2270 2334
2160 2270
2396 2160
2398 2397
2398 2399
2400 2398
2401 2402
2400 2401
2403 2400
2405 2404
2405 2406
2407 2405
2409 2408
2409 2410
2407 2409
2403 2407
2411 2403
2413 2412
2413 2414
2415 2413
2416 2417
2415 2416
2418 2415
2419 2420
2421 2419
2423 2422
2423 2424
2421 2423
2418 2421
2411 2418
2425 2411
2427 2426
2427 2428
2429 2427
2431 2430
2429 2431
2432 2429
2433 2434
2435 2433
2437 2436
2437 2438
2435 2437
2432 2435
2439 2432
2442 2441
2440 2442
2443 2440
2445 2444
2447 2446
2445 2447
2443 2445
2439 2443
2425 2439
2448 2425
2449 2448
2451 2450
2451 2452
2453 2451
2455 2454
2455 2456
2453 2455
2457 2453
2459 2458
2459 2460
2461 2459
2463 2462
2463 2464
2461 2463
2457 2461
2465 2457
2467 2466
2467 2468
2469 2467
2471 2470
2471 2472
2469 2471
2473 2469
2475 2474
2475 2476
2477 2475
2479 2478
2479 2480
2477 2479
2473 2477
2465 2473
2481 2465
2483 2482
2483 2484
2485 2483
2487 2486
2487 2488
2485 2487
2489 2485
2491 2490
2491 2492
2493 2491
2494 2495
2493 2494
2489 2493
2496 2489
2498 2497
2498 2499
2500 2498
2502 2501
2502 2503
2500 2502
2504 2500
2506 2505
2506 2507
2508 2506
2510 2509
2510 2511
2508 2510
2504 2508
2496 2504
2481 2496
2512 2481
2514 2513
2514 2515
2516 2514
2518 2517
2518 2519
2516 2518
2520 2516
2522 2521
2522 2523
2524 2522
2526 2525
2526 2527
2524 2526
2520 2524
2528 2520
2530 2529
2530 2531
2532 2530
2534 2533
2534 2535
2532 2534
2536 2532
2538 2537
2538 2539
2540 2538
2542 2541
2542 2543
2540 2542
2536 2540
2528 2536
2544 2528
2546 2545
2546 2547
2548 2546
2550 2549
2550 2551
2548 2550
2552 2548
2554 2553
2554 2555
2556 2554
2558 2557
2558 2559
2556 2558
2552 2556
2560 2552
2561 2562
2563 2561
2565 2564
2565 2566
2563 2565
2567 2563
2569 2568
2569 2570
2571 2569
2573 2572
2573 2574
2571 2573
2567 2571
2560 2567
2544 2560
2512 2544
2449 2512
2575 2449
2577 2576
2579 2578
2577 2579
2580 2577
2582 2581
2584 2583
2584 2585
2582 2584
2580 2582
2586 2580
2588 2587
2588 2589
2590 2588
2592 2591
2592 2593
2590 2592
2594 2590
2596 2595
2597 2596
2599 2598
2599 2600
2597 2599
2594 2597
2586 2594
2601 2586
2603 2602
2603 2604
2605 2603
2606 2607
2605 2606
2608 2605
2610 2609
2611 2610
2613 2612
2613 2614
2611 2613
2608 2611
2615 2608
2616 2617
2618 2616
2620 2619
2620 2621
2618 2620
2622 2618
2624 2623
2625 2624
2627 2626
2627 2628
2625 2627
2622 2625
2615 2622
2601 2615
2629 2601
2631 2630
2631 2632
2633 2631
2635 2634
2635 2636
2633 2635
2637 2633
2639 2638
2639 2640
2641 2639
2643 2642
2643 2644
2641 2643
2637 2641
2645 2637
2647 2646
2647 2648
2649 2647
2651 2650
2651 2652
2649 2651
2653 2649
2655 2654
2655 2656
2657 2655
2659 2658
2659 2660
2657 2659
2653 2657
2645 2653
2661 2645
2663 2662
2663 2664
2665 2663
2667 2666
2667 2668
2665 2667
2669 2665
2672 2671
2670 2672
2669 2670
2673 2669
2675 2674
2677 2676
2677 2678
2675 2677
2679 2675
2680 2681
2682 2680
2682 2683
2679 2682
2673 2679
2661 2673
2629 2661
2684 2629
2687 2686
2689 2688
2689 2690
2687 2689
2691 2687
2693 2692
2693 2694
2695 2693
2696 2697
2695 2696
2691 2695
2698 2691
2700 2699
2700 2701
2702 2700
2704 2703
2704 2705
2702 2704
2706 2702
2709 2708
2709 2710
2707 2709
2706 2707
2698 2706
2711 2698
2713 2712
2713 2714
2715 2713
2717 2716
2717 2718
2715 2717
2719 2715
2721 2720
2721 2722
2723 2721
2725 2724
2725 2726
2723 2725
2719 2723
2727 2719
2729 2728
2729 2730
2731 2729
2733 2732
2733 2734
2731 2733
2735 2731
2737 2736
2737 2738
2739 2737
2741 2740
2741 2742
2739 2741
2735 2739
2727 2735
2711 2727
2685 2711
2684 2685
2575 2684
2396 2575
2743 2396
2745 2744
2745 2746
2747 2745
2749 2748
2749 2750
2747 2749
2751 2747
2753 2752
2753 2754
2755 2753
2757 2756
2757 2758
2755 2757
2751 2755
2759 2751
2761 2760
2761 2762
2763 2761
2765 2764
2765 2766
2763 2765
2767 2763
2769 2768
2769 2770
2771 2769
2773 2772
2773 2774
2771 2773
2767 2771
2759 2767
2775 2759
2777 2776
2777 2778
2779 2777
2781 2780
2781 2782
2779 2781
2783 2779
2785 2784
2785 2786
2787 2785
2789 2788
2789 2790
2787 2789
2783 2787
2791 2783
2793 2792
2793 2794
2795 2793
2797 2796
2797 2798
2795 2797
2799 2795
2801 2800
2801 2802
2803 2801
2805 2804
2805 2806
2803 2805
2799 2803
2791 2799
2775 2791
2807 2775
2810 2811
2812 2810
2809 2812
2813 2809
2815 2814
2815 2816
2817 2815
2819 2818
2819 2820
2817 2819
2821 2817
2823 2822
2823 2824
2825 2823
2827 2826
2827 2828
2825 2827
2821 2825
2813 2821
2808 2813
2807 2808
2829 2807
2831 2830
2831 2832
2833 2831
2835 2834
2835 2836
2833 2835
2837 2833
2839 2838
2839 2840
2841 2839
2843 2842
2843 2844
2841 2843
2837 2841
2845 2837
2847 2846
2847 2848
2849 2847
2851 2850
2849 2851
2852 2849
2854 2853
2854 2855
2856 2854
2858 2857
2858 2859
2856 2858
2852 2856
2845 2852
2860 2845
2862 2861
2863 2862
2864 2865
2863 2864
2866 2863
2868 2867
2868 2869
2870 2868
2871 2872
2870 2871
2866 2870
2873 2866
2875 2874
2875 2876
2877 2875
2879 2878
2879 2880
2877 2879
2881 2877
2883 2882
2883 2884
2885 2883
2887 2886
2887 2888
2885 2887
2881 2885
2873 2881
2860 2873
2889 2860
2890 2891
2892 2890
2894 2893
2894 2895
2892 2894
2896 2892
2897 2898
2896 2897
2899 2896
2901 2900
2902 2901
2904 2903
2904 2905
2902 2904
2906 2902
2907 2908
2909 2907
2910 2911
2909 2910
2906 2909
2899 2906
2912 2899
2914 2913
2914 2915
2916 2914
2918 2917
2918 2919
2916 2918
2920 2916
2921 2922
2923 2921
2925 2924
2925 2926
2923 2925
2920 2923
2927 2920
2929 2928
2930 2929
2931 2932
2930 2931
2933 2930
2935 2934
2935 2936
2937 2935
2939 2938
2939 2940
2937 2939
2933 2937
2927 2933
2912 2927
2889 2912
2829 2889
2941 2829
2943 2942
2943 2944
2945 2943
2947 2946
2947 2948
2945 2947
2949 2945
2951 2950
2951 2952
2953 2951
2955 2954
2955 2956
2953 2955
2949 2953
2957 2949
2959 2958
2959 2960
2961 2959
2963 2962
2961 2963
2964 2961
2966 2967
2965 2966
2964 2965
2957 2964
2968 2957
2970 2969
2970 2971
2972 2970
2974 2973
2974 2975
2972 2974
2976 2972
2978 2977
2978 2979
2980 2978
2982 2981
2982 2983
2980 2982
2976 2980
2984 2976
2985 2986
2987 2985
2988 2989
2987 2988
2990 2987
2992 2991
2992 2993
2994 2992
2996 2995
2996 2997
2994 2996
2990 2994
2984 2990
2968 2984
2998 2968
3000 2999
3000 3001
3002 3000
3004 3003
3004 3005
3002 3004
3006 3002
3008 3007
3008 3009
3010 3008
3012 3011
3012 3013
3010 3012
3006 3010
3014 3006
3016 3015
3016 3017
3018 3016
3020 3019
3020 3021
3018 3020
3022 3018
3024 3023
3024 3025
3026 3024
3028 3027
3028 3029
3026 3028
3022 3026
3014 3022
3030 3014
3032 3031
3032 3033
3034 3032
3036 3035
3036 3037
3034 3036
3038 3034
3040 3039
3040 3041
3042 3040
3044 3043
3044 3045
3042 3044
3038 3042
3046 3038
3048 3047
3048 3049
3050 3048
3052 3051
3052 3053
3050 3052
3054 3050
3056 3055
3056 3057
3058 3056
3060 3059
3058 3060
3054 3058
3046 3054
3030 3046
2998 3030
3061 2998
3063 3062
3063 3064
3065 3063
3065 3066
3067 3065
3068 3069
3070 3068
3072 3071
3072 3073
3070 3072
3067 3070
3074 3067
3075 3076
3077 3075
3074 3077
3078 3074
3080 3079
3080 3081
3082 3080
3084 3083
3084 3085
3082 3084
3086 3082
3088 3087
3089 3088
3090 3091
3089 3090
3086 3089
3092 3086
3094 3093
3094 3095
3096 3094
3098 3097
3098 3099
3096 3098
3100 3096
3102 3101
3103 3102
3105 3104
3105 3106
3103 3105
3100 3103
3092 3100
3078 3092
3107 3078
3109 3108
3111 3110
3111 3112
3109 3111
3113 3109
3114 3113
3117 3116
3119 3118
3119 3120
3117 3119
3115 3117
3114 3115
3121 3114
3122 3123
3124 3122
3126 3125
3126 3127
3124 3126
3128 3124
3130 3129
3130 3131
3132 3130
3134 3133
3134 3135
3132 3134
3128 3132
3136 3128
3138 3137
3138 3139
3140 3138
3142 3141
3142 3143
3140 3142
3144 3140
3146 3145
3146 3147
3148 3146
3150 3149
3150 3151
3148 3150
3144 3148
3136 3144
3121 3136
3107 3121
3061 3107
2941 3061
3152 2941
3154 3153
3154 3155
3156 3154
3158 3157
3158 3159
3156 3158
3160 3156
3162 3161
3162 3163
3164 3162
3166 3165
3166 3167
3164 3166
3160 3164
3168 3160
3169 3170
3171 3169
3173 3172
3173 3174
3171 3173
3175 3171
3177 3176
3177 3178
3179 3177
3181 3180
3181 3182
3179 3181
3175 3179
3168 3175
3183 3168
3185 3184
3185 3186
3187 3185
3189 3188
3189 3190
3187 3189
3191 3187
3193 3192
3193 3194
3195 3193
3197 3196
3197 3198
3195 3197
3191 3195
3199 3191
3201 3200
3201 3202
3203 3201
3205 3204
3205 3206
3203 3205
3207 3203
3209 3208
3209 3210
3211 3209
3213 3212
3213 3214
3211 3213
3207 3211
3199 3207
3183 3199
3215 3183
3217 3216
3217 3218
3219 3217
3221 3220
3221 3222
3219 3221
3223 3219
3225 3226
3224 3225
3223 3224
3227 3223
3229 3228
3229 3230
3231 3229
3233 3232
3233 3234
3231 3233
3235 3231
3237 3236
3237 3238
3239 3237
3239 3240
3235 3239
3227 3235
3241 3227
3243 3242
3243 3244
3245 3243
3247 3246
3247 3248
3245 3247
3249 3245
3251 3250
3253 3252
3253 3254
3251 3253
3249 3251
3255 3249
3257 3256
3257 3258
3259 3257
3261 3260
3261 3262
3259 3261
3263 3259
3265 3264
3265 3266
3267 3265
3269 3268
3269 3270
3267 3269
3263 3267
3255 3263
3241 3255
3215 3241
3271 3215
3272 3273
3274 3272
3276 3275
3276 3277
3274 3276
3278 3274
3280 3279
3281 3280
3283 3282
3283 3284
3281 3283
3278 3281
3285 3278
3286 3287
3288 3286
3290 3289
3290 3291
3288 3290
3292 3288
3294 3293
3294 3295
3296 3294
3298 3297
3298 3299
3296 3298
3292 3296
3285 3292
3300 3285
3302 3301
3302 3303
3304 3302
3306 3305
3306 3307
3304 3306
3308 3304
3310 3309
3311 3310
3313 3312
3313 3314
3311 3313
3308 3311
3315 3308
3317 3316
3317 3318
3319 3317
3321 3320
3321 3322
3319 3321
3323 3319
3325 3324
3325 3326
3327 3325
3329 3328
3327 3329
3323 3327
3315 3323
3300 3315
3330 3300
3332 3331
3332 3333
3334 3332
3336 3335
3334 3336
3337 3334
3339 3338
3339 3340
3341 3339
3343 3342
3343 3344
3341 3343
3337 3341
3345 3337
3347 3346
3347 3348
3349 3347
3351 3350
3351 3352
3349 3351
3353 3349
3355 3354
3356 3355
3358 3357
3358 3359
3356 3358
3353 3356
3345 3353
3360 3345
3362 3361
3364 3363
3364 3365
3362 3364
3366 3362
3368 3367
3369 3368
3371 3370
3369 3371
3366 3369
3372 3366
3374 3373
3374 3375
3376 3374
3378 3377
3378 3379
3376 3378
3380 3376
3382 3381
3382 3383
3384 3382
3386 3385
3386 3387
3384 3386
3380 3384
3372 3380
3360 3372
3330 3360
3271 3330
3388 3271
3390 3389
3390 3391
3392 3390
3394 3393
3394 3395
3392 3394
3396 3392
3398 3397
3398 3399
3400 3398
3402 3401
3402 3403
3400 3402
3396 3400
3404 3396
3406 3405
3406 3407
3408 3406
3410 3409
3410 3411
3408 3410
3412 3408
3414 3413
3414 3415
3416 3414
3418 3417
3418 3419
3416 3418
3412 3416
3404 3412
3420 3404
3422 3421
3422 3423
3424 3422
3426 3425
3426 3427
3424 3426
3428 3424
3430 3429
3430 3431
3432 3430
3433 3434
3432 3433
3428 3432
3435 3428
3437 3436
3437 3438
3439 3437
3441 3440
3441 3442
3439 3441
3443 3439
3445 3444
3445 3446
3447 3445
3449 3448
3449 3450
3447 3449
3443 3447
3435 3443
3420 3435
3451 3420
3453 3452
3453 3454
3455 3453
3457 3456
3457 3458
3455 3457
3459 3455
3461 3460
3461 3462
3463 3461
3464 3465
3463 3464
3459 3463
3466 3459
3468 3467
3468 3469
3470 3468
3472 3471
3472 3473
3470 3472
3474 3470
3476 3475
3476 3477
3478 3476
3480 3479
3480 3481
3478 3480
3474 3478
3466 3474
3482 3466
3484 3483
3484 3485
3486 3484
3488 3487
3488 3489
3486 3488
3490 3486
3492 3491
3492 3493
3494 3492
3496 3495
3496 3497
3494 3496
3490 3494
3498 3490
3500 3499
3500 3501
3502 3500
3504 3503
3504 3505
3502 3504
3506 3502
3508 3507
3508 3509
3510 3508
3512 3511
3512 3513
3510 3512
3506 3510
3498 3506
3482 3498
3451 3482
3514 3451
3388 3514
3152 3388
2743 3152
1951 2743
3515 1951
3517 3516
3517 3518
3519 3517
3521 3520
3521 3522
3519 3521
3523 3519
3525 3524
3525 3526
3527 3525
3529 3528
3529 3530
3527 3529
3523 3527
3531 3523
3533 3532
3533 3534
3535 3533
3537 3536
3537 3538
3535 3537
3539 3535
3541 3540
3541 3542
3543 3541
3545 3544
3545 3546
3543 3545
3539 3543
3531 3539
3547 3531
3549 3548
3549 3550
3551 3549
3553 3552
3553 3554
3551 3553
3555 3551
3557 3556
3557 3558
3559 3557
3561 3560
3561 3562
3559 3561
3555 3559
3563 3555
3565 3564
3565 3566
3567 3565
3569 3568
3569 3570
3567 3569
3571 3567
3573 3572
3573 3574
3575 3573
3577 3576
3577 3578
3575 3577
3571 3575
3563 3571
3547 3563
3579 3547
3581 3580
3581 3582
3583 3581
3585 3584
3585 3586
3583 3585
3587 3583
3589 3588
3589 3590
3591 3589
3593 3592
3593 3594
3591 3593
3587 3591
3595 3587
3597 3596
3597 3598
3599 3597
3601 3600
3601 3602
3599 3601
3603 3599
3605 3604
3605 3606
3607 3605
3609 3608
3609 3610
3607 3609
3603 3607
3595 3603
3611 3595
3613 3612
3613 3614
3615 3613
3617 3616
3617 3618
3615 3617
3619 3615
3621 3620
3621 3622
3623 3621
3625 3624
3625 3626
3623 3625
3619 3623
3627 3619
3629 3628
3629 3630
3631 3629
3633 3632
3633 3634
3631 3633
3635 3631
3637 3636
3637 3638
3639 3637
3641 3640
3641 3642
3639 3641
3635 3639
3627 3635
3611 3627
3579 3611
3643 3579
3645 3644
3645 3646
3647 3645
3649 3648
3649 3650
3647 3649
3651 3647
3653 3652
3653 3654
3655 3653
3657 3656
3657 3658
3655 3657
3651 3655
3659 3651
3661 3660
3661 3662
3663 3661
3665 3664
3665 3666
3663 3665
3667 3663
3669 3668
3669 3670
3671 3669
3673 3672
3673 3674
3671 3673
3667 3671
3659 3667
3675 3659
3677 3676
3677 3678
3679 3677
3681 3680
3681 3682
3679 3681
3683 3679
3685 3684
3685 3686
3687 3685
3689 3688
3689 3690
3687 3689
3683 3687
3691 3683
3693 3692
3693 3694
3695 3693
3697 3696
3697 3698
3695 3697
3699 3695
3701 3700
3701 3702
3703 3701
3705 3704
3705 3706
3703 3705
3699 3703
3691 3699
3675 3691
3707 3675
3709 3708
3709 3710
3711 3709
3713 3712
3713 3714
3711 3713
3715 3711
3717 3716
3717 3718
3719 3717
3721 3720
3721 3722
3719 3721
3715 3719
3723 3715
3725 3724
3725 3726
3727 3725
3729 3728
3729 3730
3727 3729
3731 3727
3733 3732
3733 3734
3735 3733
3737 3736
3737 3738
3735 3737
3731 3735
3723 3731
3739 3723
3741 3740
3741 3742
3743 3741
3745 3744
3745 3746
3743 3745
3747 3743
3749 3748
3749 3750
3751 3749
3753 3752
3753 3754
3751 3753
3747 3751
3755 3747
3757 3756
3757 3758
3759 3757
3761 3760
3761 3762
3759 3761
3763 3759
3765 3764
3765 3766
3767 3765
3769 3768
3769 3770
3767 3769
3763 3767
3755 3763
3739 3755
3707 3739
3643 3707
3771 3643
3773 3772
3773 3774
3775 3773
3777 3776
3777 3778
3775 3777
3779 3775
3781 3780
3781 3782
3783 3781
3785 3784
3785 3786
3783 3785
3779 3783
3787 3779
3789 3788
3789 3790
3791 3789
3793 3792
3793 3794
3791 3793
3795 3791
3797 3796
3797 3798
3799 3797
3801 3800
3801 3802
3799 3801
3795 3799
3787 3795
3803 3787
3805 3804
3805 3806
3807 3805
3809 3808
3809 3810
3807 3809
3811 3807
3813 3812
3813 3814
3815 3813
3817 3816
3817 3818
3815 3817
3811 3815
3819 3811
3821 3820
3821 3822
3823 3821
3825 3824
3825 3826
3823 3825
3827 3823
3829 3828
3829 3830
3831 3829
3833 3832
3833 3834
3831 3833
3827 3831
3819 3827
3803 3819
3835 3803
3837 3836
3837 3838
3839 3837
3841 3840
3841 3842
3839 3841
3843 3839
3845 3844
3845 3846
3847 3845
3849 3848
3849 3850
3847 3849
3843 3847
3851 3843
3853 3852
3853 3854
3855 3853
3857 3856
3857 3858
3855 3857
3859 3855
3861 3860
3861 3862
3863 3861
3865 3864
3865 3866
3863 3865
3859 3863
3851 3859
3867 3851
3869 3868
3869 3870
3871 3869
3873 3872
3873 3874
3871 3873
3875 3871
3876 3877
3878 3876
3880 3879
3880 3881
3878 3880
3875 3878
3882 3875
3884 3883
3884 3885
3886 3884
3888 3887
3888 3889
3886 3888
3890 3886
3892 3891
3892 3893
3894 3892
3896 3895
3896 3897
3894 3896
3890 3894
3882 3890
3867 3882
3835 3867
3898 3835
3900 3899
3900 3901
3902 3900
3904 3903
3904 3905
3902 3904
3906 3902
3908 3907
3908 3909
3910 3908
3912 3911
3912 3913
3910 3912
3906 3910
3914 3906
3916 3915
3916 3917
3918 3916
3920 3919
3920 3921
3918 3920
3922 3918
3924 3923
3924 3925
3926 3924
3928 3927
3928 3929
3926 3928
3922 3926
3914 3922
3930 3914
3932 3931
3932 3933
3934 3932
3936 3935
3936 3937
3934 3936
3938 3934
3940 3939
3940 3941
3942 3940
3944 3943
3944 3945
3942 3944
3938 3942
3946 3938
3948 3947
3948 3949
3950 3948
3952 3951
3950 3952
3953 3950
3955 3954
3955 3956
3957 3955
3958 3959
3957 3958
3953 3957
3946 3953
3930 3946
3960 3930
3962 3961
3962 3963
3964 3962
3966 3965
3966 3967
3964 3966
3968 3964
3970 3969
3970 3971
3972 3970
3974 3973
3974 3975
3972 3974
3968 3972
3976 3968
3978 3977
3978 3979
3980 3978
3982 3981
3982 3983
3980 3982
3984 3980
3986 3985
3986 3987
3988 3986
3990 3989
3990 3991
3988 3990
3984 3988
3976 3984
3992 3976
3994 3993
3994 3995
3996 3994
3998 3997
3998 3999
3996 3998
4000 3996
4002 4001
4002 4003
4004 4002
4006 4005
4006 4007
4004 4006
4000 4004
4008 4000
4010 4009
4010 4011
4012 4010
4014 4013
4014 4015
4012 4014
4016 4012
4018 4017
4018 4019
4020 4018
4022 4021
4022 4023
4020 4022
4016 4020
4008 4016
3992 4008
3960 3992
3898 3960
3771 3898
4024 3771
4026 4025
4026 4027
4028 4026
4030 4029
4030 4031
4028 4030
4032 4028
4034 4033
4034 4035
4036 4034
4038 4037
4038 4039
4036 4038
4032 4036
4040 4032
4042 4041
4042 4043
4044 4042
4046 4045
4046 4047
4044 4046
4048 4044
4050 4049
4050 4051
4052 4050
4054 4053
4054 4055
4052 4054
4048 4052
4040 4048
4056 4040
4058 4057
4058 4059
4060 4058
4062 4061
4062 4063
4060 4062
4064 4060
4066 4065
4066 4067
4068 4066
4070 4069
4070 4071
4068 4070
4064 4068
4072 4064
4074 4073
4074 4075
4076 4074
4078 4077
4078 4079
4076 4078
4080 4076
4082 4081
4082 4083
4084 4082
4086 4085
4086 4087
4084 4086
4080 4084
4072 4080
4056 4072
4088 4056
4090 4089
4090 4091
4092 4090
4094 4093
4094 4095
4092 4094
4096 4092
4098 4097
4098 4099
4100 4098
4102 4101
4102 4103
4100 4102
4096 4100
4104 4096
4106 4105
4106 4107
4108 4106
4110 4109
4110 4111
4108 4110
4112 4108
4114 4113
4114 4115
4116 4114
4118 4117
4118 4119
4116 4118
4112 4116
4104 4112
4120 4104
4122 4121
4122 4123
4124 4122
4126 4125
4126 4127
4124 4126
4128 4124
4130 4129
4130 4131
4132 4130
4134 4133
4134 4135
4132 4134
4128 4132
4136 4128
4138 4137
4138 4139
4140 4138
4142 4141
4142 4143
4140 4142
4144 4140
4146 4145
4146 4147
4148 4146
4150 4149
4150 4151
4148 4150
4144 4148
4136 4144
4120 4136
4088 4120
4152 4088
4154 4153
4154 4155
4156 4154
4158 4157
4158 4159
4156 4158
4160 4156
4162 4161
4162 4163
4164 4162
4166 4165
4166 4167
4164 4166
4160 4164
4168 4160
4170 4169
4170 4171
4172 4170
4174 4173
4174 4175
4172 4174
4176 4172
4178 4177
4178 4179
4180 4178
4182 4181
4182 4183
4180 4182
4176 4180
4168 4176
4184 4168
4186 4185
4186 4187
4188 4186
4190 4189
4190 4191
4188 4190
4192 4188
4194 4193
4194 4195
4196 4194
4198 4197
4198 4199
4196 4198
4192 4196
4200 4192
4202 4201
4202 4203
4204 4202
4206 4205
4206 4207
4204 4206
4208 4204
4210 4209
4210 4211
4212 4210
4214 4213
4214 4215
4212 4214
4208 4212
4200 4208
4184 4200
4216 4184
4218 4217
4218 4219
4220 4218
4222 4221
4222 4223
4220 4222
4224 4220
4226 4225
4226 4227
4228 4226
4230 4229
4230 4231
4228 4230
4224 4228
4232 4224
4234 4233
4234 4235
4236 4234
4238 4237
4238 4239
4236 4238
4240 4236
4242 4241
4242 4243
4244 4242
4246 4245
4246 4247
4244 4246
4240 4244
4232 4240
4248 4232
4250 4249
4250 4251
4252 4250
4254 4253
4254 4255
4252 4254
4256 4252
4258 4257
4258 4259
4260 4258
4262 4261
4262 4263
4260 4262
4256 4260
4264 4256
4266 4265
4266 4267
4268 4266
4270 4269
4270 4271
4268 4270
4272 4268
4274 4273
4274 4275
4276 4274
4278 4277
4278 4279
4276 4278
4272 4276
4264 4272
4248 4264
4216 4248
4152 4216
4280 4152
4282 4281
4282 4283
4284 4282
4286 4285
4286 4287
4284 4286
4288 4284
4290 4289
4290 4291
4292 4290
4294 4293
4294 4295
4292 4294
4288 4292
4296 4288
4298 4297
4298 4299
4300 4298
4302 4301
4302 4303
4300 4302
4304 4300
4306 4305
4306 4307
4308 4306
4310 4309
4310 4311
4308 4310
4304 4308
4296 4304
4312 4296
4314 4313
4314 4315
4316 4314
4318 4317
4318 4319
4316 4318
4320 4316
4322 4321
4322 4323
4324 4322
4326 4325
4326 4327
4324 4326
4320 4324
4328 4320
4330 4329
4330 4331
4332 4330
4334 4333
4334 4335
4332 4334
4336 4332
4338 4337
4338 4339
4340 4338
4342 4341
4342 4343
4340 4342
4336 4340
4328 4336
4312 4328
4344 4312
4346 4345
4346 4347
4348 4346
4350 4349
4350 4351
4348 4350
4352 4348
4354 4353
4354 4355
4356 4354
4358 4357
4358 4359
4356 4358
4352 4356
4360 4352
4362 4361
4362 4363
4364 4362
4366 4365
4366 4367
4364 4366
4368 4364
4370 4369
4370 4371
4372 4370
4374 4373
4374 4375
4372 4374
4368 4372
4360 4368
4376 4360
4378 4377
4378 4379
4380 4378
4382 4381
4382 4383
4380 4382
4384 4380
4386 4385
4386 4387
4388 4386
4390 4389
4390 4391
4388 4390
4384 4388
4392 4384
4394 4393
4394 4395
4396 4394
4398 4397
4398 4399
4396 4398
4400 4396
4402 4401
4402 4403
4404 4402
4406 4405
4406 4407
4404 4406
4400 4404
4392 4400
4376 4392
4344 4376
4408 4344
4410 4409
4410 4411
4412 4410
4414 4413
4414 4415
4412 4414
4416 4412
4418 4417
4418 4419
4420 4418
4422 4421
4422 4423
4420 4422
4416 4420
4424 4416
4426 4425
4426 4427
4428 4426
4430 4429
4430 4431
4428 4430
4432 4428
4434 4433
4434 4435
4436 4434
4438 4437
4438 4439
4436 4438
4432 4436
4424 4432
4440 4424
4442 4441
4442 4443
4444 4442
4446 4445
4446 4447
4444 4446
4448 4444
4450 4449
4450 4451
4452 4450
4454 4453
4454 4455
4452 4454
4448 4452
4456 4448
4458 4457
4458 4459
4460 4458
4462 4461
4462 4463
4460 4462
4464 4460
4466 4465
4466 4467
4468 4466
4470 4469
4470 4471
4468 4470
4464 4468
4456 4464
4440 4456
4472 4440
4474 4473
4475 4474
4477 4476
4477 4478
4475 4477
4479 4475
4481 4480
4481 4482
4483 4481
4485 4484
4485 4486
4483 4485
4479 4483
4487 4479
4489 4488
4489 4490
4491 4489
4493 4492
4493 4494
4491 4493
4495 4491
4497 4496
4497 4498
4499 4497
4501 4500
4501 4502
4499 4501
4495 4499
4487 4495
4503 4487
4505 4504
4505 4506
4507 4505
4509 4508
4509 4510
4507 4509
4511 4507
4513 4512
4513 4514
4515 4513
4517 4516
4517 4518
4515 4517
4511 4515
4519 4511
4520 4521
4522 4520
4524 4523
4524 4525
4522 4524
4526 4522
4528 4527
4528 4529
4530 4528
4532 4531
4532 4533
4530 4532
4526 4530
4519 4526
4503 4519
4472 4503
4408 4472
4280 4408
4024 4280
4534 4024
4536 4535
4536 4537
4538 4536
4540 4539
4540 4541
4538 4540
4542 4538
4544 4543
4544 4545
4546 4544
4548 4547
4548 4549
4546 4548
4542 4546
4550 4542
4552 4551
4552 4553
4554 4552
4556 4555
4556 4557
4554 4556
4558 4554
4560 4559
4560 4561
4562 4560
4564 4563
4564 4565
4562 4564
4558 4562
4550 4558
4566 4550
4568 4567
4568 4569
4570 4568
4572 4571
4572 4573
4570 4572
4574 4570
4576 4575
4576 4577
4578 4576
4580 4579
4580 4581
4578 4580
4574 4578
4582 4574
4584 4583
4584 4585
4586 4584
4588 4587
4588 4589
4586 4588
4590 4586
4592 4591
4592 4593
4594 4592
4596 4595
4596 4597
4594 4596
4590 4594
4582 4590
4566 4582
4598 4566
4600 4599
4600 4601
4602 4600
4604 4603
4604 4605
4602 4604
4606 4602
4608 4607
4608 4609
4610 4608
4612 4611
4612 4613
4610 4612
4606 4610
4614 4606
4616 4615
4616 4617
4618 4616
4620 4619
4620 4621
4618 4620
4622 4618
4624 4623
4624 4625
4626 4624
4628 4627
4628 4629
4626 4628
4622 4626
4614 4622
4630 4614
4632 4631
4632 4633
4634 4632
4636 4635
4636 4637
4634 4636
4638 4634
4640 4639
4640 4641
4642 4640
4644 4643
4644 4645
4642 4644
4638 4642
4646 4638
4648 4647
4648 4649
4650 4648
4652 4651
4652 4653
4650 4652
4654 4650
4656 4655
4656 4657
4658 4656
4660 4659
4660 4661
4658 4660
4654 4658
4646 4654
4630 4646
4598 4630
4662 4598
4664 4663
4665 4664
4667 4666
4665 4667
4668 4665
4670 4669
4670 4671
4672 4670
4673 4674
4672 4673
4668 4672
4675 4668
4677 4676
4677 4678
4679 4677
4681 4680
4681 4682
4679 4681
4683 4679
4685 4684
4685 4686
4687 4685
4689 4688
4689 4690
4687 4689
4683 4687
4675 4683
4691 4675
4693 4692
4694 4693
4696 4695
4696 4697
4698 4696
4700 4699
4700 4701
4698 4700
4694 4698
4702 4694
4703 4704
4705 4703
4705 4706
4707 4705
4709 4708
4711 4710
4711 4712
4709 4711
4707 4709
4702 4707
4691 4702
4713 4691
4715 4714
4715 4716
4717 4715
4719 4718
4719 4720
4717 4719
4721 4717
4722 4723
4724 4722
4726 4725
4726 4727
4724 4726
4721 4724
4728 4721
4729 4730
4731 4729
4733 4732
4733 4734
4731 4733
4735 4731
4737 4736
4737 4738
4739 4737
4741 4740
4741 4742
4739 4741
4735 4739
4728 4735
4743 4728
4746 4745
4746 4747
4748 4746
4750 4749
4748 4750
4751 4748
4753 4752
4753 4754
4755 4753
4757 4756
4757 4758
4755 4757
4751 4755
4744 4751
4743 4744
4713 4743
4662 4713
4759 4662
4760 4761
4762 4760
4764 4763
4764 4765
4762 4764
4766 4762
4768 4767
4768 4769
4770 4768
4772 4771
4772 4773
4770 4772
4766 4770
4774 4766
4776 4775
4776 4777
4778 4776
4780 4779
4780 4781
4778 4780
4782 4778
4784 4783
4784 4785
4786 4784
4788 4787
4788 4789
4786 4788
4782 4786
4774 4782
4790 4774
4792 4791
4793 4792
4795 4794
4795 4796
4793 4795
4797 4793
4799 4798
4799 4800
4801 4799
4802 4803
4801 4802
4797 4801
4804 4797
4806 4805
4806 4807
4808 4806
4810 4809
4810 4811
4808 4810
4812 4808
4814 4813
4814 4815
4816 4814
4818 4817
4818 4819
4816 4818
4812 4816
4804 4812
4790 4804
4820 4790
4822 4821
4822 4823
4824 4822
4826 4825
4826 4827
4824 4826
4828 4824
4830 4829
4830 4831
4832 4830
4834 4833
4834 4835
4832 4834
4828 4832
4836 4828
4838 4837
4838 4839
4840 4838
4842 4841
4842 4843
4840 4842
4844 4840
4846 4845
4846 4847
4848 4846
4850 4849
4848 4850
4844 4848
4836 4844
4851 4836
4853 4852
4853 4854
4855 4853
4857 4856
4857 4858
4855 4857
4859 4855
4861 4860
4861 4862
4863 4861
4865 4864
4865 4866
4863 4865
4859 4863
4867 4859
4869 4868
4869 4870
4871 4869
4873 4872
4873 4874
4871 4873
4875 4871
4877 4876
4877 4878
4879 4877
4881 4880
4881 4882
4879 4881
4875 4879
4867 4875
4851 4867
4820 4851
4883 4820
4885 4884
4885 4886
4887 4885
4889 4888
4889 4890
4887 4889
4891 4887
4893 4892
4893 4894
4895 4893
4897 4896
4897 4898
4895 4897
4891 4895
4899 4891
4901 4900
4901 4902
4903 4901
4905 4904
4905 4906
4903 4905
4907 4903
4908 4909
4910 4908
4912 4911
4912 4913
4910 4912
4907 4910
4899 4907
4914 4899
4916 4915
4916 4917
4918 4916
4920 4919
4920 4921
4918 4920
4922 4918
4924 4923
4924 4925
4926 4924
4928 4927
4928 4929
4926 4928
4922 4926
4930 4922
4932 4931
4932 4933
4934 4932
4936 4935
4936 4937
4934 4936
4938 4934
4940 4939
4940 4941
4942 4940
4944 4943
4944 4945
4942 4944
4938 4942
4930 4938
4914 4930
4946 4914
4948 4947
4949 4948
4951 4950
4951 4952
4949 4951
4953 4949
4955 4954
4955 4956
4957 4955
4959 4958
4959 4960
4957 4959
4953 4957
4961 4953
4963 4962
4963 4964
4965 4963
4967 4966
4967 4968
4965 4967
4969 4965
4971 4970
4971 4972
4973 4971
4975 4974
4975 4976
4973 4975
4969 4973
4961 4969
4977 4961
4979 4978
4979 4980
4981 4979
4983 4982
4983 4984
4981 4983
4985 4981
4987 4986
4987 4988
4989 4987
4991 4990
4991 4992
4989 4991
4985 4989
4993 4985
4995 4994
4995 4996
4997 4995
4999 4998
4999 5000
4997 4999
5001 4997
5003 5002
5003 5004
5005 5003
5006 5007
5005 5006
5001 5005
4993 5001
4977 4993
4946 4977
4883 4946
4759 4883
5008 4759
5010 5009
5010 5011
5012 5010
5014 5013
5014 5015
5012 5014
5016 5012
5018 5017
5018 5019
5020 5018
5022 5021
5022 5023
5020 5022
5016 5020
5024 5016
5026 5025
5026 5027
5028 5026
5030 5029
5030 5031
5028 5030
5032 5028
5034 5033
5034 5035
5036 5034
5038 5037
5038 5039
5036 5038
5032 5036
5024 5032
5040 5024
5042 5041
5042 5043
5044 5042
5046 5045
5046 5047
5044 5046
5048 5044
5050 5049
5050 5051
5052 5050
5054 5053
5054 5055
5052 5054
5048 5052
5056 5048
5058 5057
5058 5059
5060 5058
5062 5061
5062 5063
5060 5062
5064 5060
5066 5065
5066 5067
5068 5066
5070 5069
5070 5071
5068 5070
5064 5068
5056 5064
5040 5056
5072 5040
5074 5073
5074 5075
5076 5074
5078 5077
5078 5079
5076 5078
5080 5076
5082 5081
5082 5083
5084 5082
5086 5085
5086 5087
5084 5086
5080 5084
5088 5080
5090 5089
5090 5091
5092 5090
5094 5093
5094 5095
5092 5094
5096 5092
5098 5097
5098 5099
5100 5098
5102 5101
5102 5103
5100 5102
5096 5100
5088 5096
5104 5088
5106 5105
5106 5107
5108 5106
5110 5109
5110 5111
5108 5110
5112 5108
5114 5113
5114 5115
5116 5114
5118 5117
5118 5119
5116 5118
5112 5116
5120 5112
5122 5121
5122 5123
5124 5122
5126 5125
5126 5127
5124 5126
5128 5124
5130 5129
5130 5131
5132 5130
5134 5133
5134 5135
5132 5134
5128 5132
5120 5128
5104 5120
5072 5104
5136 5072
5138 5137
5138 5139
5140 5138
5142 5141
5142 5143
5140 5142
5144 5140
5146 5145
5146 5147
5148 5146
5150 5149
5150 5151
5148 5150
5144 5148
5152 5144
5154 5153
5154 5155
5156 5154
5158 5157
5158 5159
5156 5158
5160 5156
5162 5161
5162 5163
5164 5162
5166 5165
5166 5167
5164 5166
5160 5164
5152 5160
5168 5152
5170 5169
5170 5171
5172 5170
5174 5173
5174 5175
5172 5174
5176 5172
5178 5177
5178 5179
5180 5178
5182 5181
5182 5183
5180 5182
5176 5180
5184 5176
5186 5185
5186 5187
5188 5186
5190 5189
5190 5191
5188 5190
5192 5188
5194 5193
5194 5195
5196 5194
5198 5197
5198 5199
5196 5198
5192 5196
5184 5192
5168 5184
5200 5168
5202 5201
5202 5203
5204 5202
5206 5205
5206 5207
5204 5206
5208 5204
5210 5209
5210 5211
5212 5210
5214 5213
5214 5215
5212 5214
5208 5212
5216 5208
5218 5217
5218 5219
5220 5218
5222 5221
5222 5223
5220 5222
5224 5220
5226 5225
5226 5227
5228 5226
5230 5229
5230 5231
5228 5230
5224 5228
5216 5224
5232 5216
5234 5233
5234 5235
5236 5234
5238 5237
5238 5239
5236 5238
5240 5236
5242 5241
5242 5243
5244 5242
5246 5245
5246 5247
5244 5246
5240 5244
5248 5240
5250 5249
5250 5251
5252 5250
5254 5253
5254 5255
5252 5254
5256 5252
5258 5257
5258 5259
5260 5258
5262 5261
5262 5263
5260 5262
5256 5260
5248 5256
5232 5248
5200 5232
5136 5200
5264 5136
5266 5265
5266 5267
5268 5266
5270 5269
5270 5271
5268 5270
5272 5268
5274 5273
5274 5275
5276 5274
5278 5277
5278 5279
5276 5278
5272 5276
5280 5272
5282 5281
5282 5283
5284 5282
5286 5285
5286 5287
5284 5286
5288 5284
5290 5289
5290 5291
5292 5290
5294 5293
5294 5295
5292 5294
5288 5292
5280 5288
5296 5280
5298 5297
5298 5299
5300 5298
5302 5301
5302 5303
5300 5302
5304 5300
5306 5305
5306 5307
5308 5306
5310 5309
5310 5311
5308 5310
5304 5308
5312 5304
5313 5314
5315 5313
5317 5316
5317 5318
5315 5317
5319 5315
5321 5320
5321 5322
5323 5321
5325 5324
5325 5326
5323 5325
5319 5323
5312 5319
5296 5312
5327 5296
5329 5328
5329 5330
5331 5329
5333 5332
5333 5334
5331 5333
5335 5331
5337 5336
5337 5338
5339 5337
5341 5340
5341 5342
5339 5341
5335 5339
5343 5335
5345 5344
5345 5346
5347 5345
5349 5348
5349 5350
5347 5349
5351 5347
5353 5352
5353 5354
5355 5353
5357 5356
5357 5358
5355 5357
5351 5355
5343 5351
5359 5343
5361 5360
5361 5362
5363 5361
5365 5364
5365 5366
5363 5365
5367 5363
5369 5368
5369 5370
5371 5369
5373 5372
5373 5374
5371 5373
5367 5371
5375 5367
5377 5376
5377 5378
5379 5377
5381 5380
5381 5382
5379 5381
5383 5379
5385 5384
5385 5386
5387 5385
5389 5388
5389 5390
5387 5389
5383 5387
5375 5383
5359 5375
5327 5359
5391 5327
5393 5392
5393 5394
5395 5393
5397 5396
5397 5398
5395 5397
5399 5395
5401 5400
5401 5402
5403 5401
5405 5404
5405 5406
5403 5405
5399 5403
5407 5399
5409 5408
5409 5410
5411 5409
5413 5412
5413 5414
5411 5413
5415 5411
5417 5416
5417 5418
5419 5417
5421 5420
5421 5422
5419 5421
5415 5419
5407 5415
5423 5407
5425 5424
5425 5426
5427 5425
5429 5428
5429 5430
5427 5429
5431 5427
5433 5432
5433 5434
5435 5433
5437 5436
5437 5438
5435 5437
5431 5435
5439 5431
5441 5440
5441 5442
5443 5441
5445 5444
5445 5446
5443 5445
5447 5443
5449 5448
5449 5450
5451 5449
5453 5452
5453 5454
5451 5453
5447 5451
5439 5447
5423 5439
5455 5423
5457 5456
5457 5458
5459 5457
5461 5460
5461 5462
5459 5461
5463 5459
5465 5464
5465 5466
5467 5465
5469 5468
5469 5470
5467 5469
5463 5467
5471 5463
5473 5472
5473 5474
5475 5473
5477 5476
5477 5478
5475 5477
5479 5475
5481 5480
5481 5482
5483 5481
5485 5484
5485 5486
5483 5485
5479 5483
5471 5479
5487 5471
5489 5488
5489 5490
5491 5489
5493 5492
5493 5494
5491 5493
5495 5491
5497 5496
5497 5498
5499 5497
5501 5500
5501 5502
5499 5501
5495 5499
5503 5495
5505 5504
5505 5506
5507 5505
5509 5508
5509 5510
5507 5509
5511 5507
5513 5512
5513 5514
5515 5513
5517 5516
5517 5518
5515 5517
5511 5515
5503 5511
5487 5503
5455 5487
5391 5455
5264 5391
5008 5264
4534 5008
5519 4534
5520 5521
5522 5520
5524 5523
5524 5525
5522 5524
5526 5522
5528 5527
5528 5529
5530 5528
5531 5532
5530 5531
5526 5530
5533 5526
5535 5534
5535 5536
5537 5535
5539 5538
5539 5540
5537 5539
5541 5537
5543 5542
5543 5544
5545 5543
5547 5546
5547 5548
5545 5547
5541 5545
5533 5541
5549 5533
5550 5551
5552 5550
5554 5553
5554 5555
5552 5554
5556 5552
5558 5557
5558 5559
5560 5558
5562 5561
5562 5563
5560 5562
5556 5560
5564 5556
5566 5565
5566 5567
5568 5566
5570 5569
5570 5571
5568 5570
5572 5568
5574 5573
5574 5575
5576 5574
5578 5577
5578 5579
5576 5578
5572 5576
5564 5572
5549 5564
5580 5549
5582 5581
5582 5583
5584 5582
5586 5585
5586 5587
5584 5586
5588 5584
5590 5589
5590 5591
5592 5590
5594 5593
5594 5595
5592 5594
5588 5592
5596 5588
5598 5597
5598 5599
5600 5598
5602 5601
5602 5603
5600 5602
5604 5600
5606 5605
5606 5607
5608 5606
5610 5609
5610 5611
5608 5610
5604 5608
5596 5604
5612 5596
5614 5613
5614 5615
5616 5614
5618 5617
5618 5619
5616 5618
5620 5616
5622 5621
5622 5623
5624 5622
5626 5625
5626 5627
5624 5626
5620 5624
5628 5620
5630 5629
5630 5631
5632 5630
5634 5633
5634 5635
5632 5634
5636 5632
5638 5637
5638 5639
5640 5638
5642 5641
5642 5643
5640 5642
5636 5640
5628 5636
5612 5628
5580 5612
5644 5580
5645 5646
5647 5645
5649 5648
5649 5650
5647 5649
5651 5647
5653 5652
5653 5654
5655 5653
5657 5656
5657 5658
5655 5657
5651 5655
5659 5651
5661 5660
5661 5662
5663 5661
5665 5664
5665 5666
5663 5665
5667 5663
5669 5668
5669 5670
5671 5669
5673 5672
5673 5674
5671 5673
5667 5671
5659 5667
5675 5659
5677 5676
5677 5678
5679 5677
5681 5680
5679 5681
5682 5679
5684 5683
5684 5685
5686 5684
5688 5687
5688 5689
5686 5688
5682 5686
5690 5682
5692 5691
5692 5693
5694 5692
5696 5695
5696 5697
5694 5696
5698 5694
5700 5699
5700 5701
5702 5700
5704 5703
5704 5705
5702 5704
5698 5702
5690 5698
5675 5690
5706 5675
5708 5707
5708 5709
5710 5708
5712 5711
5712 5713
5710 5712
5714 5710
5716 5715
5717 5716
5719 5718
5719 5720
5717 5719
5714 5717
5721 5714
5723 5722
5723 5724
5725 5723
5727 5726
5727 5728
5725 5727
5729 5725
5731 5730
5731 5732
5733 5731
5735 5734
5735 5736
5733 5735
5729 5733
5721 5729
5737 5721
5739 5738
5740 5739
5742 5741
5742 5743
5740 5742
5744 5740
5746 5745
5747 5748
5746 5747
5744 5746
5749 5744
5750 5751
5752 5750
5754 5753
5754 5755
5752 5754
5756 5752
5758 5757
5758 5759
5760 5758
5762 5761
5762 5763
5760 5762
5756 5760
5749 5756
5737 5749
5706 5737
5644 5706
5764 5644
5766 5765
5766 5767
5768 5766
5770 5769
5770 5771
5768 5770
5772 5768
5774 5773
5774 5775
5776 5774
5778 5777
5778 5779
5776 5778
5772 5776
5780 5772
5782 5781
5782 5783
5784 5782
5786 5785
5786 5787
5784 5786
5788 5784
5790 5789
5790 5791
5792 5790
5794 5793
5794 5795
5792 5794
5788 5792
5780 5788
5796 5780
5798 5797
5798 5799
5800 5798
5802 5801
5802 5803
5800 5802
5804 5800
5806 5805
5806 5807
5808 5806
5810 5809
5810 5811
5808 5810
5804 5808
5812 5804
5814 5813
5814 5815
5816 5814
5818 5817
5818 5819
5816 5818
5820 5816
5822 5821
5822 5823
5824 5822
5826 5825
5826 5827
5824 5826
5820 5824
5812 5820
5796 5812
5828 5796
5830 5829
5830 5831
5832 5830
5834 5833
5834 5835
5832 5834
5836 5832
5838 5837
5838 5839
5840 5838
5842 5841
5842 5843
5840 5842
5836 5840
5844 5836
5846 5845
5846 5847
5848 5846
5850 5849
5850 5851
5848 5850
5852 5848
5854 5853
5854 5855
5856 5854
5858 5857
5858 5859
5856 5858
5852 5856
5844 5852
5860 5844
5862 5861
5862 5863
5864 5862
5866 5865
5866 5867
5864 5866
5868 5864
5870 5869
5870 5871
5872 5870
5874 5873
5874 5875
5872 5874
5868 5872
5876 5868
5878 5877
5878 5879
5880 5878
5882 5881
5882 5883
5880 5882
5884 5880
5886 5885
5886 5887
5888 5886
5890 5889
5890 5891
5888 5890
5884 5888
5876 5884
5860 5876
5828 5860
5892 5828
5894 5893
5894 5895
5896 5894
5898 5897
5898 5899
5896 5898
5900 5896
5902 5901
5902 5903
5904 5902
5906 5905
5906 5907
5904 5906
5900 5904
5908 5900
5910 5909
5910 5911
5912 5910
5914 5913
5914 5915
5912 5914
5916 5912
5918 5917
5918 5919
5920 5918
5922 5921
5922 5923
5920 5922
5916 5920
5908 5916
5924 5908
5926 5925
5926 5927
5928 5926
5930 5929
5930 5931
5928 5930
5932 5928
5934 5933
5934 5935
5936 5934
5938 5937
5938 5939
5936 5938
5932 5936
5940 5932
5942 5941
5942 5943
5944 5942
5946 5945
5946 5947
5944 5946
5948 5944
5950 5949
5950 5951
5952 5950
5954 5953
5954 5955
5952 5954
5948 5952
5940 5948
5924 5940
5956 5924
5958 5957
5958 5959
5960 5958
5962 5961
5962 5963
5960 5962
5964 5960
5966 5965
5966 5967
5968 5966
5970 5969
5970 5971
5968 5970
5964 5968
5972 5964
5974 5973
5974 5975
5976 5974
5978 5977
5978 5979
5976 5978
5980 5976
5982 5981
5982 5983
5984 5982
5986 5985
5986 5987
5984 5986
5980 5984
5972 5980
5988 5972
5990 5989
5990 5991
5992 5990
5994 5993
5994 5995
5992 5994
5996 5992
5998 5997
5998 5999
6000 5998
6002 6001
6002 6003
6000 6002
5996 6000
6004 5996
6006 6005
6006 6007
6008 6006
6010 6009
6010 6011
6008 6010
6012 6008
6014 6013
6014 6015
6016 6014
6018 6017
6018 6019
6016 6018
6012 6016
6004 6012
5988 6004
5956 5988
5892 5956
5764 5892
6020 5764
6022 6021
6022 6023
6024 6022
6026 6025
6026 6027
6024 6026
6028 6024
6030 6029
6030 6031
6032 6030
6034 6033
6034 6035
6032 6034
6028 6032
6036 6028
6038 6037
6038 6039
6040 6038
6042 6041
6042 6043
6040 6042
6044 6040
6045 6046
6047 6045
6049 6048
6047 6049
6044 6047
6036 6044
6050 6036
6052 6051
6052 6053
6054 6052
6056 6055
6056 6057
6054 6056
6058 6054
6060 6059
6061 6060
6063 6062
6063 6064
6061 6063
6058 6061
6065 6058
6067 6066
6067 6068
6069 6067
6071 6070
6071 6072
6069 6071
6073 6069
6075 6074
6075 6076
6077 6075
6079 6078
6079 6080
6077 6079
6073 6077
6065 6073
6050 6065
6081 6050
6083 6082
6083 6084
6085 6083
6086 6087
6085 6086
6088 6085
6090 6089
6090 6091
6092 6090
6094 6093
6094 6095
6092 6094
6088 6092
6096 6088
6098 6097
6099 6098
6101 6100
6101 6102
6099 6101
6103 6099
6105 6104
6105 6106
6107 6105
6109 6108
6109 6110
6107 6109
6103 6107
6096 6103
6111 6096
6113 6112
6114 6113
6116 6115
6116 6117
6114 6116
6118 6114
6120 6119
6120 6121
6122 6120
6124 6123
6124 6125
6122 6124
6118 6122
6126 6118
6128 6127
6129 6128
6131 6130
6131 6132
6129 6131
6133 6129
6135 6134
6135 6136
6137 6135
6138 6139
6137 6138
6133 6137
6126 6133
6111 6126
6081 6111
6140 6081
6142 6141
6142 6143
6144 6142
6144 6145
6146 6144
6148 6147
6148 6149
6150 6148
6152 6151
6152 6153
6150 6152
6146 6150
6154 6146
6156 6155
6156 6157
6158 6156
6160 6159
6160 6161
6158 6160
6162 6158
6164 6163
6164 6165
6166 6164
6168 6167
6168 6169
6166 6168
6162 6166
6154 6162
6170 6154
6172 6171
6172 6173
6174 6172
6176 6175
6176 6177
6174 6176
6178 6174
6180 6179
6180 6181
6182 6180
6184 6183
6184 6185
6182 6184
6178 6182
6186 6178
6188 6187
6188 6189
6190 6188
6192 6191
6192 6193
6190 6192
6194 6190
6196 6195
6196 6197
6198 6196
6200 6199
6200 6201
6198 6200
6194 6198
6186 6194
6170 6186
6202 6170
6204 6203
6204 6205
6206 6204
6207 6208
6206 6207
6209 6206
6211 6210
6211 6212
6213 6211
6215 6214
6215 6216
6213 6215
6209 6213
6217 6209
6219 6218
6219 6220
6221 6219
6223 6222
6223 6224
6221 6223
6225 6221
6227 6226
6227 6228
6229 6227
6231 6230
6231 6232
6229 6231
6225 6229
6217 6225
6233 6217
6235 6234
6235 6236
6237 6235
6239 6238
6239 6240
6237 6239
6241 6237
6243 6242
6243 6244
6245 6243
6247 6246
6247 6248
6245 6247
6241 6245
6249 6241
6250 6251
6252 6250
6254 6253
6254 6255
6252 6254
6256 6252
6258 6257
6258 6259
6260 6258
6262 6261
6262 6263
6260 6262
6256 6260
6249 6256
6233 6249
6202 6233
6140 6202
6264 6140
6266 6265
6266 6267
6268 6266
6270 6269
6270 6271
6268 6270
6272 6268
6274 6273
6274 6275
6276 6274
6278 6277
6278 6279
6276 6278
6272 6276
6280 6272
6282 6281
6282 6283
6284 6282
6285 6286
6284 6285
6287 6284
6289 6288
6289 6290
6291 6289
6293 6292
6293 6294
6291 6293
6287 6291
6280 6287
6295 6280
6297 6296
6297 6298
6299 6297
6301 6300
6301 6302
6299 6301
6303 6299
6305 6304
6305 6306
6307 6305
6309 6308
6309 6310
6307 6309
6303 6307
6311 6303
6313 6312
6313 6314
6315 6313
6317 6316
6317 6318
6315 6317
6319 6315
6321 6320
6321 6322
6323 6321
6325 6324
6325 6326
6323 6325
6319 6323
6311 6319
6295 6311
6327 6295
6329 6328
6329 6330
6331 6329
6333 6332
6333 6334
6331 6333
6335 6331
6337 6336
6338 6337
6340 6339
6340 6341
6338 6340
6335 6338
6342 6335
6344 6343
6344 6345
6346 6344
6348 6347
6348 6349
6346 6348
6350 6346
6352 6351
6352 6353
6354 6352
6356 6355
6356 6357
6354 6356
6350 6354
6342 6350
6358 6342
6360 6359
6360 6361
6362 6360
6364 6363
6364 6365
6362 6364
6366 6362
6368 6367
6368 6369
6370 6368
6372 6371
6372 6373
6370 6372
6366 6370
6374 6366
6376 6375
6377 6376
6379 6378
6379 6380
6377 6379
6381 6377
6384 6383
6384 6385
6382 6384
6381 6382
6374 6381
6358 6374
6327 6358
6386 6327
6388 6387
6388 6389
6390 6388
6392 6391
6392 6393
6390 6392
6394 6390
6396 6395
6396 6397
6398 6396
6400 6399
6400 6401
6398 6400
6394 6398
6402 6394
6404 6403
6404 6405
6406 6404
6408 6407
6408 6409
6406 6408
6410 6406
6412 6411
6412 6413
6414 6412
6416 6415
6416 6417
6414 6416
6410 6414
6402 6410
6418 6402
6420 6419
6420 6421
6422 6420
6424 6423
6424 6425
6422 6424
6426 6422
6428 6427
6428 6429
6430 6428
6432 6431
6432 6433
6430 6432
6426 6430
6434 6426
6436 6435
6436 6437
6438 6436
6440 6439
6438 6440
6441 6438
6443 6442
6443 6444
6445 6443
6447 6446
6447 6448
6445 6447
6441 6445
6434 6441
6418 6434
6449 6418
6451 6450
6451 6452
6453 6451
6455 6454
6453 6455
6456 6453
6458 6457
6458 6459
6460 6458
6462 6461
6462 6463
6460 6462
6456 6460
6464 6456
6466 6465
6466 6467
6468 6466
6470 6469
6470 6471
6468 6470
6472 6468
6473 6474
6475 6473
6477 6476
6477 6478
6475 6477
6472 6475
6464 6472
6479 6464
6481 6480
6481 6482
6483 6481
6485 6484
6485 6486
6483 6485
6487 6483
6489 6488
6489 6490
6491 6489
6492 6493
6491 6492
6487 6491
6494 6487
6496 6495
6496 6497
6498 6496
6499 6500
6498 6499
6501 6498
6503 6502
6505 6504
6505 6506
6503 6505
6501 6503
6494 6501
6479 6494
6449 6479
6386 6449
6264 6386
6020 6264
6507 6020
6509 6508
6509 6510
6511 6509
6513 6512
6513 6514
6511 6513
6515 6511
6517 6516
6517 6518
6519 6517
6521 6520
6521 6522
6519 6521
6515 6519
6523 6515
6525 6524
6525 6526
6527 6525
6529 6528
6529 6530
6527 6529
6531 6527
6533 6532
6533 6534
6535 6533
6537 6536
6537 6538
6535 6537
6531 6535
6523 6531
6539 6523
6541 6540
6541 6542
6543 6541
6545 6544
6545 6546
6543 6545
6547 6543
6549 6548
6549 6550
6551 6549
6553 6552
6553 6554
6551 6553
6547 6551
6555 6547
6557 6556
6557 6558
6559 6557
6561 6560
6561 6562
6559 6561
6563 6559
6565 6564
6565 6566
6567 6565
6569 6568
6569 6570
6567 6569
6563 6567
6555 6563
6539 6555
6571 6539
6573 6572
6573 6574
6575 6573
6577 6576
6577 6578
6575 6577
6579 6575
6581 6580
6581 6582
6583 6581
6585 6584
6585 6586
6583 6585
6579 6583
6587 6579
6589 6588
6589 6590
6591 6589
6593 6592
6593 6594
6591 6593
6595 6591
6597 6596
6597 6598
6599 6597
6601 6600
6601 6602
6599 6601
6595 6599
6587 6595
6603 6587
6605 6604
6605 6606
6607 6605
6609 6608
6609 6610
6607 6609
6611 6607
6613 6612
6613 6614
6615 6613
6617 6616
6617 6618
6615 6617
6611 6615
6619 6611
6621 6620
6621 6622
6623 6621
6625 6624
6625 6626
6623 6625
6627 6623
6629 6628
6629 6630
6631 6629
6633 6632
6633 6634
6631 6633
6627 6631
6619 6627
6603 6619
6571 6603
6635 6571
6637 6636
6637 6638
6639 6637
6641 6640
6641 6642
6639 6641
6643 6639
6645 6644
6645 6646
6647 6645
6649 6648
6649 6650
6647 6649
6643 6647
6651 6643
6653 6652
6653 6654
6655 6653
6657 6656
6657 6658
6655 6657
6659 6655
6661 6660
6661 6662
6663 6661
6665 6664
6665 6666
6663 6665
6659 6663
6651 6659
6667 6651
6669 6668
6669 6670
6671 6669
6673 6672
6673 6674
6671 6673
6675 6671
6676 6677
6678 6676
6679 6680
6678 6679
6675 6678
6681 6675
6683 6682
6683 6684
6685 6683
6687 6686
6687 6688
6685 6687
6689 6685
6691 6690
6691 6692
6693 6691
6695 6694
6695 6696
6693 6695
6689 6693
6681 6689
6667 6681
6697 6667
6699 6698
6699 6700
6701 6699
6703 6702
6703 6704
6701 6703
6705 6701
6707 6706
6707 6708
6709 6707
6711 6710
6711 6712
6709 6711
6705 6709
6713 6705
6715 6714
6715 6716
6717 6715
6719 6718
6719 6720
6717 6719
6721 6717
6723 6722
6723 6724
6725 6723
6727 6726
6727 6728
6725 6727
6721 6725
6713 6721
6729 6713
6731 6730
6731 6732
6733 6731
6735 6734
6735 6736
6733 6735
6737 6733
6739 6738
6739 6740
6741 6739
6743 6742
6743 6744
6741 6743
6737 6741
6745 6737
6747 6746
6747 6748
6749 6747
6751 6750
6751 6752
6749 6751
6753 6749
6755 6754
6755 6756
6757 6755
6759 6758
6759 6760
6757 6759
6753 6757
6745 6753
6729 6745
6697 6729
6635 6697
6761 6635
6763 6762
6763 6764
6765 6763
6767 6766
6767 6768
6765 6767
6769 6765
6771 6770
6771 6772
6773 6771
6775 6774
6775 6776
6773 6775
6769 6773
6777 6769
6779 6778
6779 6780
6781 6779
6783 6782
6783 6784
6781 6783
6785 6781
6787 6786
6787 6788
6789 6787
6790 6791
6789 6790
6785 6789
6777 6785
6792 6777
6794 6793
6794 6795
6796 6794
6797 6798
6796 6797
6799 6796
6801 6800
6801 6802
6803 6801
6805 6804
6805 6806
6803 6805
6799 6803
6807 6799
6809 6808
6809 6810
6811 6809
6813 6812
6813 6814
6811 6813
6815 6811
6817 6816
6817 6818
6819 6817
6821 6820
6821 6822
6819 6821
6815 6819
6807 6815
6792 6807
6823 6792
6825 6824
6825 6826
6827 6825
6829 6828
6829 6830
6827 6829
6831 6827
6833 6832
6833 6834
6835 6833
6837 6836
6837 6838
6835 6837
6831 6835
6839 6831
6841 6840
6841 6842
6843 6841
6845 6844
6845 6846
6843 6845
6847 6843
6849 6848
6849 6850
6851 6849
6853 6852
6853 6854
6851 6853
6847 6851
6839 6847
6855 6839
6857 6856
6857 6858
6859 6857
6861 6860
6861 6862
6859 6861
6863 6859
6865 6864
6865 6866
6867 6865
6869 6868
6869 6870
6867 6869
6863 6867
6871 6863
6873 6872
6873 6874
6875 6873
6877 6876
6877 6878
6875 6877
6879 6875
6881 6880
6881 6882
6883 6881
6885 6884
6885 6886
6883 6885
6879 6883
6871 6879
6855 6871
6823 6855
6887 6823
6889 6888
6889 6890
6891 6889
6893 6892
6893 6894
6891 6893
6895 6891
6897 6896
6897 6898
6899 6897
6901 6900
6901 6902
6899 6901
6895 6899
6903 6895
6905 6904
6905 6906
6907 6905
6909 6908
6909 6910
6907 6909
6911 6907
6913 6912
6913 6914
6915 6913
6917 6916
6917 6918
6915 6917
6911 6915
6903 6911
6919 6903
6921 6920
6921 6922
6923 6921
6925 6924
6925 6926
6923 6925
6927 6923
6929 6928
6929 6930
6931 6929
6932 6933
6931 6932
6927 6931
6934 6927
6935 6936
6937 6935
6939 6938
6939 6940
6937 6939
6941 6937
6943 6942
6943 6944
6945 6943
6947 6946
6947 6948
6945 6947
6941 6945
6934 6941
6919 6934
6949 6919
6951 6950
6951 6952
6953 6951
6955 6954
6955 6956
6953 6955
6957 6953
6959 6958
6959 6960
6961 6959
6963 6962
6963 6964
6961 6963
6957 6961
6965 6957
6966 6967
6968 6966
6970 6969
6970 6971
6968 6970
6972 6968
6974 6973
6974 6975
6976 6974
6978 6977
6978 6979
6976 6978
6972 6976
6965 6972
6980 6965
6982 6981
6982 6983
6984 6982
6986 6985
6986 6987
6984 6986
6988 6984
6990 6989
6990 6991
6992 6990
6994 6993
6994 6995
6992 6994
6988 6992
6996 6988
6998 6997
6998 6999
7000 6998
7002 7001
7002 7003
7000 7002
7004 7000
7006 7005
7006 7007
7008 7006
7010 7009
7010 7011
7008 7010
7004 7008
6996 7004
6980 6996
6949 6980
6887 6949
6761 6887
7012 6761
7014 7013
7014 7015
7016 7014
7018 7017
7018 7019
7016 7018
7020 7016
7022 7021
7022 7023
7024 7022
7026 7025
7026 7027
7024 7026
7020 7024
7028 7020
7030 7029
7030 7031
7032 7030
7034 7033
7034 7035
7032 7034
7036 7032
7038 7037
7038 7039
7040 7038
7042 7041
7042 7043
7040 7042
7036 7040
7028 7036
7044 7028
7046 7045
7046 7047
7048 7046
7049 7048
7051 7050
7051 7052
7053 7051
7055 7054
7053 7055
7049 7053
7056 7049
7058 7057
7058 7059
7060 7058
7062 7061
7062 7063
7060 7062
7064 7060
7066 7065
7066 7067
7068 7066
7070 7069
7070 7071
7068 7070
7064 7068
7056 7064
7044 7056
7072 7044
7074 7073
7075 7074
7075 7076
7077 7075
7079 7078
7079 7080
7081 7079
7083 7082
7083 7084
7081 7083
7077 7081
7085 7077
7087 7086
7087 7088
7089 7087
7091 7090
7091 7092
7089 7091
7093 7089
7095 7094
7095 7096
7097 7095
7099 7098
7099 7100
7097 7099
7093 7097
7085 7093
7101 7085
7102 7103
7104 7102
7106 7105
7106 7107
7104 7106
7108 7104
7110 7109
7110 7111
7112 7110
7112 7113
7108 7112
7114 7108
7116 7115
7116 7117
7118 7116
7120 7119
7120 7121
7118 7120
7122 7118
7124 7123
7124 7125
7126 7124
7128 7127
7128 7129
7126 7128
7122 7126
7114 7122
7101 7114
7072 7101
7130 7072
7132 7131
7132 7133
7134 7132
7136 7135
7136 7137
7134 7136
7138 7134
7140 7139
7140 7141
7142 7140
7144 7143
7144 7145
7142 7144
7138 7142
7146 7138
7148 7147
7148 7149
7150 7148
7150 7151
7152 7150
7154 7153
7154 7155
7156 7154
7158 7157
7158 7159
7156 7158
7152 7156
7146 7152
7160 7146
7162 7161
7162 7163
7164 7162
7165 7166
7164 7165
7167 7164
7169 7168
7169 7170
7171 7169
7172 7173
7171 7172
7167 7171
7174 7167
7176 7175
7176 7177
7178 7176
7180 7179
7180 7181
7178 7180
7182 7178
7184 7183
7185 7184
7186 7187
7185 7186
7182 7185
7174 7182
7160 7174
7188 7160
7190 7189
7190 7191
7192 7190
7194 7193
7194 7195
7192 7194
7196 7192
7198 7197
7198 7199
7200 7198
7202 7201
7202 7203
7200 7202
7196 7200
7204 7196
7206 7205
7206 7207
7208 7206
7210 7209
7208 7210
7211 7208
7213 7212
7213 7214
7215 7213
7217 7216
7217 7218
7215 7217
7211 7215
7204 7211
7219 7204
7221 7220
7221 7222
7223 7221
7225 7224
7225 7226
7223 7225
7227 7223
7229 7228
7229 7230
7231 7229
7233 7232
7233 7234
7231 7233
7227 7231
7235 7227
7236 7237
7238 7236
7240 7239
7240 7241
7238 7240
7242 7238
7244 7243
7244 7245
7246 7244
7248 7247
7248 7249
7246 7248
7242 7246
7235 7242
7219 7235
7188 7219
7130 7188
7250 7130
7253 7252
7253 7254
7251 7253
7255 7251
7257 7256
7257 7258
7259 7257
7261 7260
7261 7262
7259 7261
7255 7259
7263 7255
7265 7264
7265 7266
7267 7265
7269 7268
7269 7270
7267 7269
7271 7267
7273 7272
7273 7274
7275 7273
7277 7276
7277 7278
7275 7277
7271 7275
7263 7271
7279 7263
7281 7280
7281 7282
7283 7281
7285 7284
7285 7286
7283 7285
7287 7283
7289 7288
7289 7290
7291 7289
7292 7293
7291 7292
7287 7291
7294 7287
7296 7295
7296 7297
7298 7296
7300 7299
7300 7301
7298 7300
7302 7298
7304 7303
7304 7305
7306 7304
7308 7307
7308 7309
7306 7308
7302 7306
7294 7302
7279 7294
7310 7279
7312 7311
7312 7313
7314 7312
7316 7315
7316 7317
7314 7316
7318 7314
7320 7319
7320 7321
7322 7320
7324 7323
7324 7325
7322 7324
7318 7322
7326 7318
7328 7327
7328 7329
7330 7328
7332 7331
7332 7333
7330 7332
7334 7330
7336 7335
7336 7337
7338 7336
7340 7339
7340 7341
7338 7340
7334 7338
7326 7334
7342 7326
7344 7343
7344 7345
7346 7344
7348 7347
7348 7349
7346 7348
7350 7346
7352 7351
7352 7353
7354 7352
7356 7355
7356 7357
7354 7356
7350 7354
7358 7350
7360 7359
7360 7361
7362 7360
7364 7363
7364 7365
7362 7364
7366 7362
7368 7367
7368 7369
7370 7368
7372 7371
7370 7372
7366 7370
7358 7366
7342 7358
7310 7342
7373 7310
7375 7374
7375 7376
7377 7375
7379 7378
7379 7380
7377 7379
7381 7377
7383 7382
7383 7384
7385 7383
7387 7386
7387 7388
7385 7387
7381 7385
7389 7381
7391 7390
7391 7392
7393 7391
7395 7394
7395 7396
7393 7395
7397 7393
7399 7398
7399 7400
7401 7399
7403 7402
7403 7404
7401 7403
7397 7401
7389 7397
7405 7389
7407 7406
7407 7408
7409 7407
7410 7409
7412 7411
7412 7413
7414 7412
7416 7415
7416 7417
7414 7416
7410 7414
7418 7410
7420 7419
7421 7420
7422 7421
7424 7423
7424 7425
7426 7424
7428 7427
7428 7429
7426 7428
7422 7426
7418 7422
7405 7418
7430 7405
7432 7431
7433 7432
7435 7434
7435 7436
7433 7435
7437 7433
7439 7438
7439 7440
7441 7439
7443 7442
7443 7444
7441 7443
7437 7441
7445 7437
7447 7446
7447 7448
7449 7447
7451 7450
7451 7452
7449 7451
7453 7449
7455 7454
7455 7456
7457 7455
7459 7458
7459 7460
7457 7459
7453 7457
7445 7453
7461 7445
7463 7462
7463 7464
7465 7463
7467 7466
7467 7468
7465 7467
7469 7465
7471 7470
7471 7472
7473 7471
7475 7474
7475 7476
7473 7475
7469 7473
7477 7469
7479 7478
7479 7480
7481 7479
7483 7482
7483 7484
7481 7483
7485 7481
7487 7486
7488 7487
7490 7489
7490 7491
7488 7490
7485 7488
7477 7485
7461 7477
7430 7461
7373 7430
7250 7373
7012 7250
6507 7012
5519 6507
3515 5519
7492 3515
7497 7496
7495 7497
7498 7495
7500 7499
7500 7501
7502 7500
7504 7503
7504 7505
7502 7504
7498 7502
7494 7498
7506 7494
7508 7507
7508 7509
7510 7508
7512 7511
7512 7513
7510 7512
7514 7510
7516 7515
7516 7517
7518 7516
7520 7519
7520 7521
7518 7520
7514 7518
7522 7514
7524 7523
7524 7525
7526 7524
7528 7527
7528 7529
7526 7528
7530 7526
7531 7532
7530 7531
7522 7530
7506 7522
7533 7506
7534 7533
7536 7535
7536 7537
7538 7536
7540 7539
7540 7541
7538 7540
7542 7538
7544 7543
7545 7546
7544 7545
7542 7544
7547 7542
7549 7548
7549 7550
7551 7549
7553 7552
7553 7554
7551 7553
7555 7551
7556 7557
7558 7556
7560 7559
7560 7561
7558 7560
7555 7558
7547 7555
7562 7547
7564 7563
7564 7565
7566 7564
7568 7567
7568 7569
7566 7568
7570 7566
7572 7571
7572 7573
7574 7572
7576 7575
7576 7577
7574 7576
7570 7574
7578 7570
7580 7579
7581 7580
7583 7582
7583 7584
7581 7583
7585 7581
7588 7587
7588 7589
7586 7588
7585 7586
7578 7585
7562 7578
7590 7562
7592 7591
7592 7593
7594 7592
7595 7594
7597 7596
7598 7597
7600 7599
7598 7600
7595 7598
7601 7595
7604 7603
7604 7605
7606 7604
7602 7606
7601 7602
7607 7601
7609 7608
7610 7609
7612 7611
7612 7613
7610 7612
7614 7610
7616 7615
7616 7617
7618 7616
7620 7619
7620 7621
7618 7620
7614 7618
7622 7614
7624 7623
7624 7625
7626 7624
7628 7627
7628 7629
7626 7628
7630 7626
7632 7631
7632 7633
7634 7632
7636 7635
7636 7637
7634 7636
7630 7634
7622 7630
7607 7622
7590 7607
7534 7590
7638 7534
7640 7639
7640 7641
7642 7640
7644 7643
7644 7645
7642 7644
7646 7642
7648 7647
7648 7649
7650 7648
7652 7651
7652 7653
7650 7652
7646 7650
7654 7646
7656 7655
7656 7657
7658 7656
7660 7659
7660 7661
7658 7660
7662 7658
7664 7663
7664 7665
7666 7664
7668 7667
7668 7669
7666 7668
7662 7666
7654 7662
7670 7654
7672 7671
7672 7673
7674 7672
7676 7675
7676 7677
7674 7676
7678 7674
7680 7679
7680 7681
7682 7680
7684 7683
7684 7685
7682 7684
7678 7682
7686 7678
7688 7687
7688 7689
7690 7688
7692 7691
7692 7693
7690 7692
7694 7690
7696 7695
7696 7697
7698 7696
7700 7699
7700 7701
7698 7700
7694 7698
7686 7694
7670 7686
7702 7670
7704 7703
7704 7705
7706 7704
7708 7707
7708 7709
7706 7708
7710 7706
7712 7711
7712 7713
7714 7712
7716 7715
7716 7717
7714 7716
7710 7714
7718 7710
7720 7719
7720 7721
7722 7720
7724 7723
7724 7725
7722 7724
7726 7722
7728 7727
7728 7729
7730 7728
7732 7731
7732 7733
7730 7732
7726 7730
7718 7726
7734 7718
7736 7735
7736 7737
7738 7736
7740 7739
7740 7741
7738 7740
7742 7738
7744 7743
7744 7745
7746 7744
7748 7747
7748 7749
7746 7748
7742 7746
7750 7742
7752 7751
7752 7753
7754 7752
7756 7755
7756 7757
7754 7756
7758 7754
7760 7759
7760 7761
7762 7760
7764 7763
7764 7765
7762 7764
7758 7762
7750 7758
7734 7750
7702 7734
7766 7702
7768 7767
7768 7769
7770 7768
7772 7771
7772 7773
7770 7772
7774 7770
7776 7775
7776 7777
7778 7776
7780 7779
7780 7781
7778 7780
7774 7778
7782 7774
7784 7783
7784 7785
7786 7784
7788 7787
7788 7789
7786 7788
7790 7786
7792 7791
7792 7793
7794 7792
7796 7795
7796 7797
7794 7796
7790 7794
7782 7790
7798 7782
7800 7799
7800 7801
7802 7800
7804 7803
7804 7805
7802 7804
7806 7802
7808 7807
7808 7809
7810 7808
7812 7811
7812 7813
7810 7812
7806 7810
7814 7806
7816 7815
7816 7817
7818 7816
7820 7819
7820 7821
7818 7820
7822 7818
7824 7823
7824 7825
7826 7824
7828 7827
7828 7829
7826 7828
7822 7826
7814 7822
7798 7814
7830 7798
7832 7831
7832 7833
7834 7832
7836 7835
7836 7837
7834 7836
7838 7834
7840 7839
7840 7841
7842 7840
7844 7843
7844 7845
7842 7844
7838 7842
7846 7838
7848 7847
7848 7849
7850 7848
7851 7852
7850 7851
7853 7850
7855 7854
7855 7856
7857 7855
7859 7858
7859 7860
7857 7859
7853 7857
7846 7853
7861 7846
7863 7862
7863 7864
7865 7863
7867 7866
7867 7868
7865 7867
7869 7865
7871 7870
7871 7872
7873 7871
7875 7874
7875 7876
7873 7875
7869 7873
7877 7869
7879 7878
7879 7880
7881 7879
7883 7882
7883 7884
7881 7883
7885 7881
7887 7886
7887 7888
7889 7887
7891 7890
7891 7892
7889 7891
7885 7889
7877 7885
7861 7877
7830 7861
7766 7830
7638 7766
7893 7638
7895 7894
7896 7895
7898 7897
7898 7899
7896 7898
7900 7896
7902 7901
7902 7903
7904 7902
7906 7905
7906 7907
7904 7906
7900 7904
7908 7900
7910 7909
7910 7911
7912 7910
7913 7914
7912 7913
7915 7912
7917 7916
7917 7918
7919 7917
7921 7920
7921 7922
7919 7921
7915 7919
7908 7915
7923 7908
7925 7924
7925 7926
7927 7925
7929 7928
7929 7930
7927 7929
7931 7927
7933 7932
7933 7934
7935 7933
7937 7936
7937 7938
7935 7937
7931 7935
7939 7931
7941 7940
7942 7941
7944 7943
7944 7945
7942 7944
7946 7942
7948 7947
7948 7949
7950 7948
7952 7951
7952 7953
7950 7952
7946 7950
7939 7946
7923 7939
7954 7923
7956 7955
7956 7957
7958 7956
7960 7959
7960 7961
7958 7960
7962 7958
7964 7963
7964 7965
7966 7964
7968 7967
7968 7969
7966 7968
7962 7966
7970 7962
7972 7971
7972 7973
7974 7972
7976 7975
7976 7977
7974 7976
7978 7974
7980 7979
7980 7981
7982 7980
7984 7983
7984 7985
7982 7984
7978 7982
7970 7978
7986 7970
7988 7987
7988 7989
7990 7988
7992 7991
7992 7993
7990 7992
7994 7990
7996 7995
7996 7997
7998 7996
8000 7999
8000 8001
7998 8000
7994 7998
8002 7994
8004 8003
8004 8005
8006 8004
8008 8007
8008 8009
8006 8008
8010 8006
8012 8011
8012 8013
8014 8012
8016 8015
8016 8017
8014 8016
8010 8014
8002 8010
7986 8002
7954 7986
8018 7954
8019 8020
8021 8019
8022 8021
8024 8023
8024 8025
8026 8024
8026 8027
8022 8026
8028 8022
8030 8029
8030 8031
8032 8030
8034 8033
8034 8035
8032 8034
8036 8032
8038 8037
8038 8039
8040 8038
8036 8040
8028 8036
8041 8028
8043 8042
8045 8044
8045 8046
8043 8045
8047 8043
8048 8049
8050 8048
8052 8051
8052 8053
8050 8052
8047 8050
8054 8047
8056 8055
8056 8057
8058 8056
8058 8059
8060 8058
8062 8061
8062 8063
8064 8062
8066 8065
8066 8067
8064 8066
8060 8064
8054 8060
8041 8054
8068 8041
8070 8069
8070 8071
8072 8070
8074 8073
8074 8075
8072 8074
8076 8072
8078 8077
8078 8079
8080 8078
8082 8081
8082 8083
8080 8082
8076 8080
8084 8076
8086 8085
8086 8087
8088 8086
8090 8089
8090 8091
8088 8090
8092 8088
8094 8093
8094 8095
8096 8094
8098 8097
8098 8099
8096 8098
8092 8096
8084 8092
8100 8084
8102 8101
8102 8103
8104 8102
8106 8105
8106 8107
8104 8106
8108 8104
8110 8109
8110 8111
8112 8110
8114 8113
8114 8115
8112 8114
8108 8112
8116 8108
8118 8117
8118 8119
8120 8118
8122 8121
8122 8123
8120 8122
8124 8120
8126 8125
8126 8127
8128 8126
8130 8129
8130 8131
8128 8130
8124 8128
8116 8124
8100 8116
8068 8100
8018 8068
8132 8018
8134 8133
8134 8135
8136 8134
8138 8137
8138 8139
8136 8138
8140 8136
8142 8141
8142 8143
8144 8142
8146 8145
8146 8147
8144 8146
8140 8144
8148 8140
8150 8149
8150 8151
8152 8150
8154 8153
8154 8155
8152 8154
8156 8152
8158 8157
8158 8159
8160 8158
8162 8161
8162 8163
8160 8162
8156 8160
8148 8156
8164 8148
8166 8165
8166 8167
8168 8166
8170 8169
8170 8171
8168 8170
8172 8168
8174 8173
8174 8175
8176 8174
8178 8177
8178 8179
8176 8178
8172 8176
8180 8172
8182 8181
8182 8183
8184 8182
8186 8185
8186 8187
8184 8186
8188 8184
8190 8189
8190 8191
8192 8190
8194 8193
8194 8195
8192 8194
8188 8192
8180 8188
8164 8180
8196 8164
8198 8197
8198 8199
8200 8198
8202 8201
8202 8203
8200 8202
8204 8200
8206 8205
8206 8207
8208 8206
8210 8209
8210 8211
8208 8210
8204 8208
8212 8204
8214 8213
8214 8215
8216 8214
8218 8217
8218 8219
8216 8218
8220 8216
8222 8221
8222 8223
8224 8222
8226 8225
8226 8227
8224 8226
8220 8224
8212 8220
8228 8212
8230 8229
8230 8231
8232 8230
8234 8233
8234 8235
8232 8234
8236 8232
8238 8237
8238 8239
8240 8238
8242 8241
8242 8243
8240 8242
8236 8240
8244 8236
8246 8245
8246 8247
8248 8246
8250 8249
8250 8251
8248 8250
8252 8248
8254 8253
8254 8255
8256 8254
8258 8257
8258 8259
8256 8258
8252 8256
8244 8252
8228 8244
8196 8228
8260 8196
8262 8261
8262 8263
8264 8262
8265 8266
8264 8265
8267 8264
8269 8268
8269 8270
8271 8269
8273 8272
8273 8274
8271 8273
8267 8271
8275 8267
8277 8276
8277 8278
8279 8277
8281 8280
8281 8282
8279 8281
8283 8279
8285 8284
8285 8286
8287 8285
8289 8288
8289 8290
8287 8289
8283 8287
8275 8283
8291 8275
8293 8294
8292 8293
8295 8292
8297 8296
8297 8298
8299 8297
8299 8300
8295 8299
8301 8295
8303 8302
8303 8304
8305 8303
8307 8306
8307 8308
8305 8307
8309 8305
8310 8311
8312 8310
8314 8313
8312 8314
8309 8312
8301 8309
8291 8301
8315 8291
8317 8316
8317 8318
8319 8317
8321 8320
8319 8321
8322 8319
8324 8323
8324 8325
8326 8324
8328 8327
8328 8329
8326 8328
8322 8326
8330 8322
8332 8331
8333 8334
8332 8333
8335 8332
8336 8337
8338 8336
8339 8340
8338 8339
8335 8338
8330 8335
8341 8330
8343 8342
8343 8344
8345 8343
8347 8346
8347 8348
8345 8347
8349 8345
8351 8350
8351 8352
8353 8351
8355 8354
8355 8356
8353 8355
8349 8353
8357 8349
8359 8358
8359 8360
8361 8359
8363 8362
8363 8364
8361 8363
8365 8361
8367 8366
8367 8368
8369 8367
8371 8370
8371 8372
8369 8371
8365 8369
8357 8365
8341 8357
8315 8341
8260 8315
8132 8260
7893 8132
8373 7893
8375 8374
8375 8376
8377 8375
8379 8378
8379 8380
8377 8379
8381 8377
8383 8382
8383 8384
8385 8383
8387 8386
8387 8388
8385 8387
8381 8385
8389 8381
8391 8390
8391 8392
8393 8391
8395 8394
8395 8396
8393 8395
8397 8393
8399 8398
8399 8400
8401 8399
8403 8402
8403 8404
8401 8403
8397 8401
8389 8397
8405 8389
8407 8406
8407 8408
8409 8407
8411 8410
8411 8412
8409 8411
8413 8409
8415 8414
8415 8416
8417 8415
8419 8418
8419 8420
8417 8419
8413 8417
8421 8413
8423 8422
8423 8424
8425 8423
8427 8426
8427 8428
8425 8427
8429 8425
8431 8430
8431 8432
8433 8431
8435 8434
8435 8436
8433 8435
8429 8433
8421 8429
8405 8421
8437 8405
8439 8438
8439 8440
8441 8439
8443 8442
8443 8444
8441 8443
8445 8441
8447 8446
8447 8448
8449 8447
8451 8450
8451 8452
8449 8451
8445 8449
8453 8445
8455 8454
8455 8456
8457 8455
8459 8458
8459 8460
8457 8459
8461 8457
8463 8462
8463 8464
8465 8463
8467 8466
8467 8468
8465 8467
8461 8465
8453 8461
8469 8453
8471 8470
8471 8472
8473 8471
8475 8474
8475 8476
8473 8475
8477 8473
8479 8478
8479 8480
8481 8479
8483 8482
8483 8484
8481 8483
8477 8481
8485 8477
8487 8486
8487 8488
8489 8487
8491 8490
8491 8492
8489 8491
8493 8489
8495 8494
8495 8496
8497 8495
8499 8498
8499 8500
8497 8499
8493 8497
8485 8493
8469 8485
8437 8469
8501 8437
8503 8502
8503 8504
8505 8503
8507 8506
8507 8508
8505 8507
8509 8505
8510 8511
8512 8510
8514 8513
8514 8515
8512 8514
8509 8512
8516 8509
8518 8517
8518 8519
8520 8518
8522 8521
8522 8523
8520 8522
8524 8520
8526 8525
8526 8527
8528 8526
8530 8529
8530 8531
8528 8530
8524 8528
8516 8524
8532 8516
8534 8533
8534 8535
8536 8534
8538 8537
8538 8539
8536 8538
8540 8536
8542 8541
8542 8543
8544 8542
8546 8545
8544 8546
8540 8544
8547 8540
8549 8548
8549 8550
8551 8549
8553 8552
8553 8554
8551 8553
8555 8551
8557 8556
8557 8558
8559 8557
8561 8560
8561 8562
8559 8561
8555 8559
8547 8555
8532 8547
8563 8532
8565 8564
8565 8566
8567 8565
8569 8568
8569 8570
8567 8569
8571 8567
8572 8573
8574 8572
8576 8575
8576 8577
8574 8576
8571 8574
8578 8571
8580 8579
8580 8581
8582 8580
8584 8583
8582 8584
8585 8582
8587 8586
8587 8588
8589 8587
8591 8590
8591 8592
8589 8591
8585 8589
8578 8585
8593 8578
8595 8594
8595 8596
8597 8595
8599 8598
8599 8600
8597 8599
8601 8597
8603 8602
8603 8604
8605 8603
8607 8606
8607 8608
8605 8607
8601 8605
8609 8601
8611 8610
8612 8611
8614 8613
8614 8615
8612 8614
8616 8612
8618 8617
8618 8619
8620 8618
8622 8621
8622 8623
8620 8622
8616 8620
8609 8616
8593 8609
8563 8593
8501 8563
8624 8501
8625 8626
8627 8625
8627 8628
8629 8627
8631 8630
8631 8632
8633 8631
8635 8634
8635 8636
8633 8635
8629 8633
8637 8629
8639 8638
8639 8640
8641 8639
8641 8642
8643 8641
8645 8644
8645 8646
8647 8645
8649 8648
8649 8650
8647 8649
8643 8647
8637 8643
8651 8637
8653 8652
8653 8654
8655 8653
8657 8656
8657 8658
8655 8657
8659 8655
8661 8660
8662 8661
8663 8664
8662 8663
8659 8662
8665 8659
8667 8666
8667 8668
8669 8667
8671 8670
8671 8672
8669 8671
8673 8669
8675 8674
8675 8676
8677 8675
8679 8678
8679 8680
8677 8679
8673 8677
8665 8673
8651 8665
8681 8651
8683 8682
8683 8684
8685 8683
8687 8686
8687 8688
8685 8687
8689 8685
8691 8690
8691 8692
8693 8691
8695 8694
8695 8696
8693 8695
8689 8693
8697 8689
8699 8698
8699 8700
8701 8699
8703 8702
8703 8704
8701 8703
8705 8701
8707 8706
8707 8708
8709 8707
8711 8710
8711 8712
8709 8711
8705 8709
8697 8705
8713 8697
8715 8714
8715 8716
8717 8715
8719 8718
8719 8720
8717 8719
8721 8717
8723 8722
8723 8724
8725 8723
8727 8726
8727 8728
8725 8727
8721 8725
8729 8721
8731 8730
8731 8732
8733 8731
8735 8734
8735 8736
8733 8735
8737 8733
8739 8738
8739 8740
8741 8739
8743 8742
8743 8744
8741 8743
8737 8741
8729 8737
8713 8729
8681 8713
8745 8681
8747 8746
8747 8748
8749 8747
8751 8750
8751 8752
8749 8751
8753 8749
8755 8754
8755 8756
8757 8755
8759 8758
8759 8760
8757 8759
8753 8757
8761 8753
8763 8762
8763 8764
8765 8763
8767 8766
8767 8768
8765 8767
8769 8765
8771 8770
8771 8772
8773 8771
8775 8774
8775 8776
8773 8775
8769 8773
8761 8769
8777 8761
8779 8778
8779 8780
8781 8779
8783 8782
8783 8784
8781 8783
8785 8781
8787 8786
8787 8788
8789 8787
8791 8790
8791 8792
8789 8791
8785 8789
8793 8785
8795 8794
8795 8796
8797 8795
8799 8798
8799 8800
8797 8799
8801 8797
8803 8802
8803 8804
8805 8803
8807 8806
8807 8808
8805 8807
8801 8805
8793 8801
8777 8793
8809 8777
8811 8810
8811 8812
8813 8811
8815 8814
8815 8816
8813 8815
8817 8813
8819 8818
8819 8820
8821 8819
8823 8822
8823 8824
8821 8823
8817 8821
8825 8817
8826 8827
8828 8826
8830 8829
8830 8831
8828 8830
8832 8828
8834 8833
8834 8835
8836 8834
8838 8837
8838 8839
8836 8838
8832 8836
8825 8832
8840 8825
8842 8841
8842 8843
8844 8842
8846 8845
8846 8847
8844 8846
8848 8844
8850 8849
8850 8851
8852 8850
8854 8853
8854 8855
8852 8854
8848 8852
8856 8848
8858 8857
8858 8859
8860 8858
8862 8861
8862 8863
8860 8862
8864 8860
8866 8865
8866 8867
8868 8866
8870 8869
8870 8871
8868 8870
8864 8868
8856 8864
8840 8856
8809 8840
8745 8809
8624 8745
8872 8624
8874 8873
8875 8874
8877 8876
8877 8878
8875 8877
8879 8875
8881 8880
8881 8882
8883 8881
8885 8884
8885 8886
8883 8885
8879 8883
8887 8879
8889 8888
8889 8890
8891 8889
8893 8892
8893 8894
8891 8893
8895 8891
8897 8896
8897 8898
8899 8897
8901 8900
8901 8902
8899 8901
8895 8899
8887 8895
8903 8887
8904 8905
8906 8904
8908 8907
8908 8909
8906 8908
8910 8906
8912 8911
8912 8913
8914 8912
8916 8915
8916 8917
8914 8916
8910 8914
8918 8910
8920 8919
8920 8921
8922 8920
8924 8923
8924 8925
8922 8924
8926 8922
8928 8927
8928 8929
8930 8928
8932 8931
8932 8933
8930 8932
8926 8930
8918 8926
8903 8918
8934 8903
8936 8935
8936 8937
8938 8936
8940 8939
8940 8941
8938 8940
8942 8938
8944 8943
8944 8945
8946 8944
8948 8947
8948 8949
8946 8948
8942 8946
8950 8942
8952 8951
8952 8953
8954 8952
8956 8955
8956 8957
8954 8956
8958 8954
8960 8959
8960 8961
8962 8960
8964 8963
8964 8965
8962 8964
8958 8962
8950 8958
8966 8950
8969 8968
8969 8970
8967 8969
8971 8967
8973 8972
8973 8974
8975 8973
8977 8976
8977 8978
8975 8977
8971 8975
8979 8971
8981 8980
8981 8982
8983 8981
8985 8984
8985 8986
8983 8985
8987 8983
8989 8988
8989 8990
8991 8989
8993 8992
8991 8993
8987 8991
8979 8987
8966 8979
8934 8966
8994 8934
8998 8997
8998 8999
9000 8998
9002 9001
9002 9003
9000 9002
9004 9000
9005 9004
9007 9006
9007 9008
9009 9007
9011 9010
9011 9012
9009 9011
9013 9009
9015 9014
9015 9016
9017 9015
9019 9018
9017 9019
9013 9017
9005 9013
8996 9005
8995 8996
8994 8995
9020 8994
9022 9021
9022 9023
9024 9022
9026 9025
9026 9027
9024 9026
9028 9024
9030 9029
9030 9031
9032 9030
9034 9033
9032 9034
9028 9032
9035 9028
9037 9036
9037 9038
9039 9037
9041 9040
9041 9042
9039 9041
9043 9039
9045 9044
9045 9046
9047 9045
9049 9048
9049 9050
9047 9049
9043 9047
9035 9043
9051 9035
9053 9052
9054 9053
9055 9056
9054 9055
9057 9054
9051 9057
9058 9051
9060 9059
9060 9061
9062 9060
9064 9063
9064 9065
9062 9064
9066 9062
9068 9067
9068 9069
9070 9068
9072 9071
9072 9073
9070 9072
9066 9070
9074 9066
9076 9075
9076 9077
9078 9076
9080 9079
9080 9081
9078 9080
9082 9078
9084 9083
9084 9085
9086 9084
9088 9087
9088 9089
9086 9088
9082 9086
9074 9082
9090 9074
9092 9091
9092 9093
9094 9092
9096 9095
9096 9097
9094 9096
9098 9094
9099 9100
9101 9099
9103 9102
9103 9104
9101 9103
9098 9101
9105 9098
9107 9106
9107 9108
9109 9107
9111 9110
9111 9112
9109 9111
9113 9109
9115 9114
9115 9116
9117 9115
9119 9118
9119 9120
9117 9119
9113 9117
9105 9113
9090 9105
9058 9090
9121 9058
9124 9123
9125 9124
9127 9126
9125 9127
9122 9125
9128 9122
9130 9129
9130 9131
9132 9130
9134 9133
9134 9135
9132 9134
9136 9132
9137 9138
9139 9137
9136 9139
9128 9136
9140 9128
9142 9141
9142 9143
9144 9142
9145 9146
9144 9145
9147 9144
9149 9148
9149 9150
9151 9149
9153 9152
9153 9154
9151 9153
9147 9151
9155 9147
9140 9155
9156 9140
9158 9157
9158 9159
9160 9158
9162 9161
9160 9162
9163 9160
9164 9165
9163 9164
9166 9163
9167 9168
9169 9167
9170 9171
9169 9170
9172 9169
9174 9173
9174 9175
9176 9174
9178 9177
9178 9179
9176 9178
9172 9176
9166 9172
9180 9166
9182 9181
9182 9183
9184 9182
9186 9185
9184 9186
9187 9184
9189 9188
9189 9190
9191 9189
9193 9192
9193 9194
9191 9193
9187 9191
9195 9187
9197 9196
9197 9198
9199 9197
9201 9200
9201 9202
9199 9201
9203 9199
9206 9205
9206 9207
9204 9206
9203 9204
9195 9203
9180 9195
9156 9180
9121 9156
9020 9121
8872 9020
8373 8872
9208 8373
7493 9208
7492 7493
9209 7492
5 9209
4 5
9210 4
9217 9216
9217 9218
9219 9217
9221 9220
9219 9221
9222 9219
9224 9223
9224 9225
9226 9224
9228 9227
9228 9229
9226 9228
9222 9226
9230 9222
9232 9231
9232 9233
9234 9232
9236 9235
9236 9237
9234 9236
9238 9234
9240 9239
9240 9241
9242 9240
9244 9243
9244 9245
9242 9244
9238 9242
9230 9238
9246 9230
9248 9247
9248 9249
9250 9248
9252 9251
9252 9253
9250 9252
9254 9250
9256 9257
9255 9256
9254 9255
9258 9254
9260 9259
9260 9261
9262 9260
9264 9263
9264 9265
9262 9264
9266 9262
9268 9267
9268 9269
9270 9268
9272 9271
9272 9273
9270 9272
9266 9270
9258 9266
9246 9258
9274 9246
9276 9275
9276 9277
9278 9276
9280 9279
9280 9281
9278 9280
9282 9278
9284 9283
9284 9285
9286 9284
9288 9287
9288 9289
9286 9288
9282 9286
9290 9282
9292 9291
9292 9293
9294 9292
9296 9295
9296 9297
9294 9296
9298 9294
9300 9299
9300 9301
9302 9300
9304 9303
9304 9305
9302 9304
9298 9302
9290 9298
9306 9290
9308 9307
9308 9309
9310 9308
9312 9311
9310 9312
9313 9310
9315 9314
9315 9316
9317 9315
9319 9318
9319 9320
9317 9319
9313 9317
9321 9313
9322 9323
9324 9322
9326 9325
9326 9327
9324 9326
9328 9324
9330 9329
9330 9331
9332 9330
9334 9333
9334 9335
9332 9334
9328 9332
9321 9328
9306 9321
9274 9306
9336 9274
9338 9337
9338 9339
9340 9338
9342 9341
9342 9343
9340 9342
9344 9340
9346 9345
9346 9347
9348 9346
9350 9349
9350 9351
9348 9350
9344 9348
9352 9344
9354 9353
9354 9355
9356 9354
9358 9357
9358 9359
9356 9358
9360 9356
9362 9361
9362 9363
9364 9362
9366 9365
9366 9367
9364 9366
9360 9364
9352 9360
9368 9352
9370 9369
9370 9371
9372 9370
9374 9373
9374 9375
9372 9374
9376 9372
9378 9377
9378 9379
9380 9378
9382 9381
9382 9383
9380 9382
9376 9380
9384 9376
9386 9385
9386 9387
9388 9386
9390 9389
9390 9391
9388 9390
9392 9388
9394 9393
9396 9395
9396 9397
9394 9396
9392 9394
9384 9392
9368 9384
9398 9368
9400 9399
9400 9401
9402 9400
9404 9403
9404 9405
9402 9404
9406 9402
9408 9407
9408 9409
9410 9408
9412 9411
9412 9413
9410 9412
9406 9410
9414 9406
9416 9415
9416 9417
9418 9416
9420 9419
9420 9421
9418 9420
9422 9418
9424 9423
9424 9425
9426 9424
9428 9427
9428 9429
9426 9428
9422 9426
9414 9422
9430 9414
9432 9431
9432 9433
9434 9432
9436 9435
9436 9437
9434 9436
9438 9434
9440 9439
9440 9441
9442 9440
9444 9443
9444 9445
9442 9444
9438 9442
9446 9438
9448 9447
9448 9449
9450 9448
9452 9451
9452 9453
9450 9452
9454 9450
9456 9455
9456 9457
9458 9456
9460 9459
9460 9461
9458 9460
9454 9458
9446 9454
9430 9446
9398 9430
9336 9398
9462 9336
9464 9463
9464 9465
9466 9464
9468 9467
9468 9469
9466 9468
9470 9466
9472 9471
9472 9473
9474 9472
9476 9475
9476 9477
9474 9476
9470 9474
9478 9470
9480 9479
9480 9481
9482 9480
9484 9483
9484 9485
9482 9484
9486 9482
9488 9487
9488 9489
9490 9488
9492 9491
9492 9493
9490 9492
9486 9490
9478 9486
9494 9478
9496 9495
9496 9497
9498 9496
9500 9499
9500 9501
9498 9500
9502 9498
9504 9503
9504 9505
9506 9504
9508 9507
9508 9509
9506 9508
9502 9506
9510 9502
9512 9511
9512 9513
9514 9512
9516 9515
9516 9517
9514 9516
9518 9514
9520 9519
9520 9521
9522 9520
9524 9523
9524 9525
9522 9524
9518 9522
9510 9518
9494 9510
9526 9494
9528 9527
9528 9529
9530 9528
9532 9531
9532 9533
9530 9532
9534 9530
9536 9535
9536 9537
9538 9536
9540 9539
9540 9541
9538 9540
9534 9538
9542 9534
9544 9543
9544 9545
9546 9544
9548 9547
9548 9549
9546 9548
9550 9546
9552 9551
9552 9553
9554 9552
9556 9555
9556 9557
9554 9556
9550 9554
9542 9550
9558 9542
9560 9559
9560 9561
9562 9560
9564 9563
9564 9565
9562 9564
9566 9562
9568 9567
9568 9569
9570 9568
9572 9571
9572 9573
9570 9572
9566 9570
9574 9566
9576 9575
9576 9577
9578 9576
9580 9579
9580 9581
9578 9580
9582 9578
9584 9583
9584 9585
9586 9584
9588 9587
9588 9589
9586 9588
9582 9586
9574 9582
9558 9574
9526 9558
9590 9526
9592 9591
9592 9593
9594 9592
9596 9595
9594 9596
9597 9594
9599 9598
9599 9600
9601 9599
9603 9602
9603 9604
9601 9603
9597 9601
9605 9597
9607 9606
9607 9608
9609 9607
9611 9610
9611 9612
9609 9611
9613 9609
9615 9614
9615 9616
9617 9615
9619 9618
9619 9620
9617 9619
9613 9617
9605 9613
9621 9605
9623 9622
9623 9624
9625 9623
9627 9626
9627 9628
9625 9627
9629 9625
9631 9630
9631 9632
9633 9631
9635 9634
9635 9636
9633 9635
9629 9633
9637 9629
9639 9638
9639 9640
9641 9639
9643 9642
9641 9643
9644 9641
9646 9645
9646 9647
9648 9646
9650 9649
9648 9650
9644 9648
9637 9644
9621 9637
9651 9621
9653 9652
9653 9654
9655 9653
9657 9656
9657 9658
9655 9657
9659 9655
9661 9660
9661 9662
9663 9661
9665 9664
9665 9666
9663 9665
9659 9663
9667 9659
9669 9668
9669 9670
9671 9669
9673 9672
9673 9674
9671 9673
9675 9671
9677 9676
9677 9678
9679 9677
9681 9680
9681 9682
9679 9681
9675 9679
9667 9675
9683 9667
9685 9684
9685 9686
9687 9685
9689 9688
9689 9690
9687 9689
9691 9687
9693 9692
9693 9694
9695 9693
9697 9696
9697 9698
9695 9697
9691 9695
9699 9691
9701 9700
9701 9702
9703 9701
9705 9704
9705 9706
9703 9705
9707 9703
9709 9708
9709 9710
9711 9709
9713 9712
9713 9714
9711 9713
9707 9711
9699 9707
9683 9699
9651 9683
9590 9651
9462 9590
9215 9462
9214 9215
9213 9214
9715 9213
9212 9715
9716 9212
9211 9716
9717 9211
9720 9719
9721 9720
9722 9721
9724 9723
9725 9726
9724 9725
9722 9724
9727 9722
9729 9728
9729 9730
9731 9729
9733 9732
9733 9734
9731 9733
9735 9731
9737 9736
9737 9738
9739 9737
9741 9740
9739 9741
9735 9739
9727 9735
9742 9727
9743 9744
9745 9743
9747 9746
9747 9748
9745 9747
9749 9745
9750 9751
9752 9750
9754 9753
9752 9754
9749 9752
9755 9749
9757 9756
9757 9758
9759 9757
9760 9759
9762 9761
9762 9763
9764 9762
9766 9765
9766 9767
9764 9766
9760 9764
9755 9760
9742 9755
9768 9742
9770 9769
9770 9771
9772 9770
9774 9773
9774 9775
9772 9774
9776 9772
9778 9777
9778 9779
9780 9778
9782 9781
9782 9783
9780 9782
9776 9780
9784 9776
9786 9785
9786 9787
9788 9786
9790 9789
9790 9791
9788 9790
9792 9788
9794 9793
9794 9795
9796 9794
9798 9797
9798 9799
9796 9798
9792 9796
9784 9792
9800 9784
9802 9801
9802 9803
9804 9802
9806 9805
9806 9807
9804 9806
9808 9804
9810 9809
9810 9811
9812 9810
9814 9813
9814 9815
9812 9814
9808 9812
9816 9808
9818 9817
9818 9819
9820 9818
9822 9821
9822 9823
9820 9822
9824 9820
9826 9825
9826 9827
9828 9826
9830 9829
9830 9831
9828 9830
9824 9828
9816 9824
9800 9816
9768 9800
9832 9768
9834 9833
9834 9835
9836 9834
9838 9837
9838 9839
9836 9838
9840 9836
9842 9841
9842 9843
9844 9842
9846 9845
9846 9847
9844 9846
9840 9844
9848 9840
9849 9850
9851 9849
9852 9853
9851 9852
9854 9851
9856 9855
9856 9857
9858 9856
9860 9859
9860 9861
9858 9860
9854 9858
9848 9854
9862 9848
9864 9863
9864 9865
9866 9864
9868 9867
9868 9869
9866 9868
9870 9866
9872 9871
9872 9873
9874 9872
9876 9875
9876 9877
9874 9876
9870 9874
9878 9870
9880 9879
9880 9881
9882 9880
9884 9883
9884 9885
9882 9884
9886 9882
9888 9887
9888 9889
9890 9888
9892 9891
9892 9893
9890 9892
9886 9890
9878 9886
9862 9878
9894 9862
9896 9895
9897 9896
9899 9898
9899 9900
9897 9899
9901 9897
9903 9902
9903 9904
9905 9903
9907 9906
9907 9908
9905 9907
9901 9905
9909 9901
9911 9910
9911 9912
9913 9911
9914 9915
9913 9914
9916 9913
9918 9917
9920 9919
9918 9920
9916 9918
9909 9916
9921 9909
9923 9922
9923 9924
9925 9923
9927 9926
9927 9928
9925 9927
9929 9925
9931 9930
9931 9932
9933 9931
9935 9934
9935 9936
9933 9935
9929 9933
9937 9929
9939 9938
9940 9941
9939 9940
9942 9939
9944 9943
9945 9944
9947 9946
9947 9948
9945 9947
9942 9945
9937 9942
9921 9937
9894 9921
9832 9894
9949 9832
9953 9952
9953 9954
9955 9953
9957 9956
9957 9958
9955 9957
9959 9955
9961 9960
9961 9962
9963 9961
9965 9964
9963 9965
9959 9963
9966 9959
9968 9967
9968 9969
9970 9968
9972 9971
9972 9973
9970 9972
9974 9970
9976 9975
9976 9977
9978 9976
9980 9979
9980 9981
9978 9980
9974 9978
9966 9974
9982 9966
9984 9983
9985 9984
9982 9985
9951 9982
9950 9951
9949 9950
9986 9949
9987 9986
9988 9987
9989 9988
9718 9989
9990 9718
9991 9990
9717 9991
9210 9717
3 9210
2 3
1 2
9992 1
9993 9992
9994 9993
9995 9994
9996 9995
9997 9996
9998 9997
9999 9998
0 9999
