500 400000
33 414
398 33
254 398
400 254
376 400
302 376
466 302
362 466
301 362
267 301
417 267
413 417
14 413
305 14
353 305
83 353
227 83
57 227
446 57
406 446
154 406
336 154
195 336
405 195
264 405
76 264
203 76
459 203
178 459
72 178
296 72
488 296
404 488
60 404
156 60
393 156
108 393
216 108
106 216
31 106
36 31
331 36
332 331
350 332
52 350
462 52
389 462
97 389
150 97
354 150
285 354
180 285
423 180
456 423
471 456
175 471
118 175
66 118
258 66
328 258
438 328
412 438
184 412
204 184
293 204
228 293
15 228
142 15
37 142
289 37
453 289
311 453
365 311
314 365
308 314
329 308
419 329
479 419
3 479
23 3
221 23
256 221
433 256
335 433
341 335
61 341
135 61
346 135
384 346
395 384
24 395
348 24
90 348
67 90
38 67
193 38
380 193
199 380
374 199
494 374
277 494
207 277
497 207
251 497
253 251
101 253
439 101
361 439
120 361
5 120
220 5
20 220
451 20
103 451
191 103
418 191
359 418
161 359
35 161
386 35
226 386
371 226
58 371
170 58
304 170
475 304
478 475
80 478
269 80
62 269
98 62
278 98
127 278
240 127
45 240
171 45
300 171
137 300
130 137
474 130
172 474
241 172
189 241
13 189
77 13
68 77
463 68
149 463
286 149
306 286
34 306
208 34
313 208
343 313
197 343
364 197
379 364
92 379
295 92
326 295
454 326
357 454
283 357
51 283
141 51
396 141
73 396
473 73
425 473
243 425
294 243
201 294
434 201
159 434
168 159
447 168
49 447
498 49
435 498
75 435
367 75
261 367
378 261
272 378
352 272
7 352
499 7
391 499
109 391
355 109
111 355
96 111
262 96
12 262
252 12
316 252
17 316
205 17
280 205
126 280
176 126
167 176
56 167
318 56
218 318
402 218
248 402
43 248
93 43
496 93
217 496
303 217
63 303
32 63
246 32
492 246
104 492
437 104
392 437
259 392
401 259
222 401
78 222
358 78
491 358
134 491
21 134
169 21
6 169
30 6
490 30
147 490
166 147
185 166
315 185
229 315
452 229
299 452
493 299
155 493
122 155
429 122
309 429
233 309
465 233
342 465
112 342
65 112
143 65
284 143
322 284
486 322
275 486
16 275
99 16
87 99
209 87
381 209
19 381
279 19
472 279
360 472
116 360
411 116
133 411
232 133
409 232
4 409
86 4
105 86
11 105
397 11
82 397
444 82
430 444
235 430
139 235
394 139
390 394
489 390
84 489
121 84
274 121
69 274
164 69
71 164
327 71
255 327
470 255
202 470
145 202
422 145
290 422
192 290
271 192
265 271
443 265
94 443
177 94
266 177
323 266
119 323
129 119
320 129
210 320
18 210
388 18
114 388
351 114
231 351
215 231
55 215
281 55
448 281
431 448
173 431
158 173
162 158
338 162
347 338
146 347
89 146
100 89
225 100
427 225
179 427
107 179
263 107
467 263
123 467
194 123
321 194
91 321
214 91
110 214
403 110
54 403
436 54
131 436
330 131
298 330
273 298
79 273
377 79
206 377
458 206
187 458
200 187
334 200
224 334
239 224
464 239
410 464
27 410
236 27
160 236
115 160
455 115
333 455
387 333
372 387
288 372
219 288
247 219
319 247
152 319
40 152
42 40
407 42
223 407
196 223
249 196
337 249
483 337
136 483
375 136
244 375
421 244
484 421
363 484
442 363
312 442
238 312
186 238
477 186
344 477
213 344
307 213
81 307
292 81
46 292
416 46
291 416
445 291
44 445
0 44
85 0
480 85
140 480
128 140
183 128
29 183
198 29
287 198
373 287
25 373
460 25
260 460
317 260
257 317
450 257
2 450
282 2
1 282
310 1
449 310
26 449
428 26
385 428
153 385
415 153
481 415
250 481
138 250
117 138
440 117
148 440
74 148
485 74
324 485
382 324
41 382
165 41
383 165
163 383
59 163
325 59
270 325
113 270
356 113
441 356
297 441
476 297
495 476
457 495
53 457
370 53
368 370
469 368
151 469
426 151
182 426
468 182
144 468
242 144
157 242
408 157
245 408
132 245
181 132
424 181
461 424
47 461
174 47
102 174
50 102
340 50
95 340
339 95
230 339
9 230
487 9
22 487
8 22
482 8
211 482
48 211
369 48
420 369
276 420
70 276
125 70
345 125
349 345
39 349
268 39
64 268
237 64
188 237
28 188
432 28
234 432
366 234
10 366
190 10
399 190
124 399
88 124
212 88
