4093 400000
12 11
12 13
14 12
16 15
14 16
17 14
18 19
20 18
22 21
22 23
20 22
17 20
24 17
26 25
26 27
28 26
30 29
30 31
28 30
32 28
34 33
34 35
36 34
38 37
38 39
36 38
32 36
24 32
40 24
42 41
42 43
44 42
44 45
46 44
47 48
49 47
51 50
51 52
49 51
46 49
53 46
55 54
55 56
57 55
59 58
59 60
57 59
61 57
63 62
63 64
65 63
67 66
67 68
65 67
61 65
53 61
40 53
69 40
71 70
71 72
73 71
75 74
75 76
73 75
77 73
79 78
79 80
81 79
83 82
83 84
81 83
77 81
85 77
87 86
87 88
89 87
91 90
91 92
89 91
93 89
95 94
95 96
97 95
99 98
99 100
97 99
93 97
85 93
101 85
103 102
103 104
105 103
107 106
107 108
105 107
109 105
111 110
111 112
113 111
115 114
115 116
113 115
109 113
117 109
119 118
119 120
121 119
123 122
123 124
121 123
125 121
127 126
127 128
129 127
131 130
131 132
129 131
125 129
117 125
101 117
69 101
133 69
135 134
135 136
137 135
139 138
139 140
137 139
141 137
143 142
143 144
145 143
147 146
147 148
145 147
141 145
149 141
151 150
151 152
153 151
153 154
155 153
157 156
157 158
159 157
159 160
155 159
149 155
161 149
163 162
163 164
165 163
167 166
167 168
165 167
169 165
171 170
171 172
173 171
175 174
175 176
173 175
169 173
177 169
179 178
179 180
181 179
183 182
183 184
181 183
185 181
187 186
187 188
189 187
190 191
189 190
185 189
177 185
161 177
192 161
194 193
194 195
196 194
198 197
198 199
196 198
200 196
202 201
202 203
204 202
206 205
206 207
204 206
200 204
208 200
210 209
210 211
212 210
214 213
212 214
215 212
217 216
217 218
219 217
221 220
221 222
219 221
215 219
208 215
223 208
225 224
225 226
227 225
229 228
229 230
227 229
231 227
233 232
233 234
235 233
237 236
237 238
235 237
231 235
239 231
241 240
241 242
243 241
245 244
245 246
243 245
247 243
249 248
249 250
251 249
253 252
253 254
251 253
247 251
239 247
223 239
192 223
133 192
255 133
256 257
258 256
259 260
258 259
261 258
263 262
263 264
265 263
267 266
267 268
265 267
261 265
269 261
271 270
272 271
274 273
274 275
272 274
276 272
278 277
278 279
280 278
282 281
282 283
280 282
276 280
269 276
284 269
286 285
288 287
288 289
286 288
290 286
292 291
292 293
294 292
296 295
296 297
294 296
290 294
298 290
300 301
299 300
302 299
304 303
304 305
306 304
307 308
306 307
302 306
298 302
284 298
309 284
311 310
311 312
313 311
315 314
315 316
313 315
317 313
319 318
319 320
321 319
323 322
323 324
321 323
317 321
325 317
327 326
327 328
329 327
331 330
331 332
329 331
333 329
335 334
335 336
337 335
339 338
339 340
337 339
333 337
325 333
341 325
343 342
343 344
345 343
347 346
347 348
345 347
349 345
351 350
351 352
353 351
355 354
355 356
353 355
349 353
357 349
359 358
359 360
361 359
363 362
363 364
361 363
365 361
367 366
367 368
369 367
371 370
371 372
369 371
365 369
357 365
341 357
309 341
373 309
375 374
375 376
377 375
379 378
377 379
380 377
382 381
382 383
384 382
386 385
386 387
384 386
380 384
388 380
390 389
390 391
392 390
394 393
394 395
392 394
396 392
398 397
398 399
400 398
402 401
402 403
400 402
396 400
388 396
404 388
406 405
406 407
408 406
410 409
408 410
411 408
413 412
413 414
415 413
417 416
417 418
415 417
411 415
419 411
421 420
421 422
423 421
425 424
425 426
423 425
427 423
429 428
429 430
431 429
433 432
433 434
431 433
427 431
419 427
404 419
435 404
437 436
437 438
439 437
441 440
441 442
439 441
443 439
445 444
445 446
447 445
449 448
449 450
447 449
443 447
451 443
453 452
453 454
455 453
457 456
457 458
455 457
459 455
461 460
461 462
463 461
465 464
465 466
463 465
459 463
451 459
467 451
469 468
469 470
471 469
473 472
473 474
471 473
475 471
477 476
477 478
479 477
481 480
481 482
479 481
475 479
483 475
485 484
486 485
488 487
488 489
486 488
490 486
492 491
492 493
494 492
496 495
494 496
490 494
483 490
467 483
435 467
373 435
255 373
497 255
501 500
501 502
503 501
505 504
505 506
503 505
507 503
509 508
509 510
511 509
513 512
513 514
511 513
507 511
515 507
517 516
517 518
519 517
521 520
521 522
519 521
523 519
525 524
526 525
528 527
528 529
526 528
523 526
515 523
530 515
533 532
533 534
535 533
537 536
535 537
531 535
538 531
530 538
539 530
499 539
498 499
497 498
540 497
542 541
542 543
544 542
546 545
546 547
544 546
548 544
550 549
550 551
552 550
554 553
554 555
552 554
548 552
556 548
557 558
559 557
561 560
559 561
562 559
564 563
564 565
566 564
567 568
566 567
562 566
556 562
569 556
571 570
571 572
573 571
575 574
575 576
573 575
577 573
579 578
579 580
581 579
583 582
583 584
581 583
577 581
585 577
587 586
587 588
589 587
591 590
591 592
589 591
593 589
595 594
595 596
597 595
599 598
599 600
597 599
593 597
585 593
569 585
601 569
603 602
603 604
605 603
605 606
607 605
609 608
609 610
611 609
613 612
613 614
611 613
607 611
615 607
617 616
617 618
619 617
621 620
621 622
619 621
623 619
625 624
625 626
627 625
629 628
629 630
627 629
623 627
615 623
631 615
633 632
634 633
636 635
636 637
634 636
638 634
640 639
640 641
642 640
644 643
642 644
638 642
645 638
647 646
647 648
649 647
650 651
649 650
652 649
654 653
654 655
656 654
657 658
656 657
652 656
645 652
631 645
601 631
659 601
661 660
661 662
663 661
665 664
665 666
663 665
667 663
669 668
669 670
671 669
673 672
673 674
671 673
667 671
675 667
677 676
677 678
679 677
681 680
681 682
679 681
683 679
685 684
685 686
687 685
689 688
689 690
687 689
683 687
675 683
691 675
693 692
694 693
696 695
694 696
697 694
699 698
697 699
700 697
702 701
702 703
704 702
706 705
706 707
704 706
708 704
708 709
700 708
691 700
710 691
712 711
712 713
714 712
716 715
716 717
714 716
718 714
719 720
718 719
721 718
723 722
723 724
725 723
725 726
727 725
729 728
730 729
732 731
732 733
730 732
727 730
721 727
734 721
735 736
737 735
737 738
739 737
741 740
741 742
743 741
745 744
743 745
739 743
746 739
748 747
748 749
750 748
750 751
752 750
755 754
755 756
753 755
752 753
746 752
734 746
710 734
659 710
757 659
759 758
759 760
761 759
763 762
761 763
764 761
766 765
766 767
768 766
770 769
770 771
768 770
764 768
772 764
774 773
774 775
776 774
778 777
778 779
776 778
780 776
782 781
782 783
784 782
786 785
786 787
784 786
780 784
772 780
788 772
790 789
790 791
792 790
794 793
794 795
792 794
796 792
797 798
796 797
799 796
788 799
800 788
803 802
803 804
805 803
807 806
807 808
805 807
809 805
811 810
811 812
813 811
815 814
815 816
813 815
809 813
817 809
818 819
820 818
822 821
822 823
820 822
824 820
826 825
826 827
828 826
830 829
830 831
828 830
824 828
817 824
801 817
800 801
832 800
834 833
834 835
836 834
838 837
838 839
836 838
840 836
842 841
842 843
844 842
846 845
846 847
844 846
840 844
848 840
850 849
850 851
852 850
854 853
854 855
852 854
856 852
858 857
859 858
861 860
861 862
859 861
856 859
848 856
863 848
865 864
865 866
867 865
869 868
869 870
867 869
871 867
873 872
874 873
876 875
876 877
874 876
871 874
878 871
880 879
880 881
882 880
882 883
884 882
886 885
886 887
888 886
890 889
890 891
888 890
884 888
878 884
863 878
892 863
894 893
894 895
896 894
898 897
898 899
896 898
900 896
902 901
902 903
904 902
906 905
906 907
904 906
900 904
908 900
910 909
910 911
912 910
914 913
914 915
912 914
916 912
918 917
918 919
920 918
922 921
922 923
920 922
916 920
908 916
924 908
926 925
926 927
928 926
930 929
930 931
928 930
932 928
934 933
934 935
936 934
938 937
938 939
936 938
932 936
940 932
942 941
943 942
945 944
945 946
943 945
947 943
949 948
949 950
951 949
953 952
953 954
951 953
947 951
940 947
924 940
892 924
832 892
757 832
955 757
957 956
958 957
959 958
961 960
961 962
963 961
965 964
965 966
963 965
959 963
967 959
969 968
970 969
972 971
972 973
970 972
974 970
976 975
977 976
979 978
979 980
977 979
974 977
967 974
981 967
983 982
984 983
986 985
986 987
984 986
988 984
989 988
991 990
991 992
993 991
995 994
995 996
993 995
997 993
999 998
1000 999
1002 1001
1000 1002
997 1000
989 997
981 989
1003 981
1006 1005
1006 1007
1004 1006
1008 1004
1010 1009
1010 1011
1012 1010
1014 1013
1014 1015
1012 1014
1008 1012
1016 1008
1018 1017
1018 1019
1020 1018
1022 1021
1022 1023
1020 1022
1024 1020
1026 1025
1027 1026
1029 1028
1029 1030
1027 1029
1024 1027
1016 1024
1031 1016
1032 1033
1034 1032
1035 1036
1037 1035
1039 1038
1039 1040
1037 1039
1041 1037
1043 1042
1043 1044
1045 1043
1046 1047
1045 1046
1041 1045
1034 1041
1031 1034
1003 1031
1048 1003
1050 1049
1050 1051
1052 1050
1054 1053
1054 1055
1052 1054
1056 1052
1058 1057
1058 1059
1060 1058
1062 1061
1062 1063
1060 1062
1056 1060
1064 1056
1066 1065
1066 1067
1068 1066
1070 1069
1070 1071
1068 1070
1072 1068
1074 1073
1074 1075
1076 1074
1078 1077
1076 1078
1072 1076
1064 1072
1079 1064
1081 1080
1081 1082
1083 1081
1085 1084
1085 1086
1083 1085
1087 1083
1089 1088
1089 1090
1091 1089
1093 1092
1093 1094
1091 1093
1087 1091
1095 1087
1096 1097
1098 1096
1100 1099
1100 1101
1098 1100
1102 1098
1104 1103
1104 1105
1106 1104
1108 1107
1108 1109
1106 1108
1102 1106
1095 1102
1079 1095
1110 1079
1112 1111
1112 1113
1114 1112
1115 1116
1114 1115
1117 1114
1119 1118
1121 1120
1121 1122
1119 1121
1117 1119
1123 1117
1125 1124
1125 1126
1127 1125
1129 1128
1129 1130
1127 1129
1131 1127
1133 1132
1133 1134
1135 1133
1137 1136
1137 1138
1135 1137
1131 1135
1123 1131
1139 1123
1141 1140
1141 1142
1143 1141
1143 1144
1145 1143
1146 1145
1148 1149
1147 1148
1150 1147
1152 1151
1152 1153
1154 1152
1156 1155
1156 1157
1154 1156
1150 1154
1146 1150
1139 1146
1110 1139
1048 1110
1158 1048
1160 1159
1160 1161
1162 1160
1162 1163
1164 1162
1166 1165
1166 1167
1168 1166
1164 1168
1169 1164
1171 1170
1171 1172
1173 1171
1173 1174
1175 1173
1169 1175
1176 1169
1178 1177
1180 1179
1180 1181
1178 1180
1182 1178
1184 1183
1186 1185
1186 1187
1184 1186
1182 1184
1188 1182
1190 1189
1190 1191
1192 1190
1193 1192
1194 1195
1196 1194
1197 1198
1196 1197
1193 1196
1188 1193
1176 1188
1199 1176
1201 1200
1203 1202
1203 1204
1201 1203
1205 1201
1206 1207
1208 1206
1210 1209
1210 1211
1208 1210
1205 1208
1212 1205
1214 1213
1216 1215
1216 1217
1214 1216
1218 1214
1220 1219
1220 1221
1222 1220
1224 1223
1224 1225
1222 1224
1218 1222
1212 1218
1226 1212
1228 1227
1228 1229
1230 1228
1232 1231
1232 1233
1230 1232
1234 1230
1236 1235
1236 1237
1238 1236
1240 1239
1240 1241
1238 1240
1234 1238
1242 1234
1244 1243
1244 1245
1246 1244
1248 1247
1248 1249
1246 1248
1250 1246
1252 1251
1252 1253
1254 1252
1256 1255
1256 1257
1254 1256
1250 1254
1242 1250
1226 1242
1199 1226
1258 1199
1260 1259
1260 1261
1262 1260
1264 1263
1264 1265
1262 1264
1266 1262
1268 1267
1268 1269
1270 1268
1272 1271
1272 1273
1270 1272
1266 1270
1274 1266
1276 1275
1276 1277
1278 1276
1280 1279
1280 1281
1278 1280
1282 1278
1284 1283
1284 1285
1286 1284
1288 1287
1288 1289
1286 1288
1282 1286
1274 1282
1290 1274
1292 1291
1292 1293
1294 1292
1295 1296
1294 1295
1297 1294
1298 1299
1300 1298
1302 1301
1302 1303
1300 1302
1297 1300
1304 1297
1306 1305
1306 1307
1308 1306
1310 1309
1310 1311
1308 1310
1312 1308
1314 1313
1314 1315
1316 1314
1318 1317
1318 1319
1316 1318
1312 1316
1304 1312
1290 1304
1320 1290
1322 1321
1322 1323
1324 1322
1326 1325
1326 1327
1324 1326
1328 1324
1330 1329
1330 1331
1332 1330
1334 1333
1334 1335
1332 1334
1328 1332
1336 1328
1338 1337
1338 1339
1340 1338
1342 1341
1342 1343
1340 1342
1344 1340
1346 1345
1346 1347
1348 1346
1350 1349
1348 1350
1344 1348
1336 1344
1351 1336
1353 1352
1353 1354
1355 1353
1357 1356
1357 1358
1355 1357
1359 1355
1361 1360
1361 1362
1363 1361
1364 1365
1363 1364
1359 1363
1366 1359
1368 1367
1368 1369
1370 1368
1372 1371
1372 1373
1370 1372
1374 1370
1376 1375
1376 1377
1378 1376
1380 1379
1380 1381
1378 1380
1374 1378
1366 1374
1351 1366
1320 1351
1258 1320
1158 1258
955 1158
540 955
10 540
1382 10
1384 1383
1386 1385
1386 1387
1384 1386
1388 1384
1390 1389
1390 1391
1392 1390
1394 1393
1394 1395
1392 1394
1388 1392
1396 1388
1398 1397
1398 1399
1400 1398
1402 1401
1402 1403
1400 1402
1404 1400
1406 1405
1406 1407
1408 1406
1410 1409
1410 1411
1408 1410
1404 1408
1396 1404
1412 1396
1415 1414
1413 1415
1416 1413
1417 1416
1419 1418
1419 1420
1421 1419
1423 1422
1423 1424
1421 1423
1425 1421
1428 1427
1428 1429
1426 1428
1425 1426
1417 1425
1412 1417
1430 1412
1432 1431
1432 1433
1434 1432
1436 1435
1436 1437
1434 1436
1438 1434
1439 1440
1438 1439
1441 1438
1443 1442
1443 1444
1445 1443
1447 1446
1447 1448
1445 1447
1449 1445
1451 1450
1451 1452
1453 1451
1455 1454
1455 1456
1453 1455
1449 1453
1441 1449
1457 1441
1459 1458
1459 1460
1461 1459
1463 1462
1463 1464
1461 1463
1465 1461
1467 1466
1467 1468
1469 1467
1471 1470
1471 1472
1469 1471
1465 1469
1473 1465
1475 1474
1475 1476
1477 1475
1478 1477
1480 1479
1480 1481
1482 1480
1484 1483
1484 1485
1482 1484
1478 1482
1473 1478
1457 1473
1430 1457
1486 1430
1488 1487
1490 1489
1488 1490
1491 1488
1493 1492
1493 1494
1495 1493
1497 1496
1497 1498
1495 1497
1491 1495
1499 1491
1501 1500
1501 1502
1503 1501
1505 1504
1505 1506
1503 1505
1507 1503
1509 1508
1509 1510
1511 1509
1513 1512
1513 1514
1511 1513
1507 1511
1499 1507
1515 1499
1517 1516
1517 1518
1519 1517
1521 1520
1521 1522
1519 1521
1523 1519
1525 1524
1525 1526
1527 1525
1529 1528
1529 1530
1527 1529
1523 1527
1531 1523
1533 1532
1533 1534
1535 1533
1537 1536
1537 1538
1535 1537
1539 1535
1541 1540
1542 1541
1544 1543
1544 1545
1542 1544
1539 1542
1531 1539
1515 1531
1546 1515
1547 1548
1549 1547
1551 1550
1551 1552
1549 1551
1553 1549
1555 1554
1555 1556
1557 1555
1559 1558
1559 1560
1557 1559
1553 1557
1561 1553
1562 1563
1564 1562
1565 1564
1567 1566
1567 1568
1569 1567
1571 1570
1571 1572
1569 1571
1565 1569
1561 1565
1573 1561
1575 1574
1575 1576
1577 1575
1579 1578
1579 1580
1577 1579
1581 1577
1582 1583
1584 1582
1585 1586
1584 1585
1581 1584
1587 1581
1589 1588
1589 1590
1591 1589
1593 1592
1593 1594
1591 1593
1595 1591
1597 1596
1597 1598
1599 1597
1601 1600
1601 1602
1599 1601
1595 1599
1587 1595
1573 1587
1546 1573
1486 1546
1603 1486
1605 1604
1605 1606
1607 1605
1609 1608
1609 1610
1607 1609
1611 1607
1613 1612
1613 1614
1615 1613
1617 1616
1617 1618
1615 1617
1611 1615
1619 1611
1621 1620
1621 1622
1623 1621
1625 1624
1623 1625
1626 1623
1628 1627
1629 1630
1628 1629
1626 1628
1619 1626
1631 1619
1633 1632
1633 1634
1635 1633
1637 1636
1637 1638
1635 1637
1639 1635
1641 1640
1641 1642
1643 1641
1645 1644
1645 1646
1643 1645
1639 1643
1647 1639
1649 1648
1649 1650
1651 1649
1653 1652
1653 1654
1651 1653
1655 1651
1657 1656
1657 1658
1659 1657
1661 1660
1661 1662
1659 1661
1655 1659
1647 1655
1631 1647
1663 1631
1665 1664
1665 1666
1667 1665
1669 1668
1669 1670
1667 1669
1671 1667
1673 1672
1673 1674
1675 1673
1677 1676
1677 1678
1675 1677
1671 1675
1679 1671
1681 1680
1681 1682
1683 1681
1685 1684
1685 1686
1683 1685
1687 1683
1689 1688
1689 1690
1691 1689
1693 1692
1693 1694
1691 1693
1687 1691
1679 1687
1695 1679
1697 1696
1697 1698
1699 1697
1701 1700
1701 1702
1699 1701
1703 1699
1705 1704
1705 1706
1707 1705
1709 1708
1709 1710
1707 1709
1703 1707
1711 1703
1713 1712
1713 1714
1715 1713
1717 1716
1717 1718
1715 1717
1719 1715
1721 1720
1721 1722
1723 1721
1724 1725
1723 1724
1719 1723
1711 1719
1695 1711
1663 1695
1726 1663
1728 1727
1728 1729
1730 1728
1730 1731
1732 1730
1734 1733
1736 1735
1736 1737
1734 1736
1732 1734
1738 1732
1740 1739
1740 1741
1742 1740
1744 1743
1744 1745
1742 1744
1746 1742
1748 1747
1748 1749
1750 1748
1752 1751
1752 1753
1750 1752
1746 1750
1738 1746
1754 1738
1756 1755
1756 1757
1758 1756
1760 1759
1760 1761
1758 1760
1762 1758
1764 1763
1764 1765
1766 1764
1768 1767
1768 1769
1766 1768
1762 1766
1770 1762
1772 1771
1772 1773
1774 1772
1776 1775
1776 1777
1774 1776
1778 1774
1780 1779
1780 1781
1782 1780
1784 1783
1784 1785
1782 1784
1778 1782
1770 1778
1754 1770
1786 1754
1788 1787
1788 1789
1790 1788
1792 1791
1792 1793
1790 1792
1794 1790
1796 1795
1796 1797
1798 1796
1800 1799
1800 1801
1798 1800
1794 1798
1802 1794
1804 1803
1804 1805
1806 1804
1808 1807
1808 1809
1806 1808
1810 1806
1812 1811
1812 1813
1814 1812
1816 1815
1816 1817
1814 1816
1810 1814
1802 1810
1818 1802
1820 1819
1820 1821
1822 1820
1824 1823
1824 1825
1822 1824
1826 1822
1828 1827
1828 1829
1830 1828
1832 1831
1832 1833
1830 1832
1826 1830
1834 1826
1836 1835
1836 1837
1838 1836
1840 1839
1840 1841
1838 1840
1842 1838
1844 1843
1844 1845
1846 1844
1848 1847
1848 1849
1846 1848
1842 1846
1834 1842
1818 1834
1786 1818
1726 1786
1603 1726
1850 1603
1852 1851
1852 1853
1854 1852
1856 1855
1856 1857
1854 1856
1858 1854
1860 1859
1860 1861
1862 1860
1864 1863
1864 1865
1862 1864
1858 1862
1866 1858
1868 1867
1868 1869
1870 1868
1872 1871
1872 1873
1870 1872
1874 1870
1876 1875
1876 1877
1878 1876
1880 1879
1880 1881
1878 1880
1874 1878
1866 1874
1882 1866
1884 1883
1884 1885
1886 1884
1888 1887
1888 1889
1886 1888
1890 1886
1892 1891
1892 1893
1894 1892
1896 1895
1896 1897
1894 1896
1890 1894
1898 1890
1900 1899
1900 1901
1902 1900
1904 1903
1904 1905
1902 1904
1906 1902
1908 1907
1908 1909
1910 1908
1912 1911
1912 1913
1910 1912
1906 1910
1898 1906
1882 1898
1914 1882
1916 1915
1916 1917
1918 1916
1920 1919
1920 1921
1918 1920
1922 1918
1924 1923
1924 1925
1926 1924
1928 1927
1928 1929
1926 1928
1922 1926
1930 1922
1932 1931
1932 1933
1934 1932
1936 1935
1936 1937
1934 1936
1938 1934
1940 1939
1940 1941
1942 1940
1944 1943
1944 1945
1942 1944
1938 1942
1930 1938
1946 1930
1948 1947
1948 1949
1950 1948
1952 1951
1952 1953
1950 1952
1954 1950
1956 1955
1956 1957
1958 1956
1960 1959
1960 1961
1958 1960
1954 1958
1962 1954
1964 1963
1964 1965
1966 1964
1968 1967
1968 1969
1966 1968
1970 1966
1972 1971
1972 1973
1974 1972
1976 1975
1976 1977
1974 1976
1970 1974
1962 1970
1946 1962
1914 1946
1978 1914
1980 1979
1980 1981
1982 1980
1984 1983
1984 1985
1982 1984
1986 1982
1987 1988
1989 1987
1986 1989
1990 1986
1992 1991
1993 1992
1994 1995
1996 1994
1997 1998
1996 1997
1993 1996
1990 1993
1999 1990
2001 2000
2001 2002
2003 2001
2005 2004
2005 2006
2003 2005
2007 2003
2009 2008
2009 2010
2011 2009
2013 2012
2013 2014
2011 2013
2007 2011
2015 2007
2017 2016
2017 2018
2019 2017
2021 2020
2021 2022
2019 2021
2023 2019
2025 2024
2025 2026
2027 2025
2029 2028
2029 2030
2027 2029
2023 2027
2015 2023
1999 2015
2031 1999
2033 2032
2033 2034
2035 2033
2037 2036
2037 2038
2035 2037
2039 2035
2042 2041
2042 2043
2040 2042
2039 2040
2044 2039
2046 2045
2046 2047
2048 2046
2050 2049
2050 2051
2048 2050
2052 2048
2054 2053
2054 2055
2056 2054
2058 2057
2058 2059
2056 2058
2052 2056
2044 2052
2060 2044
2062 2061
2062 2063
2064 2062
2066 2065
2064 2066
2067 2064
2069 2068
2069 2070
2071 2069
2073 2072
2073 2074
2071 2073
2067 2071
2075 2067
2077 2076
2077 2078
2079 2077
2081 2080
2081 2082
2079 2081
2083 2079
2085 2084
2085 2086
2087 2085
2087 2088
2083 2087
2075 2083
2060 2075
2031 2060
1978 2031
2089 1978
2091 2090
2091 2092
2093 2091
2094 2093
2096 2095
2097 2096
2098 2099
2097 2098
2094 2097
2100 2094
2102 2101
2102 2103
2104 2102
2106 2105
2106 2107
2104 2106
2108 2104
2108 2109
2100 2108
2110 2100
2112 2111
2112 2113
2114 2112
2115 2116
2114 2115
2117 2114
2119 2118
2119 2120
2121 2119
2123 2122
2123 2124
2121 2123
2117 2121
2125 2117
2127 2126
2127 2128
2129 2127
2131 2130
2129 2131
2132 2129
2134 2133
2134 2135
2136 2134
2137 2138
2136 2137
2132 2136
2125 2132
2110 2125
2139 2110
2141 2140
2141 2142
2143 2141
2145 2144
2145 2146
2143 2145
2147 2143
2149 2148
2149 2150
2151 2149
2153 2152
2153 2154
2151 2153
2147 2151
2155 2147
2157 2156
2157 2158
2159 2157
2161 2160
2161 2162
2159 2161
2163 2159
2165 2164
2167 2166
2167 2168
2165 2167
2163 2165
2155 2163
2169 2155
2171 2170
2172 2171
2174 2173
2174 2175
2172 2174
2176 2172
2178 2177
2179 2178
2181 2180
2181 2182
2179 2181
2176 2179
2183 2176
2185 2184
2185 2186
2187 2185
2189 2188
2189 2190
2187 2189
2191 2187
2193 2192
2193 2194
2195 2193
2197 2196
2197 2198
2195 2197
2191 2195
2183 2191
2169 2183
2139 2169
2199 2139
2202 2201
2202 2203
2200 2202
2204 2200
2206 2205
2206 2207
2208 2206
2210 2209
2208 2210
2204 2208
2211 2204
2213 2212
2213 2214
2215 2213
2217 2216
2215 2217
2218 2215
2220 2219
2220 2221
2222 2220
2224 2223
2222 2224
2218 2222
2211 2218
2225 2211
2227 2226
2227 2228
2229 2227
2231 2230
2231 2232
2229 2231
2233 2229
2235 2234
2235 2236
2237 2235
2239 2238
2239 2240
2237 2239
2233 2237
2241 2233
2243 2242
2243 2244
2245 2243
2247 2246
2247 2248
2245 2247
2249 2245
2251 2250
2251 2252
2253 2251
2255 2254
2255 2256
2253 2255
2249 2253
2241 2249
2225 2241
2257 2225
2259 2258
2260 2259
2262 2261
2260 2262
2263 2260
2264 2263
2266 2265
2266 2267
2268 2266
2270 2269
2270 2271
2268 2270
2272 2268
2274 2273
2274 2275
2276 2274
2278 2277
2278 2279
2276 2278
2272 2276
2264 2272
2280 2264
2282 2281
2282 2283
2284 2282
2286 2285
2286 2287
2284 2286
2288 2284
2290 2289
2290 2291
2292 2290
2294 2293
2294 2295
2292 2294
2288 2292
2296 2288
2298 2297
2298 2299
2300 2298
2302 2301
2302 2303
2300 2302
2304 2300
2306 2305
2306 2307
2308 2306
2310 2309
2310 2311
2308 2310
2304 2308
2296 2304
2280 2296
2257 2280
2199 2257
2089 2199
1850 2089
2312 1850
2314 2313
2314 2315
2316 2314
2318 2317
2318 2319
2316 2318
2320 2316
2322 2321
2322 2323
2324 2322
2326 2325
2326 2327
2324 2326
2320 2324
2328 2320
2330 2329
2330 2331
2332 2330
2334 2333
2334 2335
2332 2334
2336 2332
2338 2337
2338 2339
2340 2338
2342 2341
2342 2343
2340 2342
2336 2340
2328 2336
2344 2328
2346 2345
2347 2346
2349 2348
2347 2349
2350 2347
2352 2351
2352 2353
2354 2352
2355 2356
2354 2355
2350 2354
2357 2350
2358 2359
2360 2358
2362 2361
2360 2362
2363 2360
2365 2364
2365 2366
2367 2365
2369 2368
2367 2369
2363 2367
2357 2363
2344 2357
2370 2344
2372 2371
2372 2373
2374 2372
2376 2375
2376 2377
2374 2376
2378 2374
2380 2379
2380 2381
2382 2380
2384 2383
2384 2385
2382 2384
2378 2382
2386 2378
2388 2387
2388 2389
2390 2388
2392 2391
2392 2393
2390 2392
2394 2390
2395 2396
2394 2395
2386 2394
2397 2386
2399 2398
2399 2400
2401 2399
2403 2402
2403 2404
2401 2403
2405 2401
2407 2406
2407 2408
2409 2407
2411 2410
2411 2412
2409 2411
2405 2409
2413 2405
2415 2414
2415 2416
2417 2415
2419 2418
2417 2419
2420 2417
2422 2421
2422 2423
2424 2422
2424 2425
2420 2424
2413 2420
2397 2413
2370 2397
2426 2370
2429 2428
2430 2429
2432 2431
2432 2433
2430 2432
2434 2430
2436 2435
2438 2437
2436 2438
2434 2436
2427 2434
2439 2427
2441 2440
2442 2441
2444 2443
2444 2445
2442 2444
2446 2442
2448 2447
2448 2449
2450 2448
2452 2451
2452 2453
2450 2452
2446 2450
2454 2446
2456 2455
2457 2456
2458 2459
2457 2458
2460 2457
2462 2461
2462 2463
2464 2462
2466 2465
2466 2467
2464 2466
2460 2464
2454 2460
2439 2454
2468 2439
2470 2469
2470 2471
2472 2470
2474 2473
2474 2475
2472 2474
2476 2472
2478 2477
2478 2479
2480 2478
2482 2481
2482 2483
2480 2482
2476 2480
2484 2476
2486 2485
2486 2487
2488 2486
2490 2489
2490 2491
2488 2490
2492 2488
2494 2493
2494 2495
2496 2494
2496 2497
2492 2496
2484 2492
2498 2484
2499 2500
2501 2499
2503 2502
2503 2504
2501 2503
2505 2501
2507 2506
2507 2508
2509 2507
2511 2510
2511 2512
2509 2511
2505 2509
2513 2505
2515 2514
2515 2516
2517 2515
2519 2518
2519 2520
2517 2519
2521 2517
2523 2522
2523 2524
2525 2523
2527 2526
2527 2528
2525 2527
2521 2525
2513 2521
2498 2513
2468 2498
2426 2468
2529 2426
2531 2530
2531 2532
2533 2531
2535 2534
2533 2535
2536 2533
2538 2537
2538 2539
2540 2538
2542 2541
2542 2543
2540 2542
2536 2540
2544 2536
2546 2545
2546 2547
2548 2546
2549 2550
2548 2549
2551 2548
2553 2552
2553 2554
2555 2553
2557 2556
2557 2558
2555 2557
2551 2555
2544 2551
2559 2544
2561 2560
2561 2562
2563 2561
2565 2564
2565 2566
2563 2565
2567 2563
2569 2568
2569 2570
2571 2569
2573 2572
2573 2574
2571 2573
2567 2571
2575 2567
2577 2576
2577 2578
2579 2577
2581 2580
2581 2582
2579 2581
2583 2579
2585 2584
2585 2586
2587 2585
2589 2588
2589 2590
2587 2589
2583 2587
2575 2583
2559 2575
2591 2559
2593 2592
2593 2594
2595 2593
2597 2596
2597 2598
2595 2597
2599 2595
2601 2600
2601 2602
2603 2601
2605 2604
2605 2606
2603 2605
2599 2603
2607 2599
2609 2608
2609 2610
2611 2609
2613 2612
2613 2614
2611 2613
2615 2611
2617 2616
2617 2618
2619 2617
2621 2620
2621 2622
2619 2621
2615 2619
2607 2615
2623 2607
2625 2624
2625 2626
2627 2625
2628 2629
2627 2628
2630 2627
2631 2632
2633 2631
2635 2634
2635 2636
2633 2635
2630 2633
2637 2630
2639 2638
2639 2640
2641 2639
2643 2642
2643 2644
2641 2643
2645 2641
2647 2646
2647 2648
2649 2647
2651 2650
2651 2652
2649 2651
2645 2649
2637 2645
2623 2637
2591 2623
2653 2591
2655 2654
2655 2656
2657 2655
2659 2658
2659 2660
2657 2659
2661 2657
2663 2662
2663 2664
2665 2663
2667 2666
2667 2668
2665 2667
2661 2665
2669 2661
2671 2670
2671 2672
2673 2671
2675 2674
2675 2676
2673 2675
2677 2673
2679 2678
2679 2680
2681 2679
2683 2682
2683 2684
2681 2683
2677 2681
2669 2677
2685 2669
2687 2686
2687 2688
2689 2687
2691 2690
2691 2692
2689 2691
2693 2689
2695 2694
2695 2696
2697 2695
2699 2698
2699 2700
2697 2699
2693 2697
2701 2693
2703 2702
2703 2704
2705 2703
2707 2706
2707 2708
2705 2707
2709 2705
2711 2710
2711 2712
2713 2711
2715 2714
2715 2716
2713 2715
2709 2713
2701 2709
2685 2701
2717 2685
2719 2718
2719 2720
2721 2719
2723 2722
2723 2724
2721 2723
2725 2721
2727 2726
2727 2728
2729 2727
2731 2730
2731 2732
2729 2731
2725 2729
2733 2725
2735 2734
2735 2736
2737 2735
2739 2738
2739 2740
2737 2739
2741 2737
2743 2742
2743 2744
2745 2743
2747 2746
2747 2748
2745 2747
2741 2745
2733 2741
2749 2733
2751 2750
2751 2752
2753 2751
2755 2754
2755 2756
2753 2755
2757 2753
2759 2758
2759 2760
2761 2759
2763 2762
2763 2764
2761 2763
2757 2761
2765 2757
2767 2766
2767 2768
2769 2767
2771 2770
2771 2772
2769 2771
2773 2769
2775 2774
2775 2776
2777 2775
2779 2778
2779 2780
2777 2779
2773 2777
2765 2773
2749 2765
2717 2749
2653 2717
2529 2653
2781 2529
2784 2785
2783 2784
2786 2783
2788 2787
2788 2789
2790 2788
2790 2791
2786 2790
2792 2786
2794 2793
2795 2794
2796 2795
2798 2797
2799 2798
2801 2800
2799 2801
2796 2799
2792 2796
2802 2792
2804 2803
2806 2805
2806 2807
2804 2806
2808 2804
2810 2809
2811 2810
2808 2811
2812 2808
2814 2813
2814 2815
2816 2814
2818 2817
2818 2819
2816 2818
2820 2816
2822 2821
2822 2823
2824 2822
2826 2825
2826 2827
2824 2826
2820 2824
2812 2820
2802 2812
2828 2802
2830 2829
2831 2830
2833 2832
2831 2833
2834 2831
2835 2834
2837 2836
2837 2838
2839 2837
2841 2840
2841 2842
2839 2841
2843 2839
2844 2845
2846 2844
2847 2848
2846 2847
2843 2846
2835 2843
2849 2835
2851 2850
2851 2852
2853 2851
2855 2854
2855 2856
2853 2855
2857 2853
2858 2859
2857 2858
2860 2857
2862 2861
2862 2863
2864 2862
2866 2865
2866 2867
2864 2866
2868 2864
2869 2870
2871 2869
2872 2873
2871 2872
2868 2871
2860 2868
2849 2860
2828 2849
2782 2828
2874 2782
2879 2878
2879 2880
2881 2879
2883 2882
2883 2884
2881 2883
2885 2881
2887 2886
2889 2888
2889 2890
2887 2889
2885 2887
2891 2885
2893 2892
2893 2894
2895 2893
2897 2896
2897 2898
2895 2897
2899 2895
2901 2900
2903 2902
2901 2903
2899 2901
2891 2899
2877 2891
2876 2877
2875 2876
2874 2875
2781 2874
2312 2781
2904 2312
2908 2907
2908 2909
2910 2908
2912 2911
2912 2913
2910 2912
2914 2910
2916 2915
2916 2917
2918 2916
2920 2919
2920 2921
2918 2920
2914 2918
2922 2914
2924 2923
2924 2925
2926 2924
2928 2927
2928 2929
2926 2928
2930 2926
2932 2931
2932 2933
2934 2932
2936 2935
2936 2937
2934 2936
2930 2934
2922 2930
2938 2922
2940 2939
2940 2941
2942 2940
2944 2943
2942 2944
2945 2942
2947 2946
2947 2948
2949 2947
2951 2950
2951 2952
2949 2951
2945 2949
2953 2945
2955 2954
2955 2956
2957 2955
2959 2958
2959 2960
2957 2959
2961 2957
2963 2962
2963 2964
2965 2963
2967 2966
2967 2968
2965 2967
2961 2965
2953 2961
2938 2953
2969 2938
2971 2970
2971 2972
2973 2971
2975 2974
2975 2976
2973 2975
2977 2973
2979 2978
2979 2980
2981 2979
2983 2982
2983 2984
2981 2983
2977 2981
2985 2977
2987 2986
2987 2988
2989 2987
2991 2990
2991 2992
2989 2991
2993 2989
2995 2994
2995 2996
2997 2995
2999 2998
2999 3000
2997 2999
2993 2997
2985 2993
3001 2985
3003 3002
3003 3004
3005 3003
3007 3006
3007 3008
3005 3007
3009 3005
3011 3010
3011 3012
3013 3011
3015 3014
3015 3016
3013 3015
3009 3013
3017 3009
3019 3018
3019 3020
3021 3019
3023 3022
3023 3024
3021 3023
3025 3021
3027 3026
3027 3028
3029 3027
3031 3030
3031 3032
3029 3031
3025 3029
3017 3025
3001 3017
2969 3001
3033 2969
3035 3034
3035 3036
3037 3035
3039 3038
3039 3040
3037 3039
3041 3037
3043 3042
3043 3044
3045 3043
3047 3046
3047 3048
3045 3047
3041 3045
3049 3041
3051 3050
3051 3052
3053 3051
3055 3054
3055 3056
3053 3055
3057 3053
3059 3058
3059 3060
3061 3059
3063 3062
3063 3064
3061 3063
3057 3061
3049 3057
3065 3049
3067 3066
3067 3068
3069 3067
3071 3070
3071 3072
3069 3071
3073 3069
3075 3074
3075 3076
3077 3075
3079 3078
3079 3080
3077 3079
3073 3077
3081 3073
3083 3082
3083 3084
3085 3083
3087 3086
3087 3088
3085 3087
3089 3085
3091 3090
3091 3092
3093 3091
3095 3094
3095 3096
3093 3095
3089 3093
3081 3089
3065 3081
3097 3065
3099 3098
3099 3100
3101 3099
3103 3102
3103 3104
3101 3103
3105 3101
3107 3106
3107 3108
3109 3107
3111 3110
3111 3112
3109 3111
3105 3109
3113 3105
3115 3114
3115 3116
3117 3115
3119 3118
3119 3120
3117 3119
3121 3117
3123 3122
3123 3124
3125 3123
3127 3126
3127 3128
3125 3127
3121 3125
3113 3121
3129 3113
3131 3130
3131 3132
3133 3131
3135 3134
3135 3136
3133 3135
3137 3133
3139 3138
3139 3140
3141 3139
3143 3142
3143 3144
3141 3143
3137 3141
3145 3137
3147 3146
3147 3148
3149 3147
3151 3150
3151 3152
3149 3151
3153 3149
3155 3154
3155 3156
3157 3155
3159 3158
3159 3160
3157 3159
3153 3157
3145 3153
3129 3145
3097 3129
3033 3097
3161 3033
3163 3162
3163 3164
3165 3163
3167 3166
3167 3168
3165 3167
3169 3165
3171 3170
3171 3172
3173 3171
3175 3174
3175 3176
3173 3175
3169 3173
3177 3169
3180 3179
3178 3180
3181 3178
3177 3181
3182 3177
3184 3183
3185 3184
3186 3185
3188 3187
3188 3189
3190 3188
3192 3191
3192 3193
3190 3192
3186 3190
3194 3186
3196 3195
3196 3197
3198 3196
3200 3199
3200 3201
3198 3200
3202 3198
3204 3203
3204 3205
3206 3204
3208 3207
3206 3208
3202 3206
3194 3202
3182 3194
3209 3182
3210 3211
3212 3210
3214 3213
3214 3215
3212 3214
3216 3212
3218 3217
3219 3218
3221 3220
3219 3221
3216 3219
3222 3216
3224 3223
3224 3225
3226 3224
3228 3227
3228 3229
3226 3228
3230 3226
3232 3231
3232 3233
3234 3232
3236 3235
3236 3237
3234 3236
3230 3234
3222 3230
3238 3222
3240 3239
3240 3241
3242 3240
3244 3243
3242 3244
3245 3242
3247 3246
3247 3248
3249 3247
3249 3250
3245 3249
3251 3245
3253 3252
3253 3254
3255 3253
3257 3256
3257 3258
3255 3257
3259 3255
3261 3260
3261 3262
3263 3261
3265 3264
3265 3266
3263 3265
3259 3263
3251 3259
3238 3251
3209 3238
3267 3209
3269 3268
3269 3270
3271 3269
3273 3272
3273 3274
3271 3273
3275 3271
3276 3275
3278 3277
3278 3279
3280 3278
3282 3281
3280 3282
3283 3280
3285 3284
3285 3286
3287 3285
3289 3288
3287 3289
3283 3287
3276 3283
3290 3276
3292 3291
3292 3293
3294 3292
3296 3295
3296 3297
3294 3296
3298 3294
3300 3299
3300 3301
3302 3300
3304 3303
3304 3305
3302 3304
3298 3302
3306 3298
3308 3307
3308 3309
3310 3308
3312 3311
3312 3313
3310 3312
3314 3310
3316 3315
3316 3317
3318 3316
3320 3319
3320 3321
3318 3320
3314 3318
3306 3314
3290 3306
3322 3290
3324 3323
3324 3325
3326 3324
3328 3327
3328 3329
3326 3328
3330 3326
3333 3332
3333 3334
3331 3333
3330 3331
3335 3330
3337 3336
3337 3338
3339 3337
3341 3340
3341 3342
3339 3341
3343 3339
3345 3344
3345 3346
3347 3345
3349 3348
3347 3349
3343 3347
3335 3343
3350 3335
3352 3351
3352 3353
3354 3352
3355 3354
3358 3357
3358 3359
3356 3358
3355 3356
3360 3355
3363 3362
3363 3364
3365 3363
3367 3366
3367 3368
3365 3367
3361 3365
3360 3361
3350 3360
3322 3350
3267 3322
3161 3267
2906 3161
2905 2906
2904 2905
1382 2904
9 1382
3369 9
3370 3369
8 3370
7 8
6 7
3371 6
5 3371
4 5
3 4
3372 3
2 3372
3373 2
1 3373
3374 1
3375 3374
3381 3380
3381 3382
3383 3381
3385 3384
3385 3386
3383 3385
3387 3383
3389 3388
3389 3390
3391 3389
3393 3392
3393 3394
3391 3393
3387 3391
3395 3387
3397 3396
3397 3398
3399 3397
3401 3400
3401 3402
3399 3401
3403 3399
3405 3404
3405 3406
3407 3405
3409 3408
3409 3410
3407 3409
3403 3407
3395 3403
3411 3395
3413 3412
3413 3414
3415 3413
3417 3416
3417 3418
3415 3417
3419 3415
3421 3420
3421 3422
3423 3421
3425 3424
3425 3426
3423 3425
3419 3423
3427 3419
3429 3428
3429 3430
3431 3429
3433 3432
3433 3434
3431 3433
3435 3431
3437 3436
3437 3438
3439 3437
3441 3440
3441 3442
3439 3441
3435 3439
3427 3435
3411 3427
3443 3411
3445 3444
3445 3446
3447 3445
3449 3448
3449 3450
3447 3449
3451 3447
3453 3452
3453 3454
3455 3453
3457 3456
3457 3458
3455 3457
3451 3455
3459 3451
3461 3460
3461 3462
3463 3461
3465 3464
3465 3466
3463 3465
3467 3463
3469 3468
3469 3470
3471 3469
3473 3472
3473 3474
3471 3473
3467 3471
3459 3467
3475 3459
3477 3476
3477 3478
3479 3477
3481 3480
3481 3482
3479 3481
3483 3479
3485 3484
3485 3486
3487 3485
3489 3488
3489 3490
3487 3489
3483 3487
3491 3483
3493 3492
3493 3494
3495 3493
3497 3496
3497 3498
3495 3497
3499 3495
3501 3500
3501 3502
3503 3501
3505 3504
3505 3506
3503 3505
3499 3503
3491 3499
3475 3491
3443 3475
3507 3443
3509 3508
3509 3510
3511 3509
3513 3512
3513 3514
3511 3513
3515 3511
3517 3516
3517 3518
3519 3517
3521 3520
3521 3522
3519 3521
3515 3519
3523 3515
3525 3524
3525 3526
3527 3525
3529 3528
3529 3530
3527 3529
3531 3527
3533 3532
3533 3534
3535 3533
3537 3536
3537 3538
3535 3537
3531 3535
3523 3531
3539 3523
3541 3540
3542 3541
3544 3543
3542 3544
3545 3542
3547 3546
3547 3548
3549 3547
3551 3550
3551 3552
3549 3551
3545 3549
3553 3545
3555 3554
3555 3556
3557 3555
3559 3558
3559 3560
3557 3559
3561 3557
3563 3562
3563 3564
3565 3563
3567 3566
3567 3568
3565 3567
3561 3565
3553 3561
3539 3553
3569 3539
3572 3571
3572 3573
3574 3572
3576 3575
3574 3576
3570 3574
3577 3570
3579 3578
3579 3580
3581 3579
3581 3582
3583 3581
3585 3584
3585 3586
3587 3585
3589 3588
3589 3590
3587 3589
3583 3587
3577 3583
3591 3577
3593 3592
3593 3594
3595 3593
3597 3596
3597 3598
3595 3597
3599 3595
3601 3600
3601 3602
3603 3601
3605 3604
3605 3606
3603 3605
3599 3603
3607 3599
3609 3608
3609 3610
3611 3609
3613 3612
3613 3614
3611 3613
3615 3611
3617 3616
3617 3618
3619 3617
3621 3620
3621 3622
3619 3621
3615 3619
3607 3615
3591 3607
3569 3591
3507 3569
3623 3507
3625 3624
3625 3626
3627 3625
3629 3628
3629 3630
3627 3629
3631 3627
3633 3632
3633 3634
3635 3633
3637 3636
3637 3638
3635 3637
3631 3635
3639 3631
3641 3640
3641 3642
3643 3641
3645 3644
3645 3646
3643 3645
3647 3643
3647 3648
3639 3647
3649 3639
3651 3650
3651 3652
3653 3651
3655 3654
3655 3656
3653 3655
3657 3653
3659 3658
3659 3660
3661 3659
3663 3662
3663 3664
3661 3663
3657 3661
3665 3657
3667 3666
3667 3668
3669 3667
3671 3670
3671 3672
3669 3671
3673 3669
3675 3674
3677 3676
3677 3678
3675 3677
3673 3675
3665 3673
3649 3665
3679 3649
3681 3680
3681 3682
3683 3681
3685 3684
3685 3686
3683 3685
3687 3683
3689 3688
3689 3690
3691 3689
3693 3692
3693 3694
3691 3693
3687 3691
3695 3687
3697 3696
3697 3698
3699 3697
3701 3700
3701 3702
3699 3701
3703 3699
3705 3704
3705 3706
3707 3705
3709 3708
3709 3710
3707 3709
3703 3707
3695 3703
3711 3695
3713 3712
3713 3714
3715 3713
3717 3716
3717 3718
3715 3717
3719 3715
3721 3720
3723 3722
3723 3724
3721 3723
3719 3721
3725 3719
3727 3726
3727 3728
3729 3727
3731 3730
3731 3732
3729 3731
3733 3729
3735 3734
3735 3736
3737 3735
3739 3738
3739 3740
3737 3739
3733 3737
3725 3733
3711 3725
3679 3711
3741 3679
3743 3742
3743 3744
3745 3743
3746 3747
3745 3746
3748 3745
3750 3749
3750 3751
3752 3750
3754 3753
3754 3755
3752 3754
3748 3752
3756 3748
3758 3757
3758 3759
3760 3758
3762 3761
3762 3763
3760 3762
3764 3760
3766 3765
3766 3767
3768 3766
3770 3769
3770 3771
3768 3770
3764 3768
3756 3764
3772 3756
3774 3773
3774 3775
3776 3774
3778 3777
3778 3779
3776 3778
3780 3776
3782 3781
3782 3783
3784 3782
3786 3785
3786 3787
3784 3786
3780 3784
3788 3780
3790 3789
3790 3791
3792 3790
3794 3793
3794 3795
3792 3794
3796 3792
3798 3797
3798 3799
3800 3798
3802 3801
3802 3803
3800 3802
3796 3800
3788 3796
3772 3788
3804 3772
3806 3805
3806 3807
3808 3806
3810 3809
3810 3811
3808 3810
3812 3808
3813 3814
3815 3813
3816 3817
3815 3816
3812 3815
3818 3812
3820 3819
3820 3821
3822 3820
3824 3823
3824 3825
3822 3824
3826 3822
3828 3827
3828 3829
3830 3828
3832 3831
3832 3833
3830 3832
3826 3830
3818 3826
3834 3818
3836 3835
3836 3837
3838 3836
3840 3839
3840 3841
3838 3840
3842 3838
3844 3843
3845 3844
3847 3846
3847 3848
3845 3847
3842 3845
3849 3842
3851 3850
3851 3852
3853 3851
3855 3854
3855 3856
3853 3855
3857 3853
3859 3858
3859 3860
3861 3859
3863 3862
3863 3864
3861 3863
3857 3861
3849 3857
3834 3849
3804 3834
3741 3804
3623 3741
3865 3623
3866 3865
3379 3866
3867 3379
3872 3873
3874 3872
3875 3874
3877 3876
3877 3878
3879 3877
3881 3880
3881 3882
3879 3881
3883 3879
3885 3884
3885 3886
3887 3885
3889 3888
3889 3890
3887 3889
3883 3887
3891 3883
3893 3892
3894 3893
3896 3895
3896 3897
3894 3896
3898 3894
3900 3899
3900 3901
3902 3900
3904 3903
3904 3905
3902 3904
3898 3902
3891 3898
3906 3891
3908 3907
3908 3909
3910 3908
3912 3911
3912 3913
3910 3912
3914 3910
3916 3915
3916 3917
3918 3916
3920 3919
3920 3921
3918 3920
3914 3918
3922 3914
3924 3923
3924 3925
3926 3924
3928 3927
3928 3929
3926 3928
3930 3926
3932 3931
3932 3933
3934 3932
3936 3935
3936 3937
3934 3936
3930 3934
3922 3930
3906 3922
3875 3906
3938 3875
3940 3939
3940 3941
3942 3940
3944 3943
3944 3945
3942 3944
3946 3942
3948 3947
3950 3949
3950 3951
3948 3950
3946 3948
3952 3946
3954 3953
3954 3955
3956 3954
3958 3957
3958 3959
3956 3958
3960 3956
3962 3961
3962 3963
3964 3962
3966 3965
3966 3967
3964 3966
3960 3964
3952 3960
3968 3952
3970 3969
3970 3971
3972 3970
3974 3973
3974 3975
3972 3974
3976 3972
3978 3977
3979 3978
3981 3980
3981 3982
3979 3981
3976 3979
3983 3976
3984 3985
3983 3984
3968 3983
3986 3968
3988 3987
3988 3989
3990 3988
3992 3991
3992 3993
3990 3992
3994 3990
3996 3995
3996 3997
3998 3996
4000 3999
4000 4001
3998 4000
3994 3998
4002 3994
4004 4003
4004 4005
4006 4004
4008 4007
4008 4009
4006 4008
4010 4006
4012 4011
4012 4013
4014 4012
4010 4014
4002 4010
4015 4002
4017 4016
4017 4018
4019 4017
4021 4020
4021 4022
4019 4021
4023 4019
4023 4024
4025 4023
4027 4026
4027 4028
4029 4027
4030 4031
4029 4030
4032 4029
4033 4034
4032 4033
4025 4032
4015 4025
3986 4015
3938 3986
3871 3938
3870 3871
3869 3870
3868 3869
3867 3868
3378 3867
4035 3378
3377 4035
4036 3377
3376 4036
4037 3376
4038 4037
4039 4038
4040 4039
4041 4040
4053 4054
4055 4053
4057 4056
4057 4058
4055 4057
4059 4055
4061 4060
4061 4062
4063 4061
4064 4065
4063 4064
4059 4063
4066 4059
4068 4067
4068 4069
4070 4068
4072 4071
4072 4073
4070 4072
4074 4070
4076 4075
4076 4077
4078 4076
4080 4079
4080 4081
4078 4080
4074 4078
4066 4074
4082 4066
4083 4082
4052 4083
4084 4052
4051 4084
4050 4051
4049 4050
4048 4049
4047 4048
4085 4047
4086 4085
4046 4086
4045 4046
4087 4045
4044 4087
4043 4044
4042 4043
4041 4042
4088 4041
4089 4088
4090 4089
4091 4090
4092 4091
3375 4092
0 3375
