500 400000
8 7
9 8
9 10
11 9
13 12
13 14
15 13
15 16
11 15
17 11
20 19
20 21
18 20
22 18
24 23
24 25
26 24
28 27
26 28
22 26
17 22
29 17
30 31
32 30
33 34
32 33
35 32
37 36
38 39
37 38
35 37
40 35
29 40
41 29
42 41
43 42
45 44
45 46
47 45
49 48
49 50
47 49
51 47
53 52
53 54
55 53
57 56
57 58
55 57
51 55
59 51
61 60
61 62
63 61
65 64
65 66
63 65
67 63
69 68
69 70
71 69
73 72
73 74
71 73
67 71
59 67
75 59
76 77
78 76
80 79
80 81
78 80
82 78
84 83
84 85
86 84
88 87
88 89
86 88
82 86
90 82
92 91
93 92
95 94
95 96
93 95
97 93
99 98
99 100
101 99
103 102
103 104
101 103
97 101
90 97
75 90
105 75
107 106
107 108
109 107
111 110
111 112
109 111
113 109
115 114
115 116
117 115
119 118
119 120
117 119
113 117
121 113
123 122
123 124
125 123
127 126
127 128
125 127
129 125
131 130
131 132
133 131
135 134
135 136
133 135
129 133
121 129
137 121
139 138
139 140
141 139
143 142
143 144
141 143
145 141
147 146
147 148
149 147
149 150
145 149
151 145
153 152
153 154
155 153
157 156
157 158
155 157
159 155
161 160
161 162
163 161
165 164
165 166
163 165
159 163
151 159
137 151
105 137
167 105
169 168
171 170
171 172
173 171
175 174
175 176
173 175
177 173
179 178
179 180
181 179
183 182
183 184
181 183
177 181
185 177
187 186
187 188
189 187
191 190
191 192
189 191
193 189
195 194
195 196
197 195
199 198
199 200
197 199
193 197
185 193
169 185
201 169
205 204
205 206
207 205
209 208
209 210
207 209
211 207
211 212
203 211
202 203
201 202
167 201
43 167
213 43
214 213
215 214
216 215
220 219
220 221
222 220
224 223
224 225
222 224
226 222
228 227
228 229
230 228
232 231
232 233
230 232
226 230
234 226
236 235
236 237
238 236
240 239
240 241
238 240
242 238
244 243
244 245
246 244
248 247
248 249
246 248
242 246
234 242
250 234
252 251
252 253
254 252
256 255
256 257
254 256
258 254
259 260
261 259
261 262
258 261
263 258
265 264
266 265
268 267
268 269
266 268
270 266
272 271
272 273
274 272
276 275
276 277
274 276
270 274
263 270
250 263
278 250
280 279
280 281
282 280
283 284
282 283
285 282
287 286
287 288
289 287
291 290
291 292
289 291
285 289
293 285
295 294
296 295
298 297
298 299
296 298
300 296
302 301
302 303
304 302
306 305
304 306
300 304
293 300
307 293
309 308
310 309
312 311
312 313
310 312
314 310
316 315
316 317
318 316
320 319
320 321
318 320
314 318
322 314
324 323
324 325
326 324
328 327
326 328
329 326
331 330
331 332
333 331
334 335
333 334
329 333
322 329
307 322
278 307
336 278
337 336
339 338
339 340
341 339
343 342
343 344
341 343
345 341
347 346
347 348
349 347
351 350
351 352
349 351
345 349
353 345
355 354
355 356
357 355
359 358
359 360
357 359
361 357
363 362
363 364
365 363
367 366
367 368
365 367
361 365
353 361
369 353
371 370
371 372
373 371
375 374
375 376
373 375
377 373
378 379
380 378
381 382
380 381
377 380
383 377
384 385
383 384
369 383
386 369
388 387
388 389
390 388
392 391
392 393
390 392
394 390
396 395
398 397
398 399
396 398
394 396
400 394
403 402
401 403
404 401
406 405
406 407
408 406
410 409
410 411
408 410
404 408
400 404
412 400
414 413
414 415
416 414
418 417
418 419
416 418
420 416
422 421
422 423
424 422
426 425
426 427
424 426
420 424
428 420
430 429
430 431
432 430
434 433
434 435
432 434
436 432
438 437
438 439
440 438
442 441
442 443
440 442
436 440
428 436
412 428
386 412
444 386
447 446
447 448
449 447
451 450
451 452
449 451
453 449
455 454
455 456
457 455
457 458
453 457
459 453
461 460
461 462
463 461
465 464
465 466
463 465
467 463
468 469
467 468
459 467
470 459
473 472
473 474
475 473
471 475
476 471
478 477
480 479
480 481
478 480
482 478
484 483
485 484
487 486
487 488
485 487
482 485
476 482
470 476
445 470
444 445
337 444
218 337
489 218
217 489
216 217
6 216
5 6
490 5
491 490
4 491
492 4
3 492
2 3
1 2
493 1
494 493
495 494
496 495
497 496
0 497
498 0
499 498
