113 400000
78 45
67 45
40 67
25 40
54 67
3 54
44 54
70 3
15 25
37 15
11 15
27 11
102 37
110 102
97 110
41 97
31 41
9 11
24 9
87 24
46 24
84 46
109 46
95 27
49 97
101 49
71 49
94 41
29 25
55 29
99 55
22 55
17 99
33 17
75 33
60 33
32 70
63 32
88 63
39 32
51 39
36 88
57 51
19 57
65 19
50 65
26 51
43 26
73 43
21 65
23 50
38 23
100 19
86 100
83 86
69 83
79 86
91 79
92 91
68 92
104 68
53 71
35 53
12 35
34 12
13 35
90 34
89 90
18 89
74 13
20 74
107 20
85 107
5 20
112 5
47 112
105 5
103 105
98 112
16 103
14 16
81 104
58 81
62 58
7 73
77 16
66 77
28 23
93 107
8 93
64 8
52 26
72 52
108 72
48 8
111 48
82 111
4 82
96 4
59 96
76 59
56 76
42 56
2 42
6 2
1 56
10 6
80 1
61 80
106 6
30 61
0 2
