1000 400000
6 5
7 8
6 7
9 6
11 10
11 12
13 11
14 15
13 14
9 13
16 9
18 17
18 19
20 18
22 21
22 23
20 22
24 20
26 25
26 27
28 26
30 29
30 31
28 30
24 28
16 24
32 16
33 32
35 34
35 36
37 35
39 38
39 40
37 39
41 37
43 42
43 44
45 43
47 46
47 48
45 47
41 45
49 41
50 51
52 50
54 53
54 55
52 54
56 52
58 57
58 59
60 58
62 61
60 62
56 60
49 56
63 49
65 64
65 66
67 65
69 68
69 70
67 69
71 67
73 72
73 74
75 73
77 76
77 78
75 77
71 75
79 71
81 80
81 82
83 81
85 84
85 86
83 85
87 83
89 88
89 90
91 89
93 92
93 94
91 93
87 91
79 87
63 79
33 63
95 33
96 97
98 96
99 98
101 100
103 102
103 104
101 103
99 101
105 99
107 106
107 108
109 107
111 110
111 112
109 111
113 109
115 114
115 116
117 115
119 118
117 119
113 117
105 113
120 105
122 121
122 123
124 122
126 125
126 127
124 126
128 124
130 129
130 131
132 130
134 133
134 135
132 134
128 132
136 128
138 137
138 139
140 138
142 141
142 143
140 142
144 140
146 145
146 147
148 146
150 149
150 151
148 150
144 148
136 144
120 136
152 120
154 153
154 155
156 154
157 158
156 157
159 156
161 160
161 162
163 161
165 164
165 166
163 165
159 163
167 159
169 168
169 170
171 169
171 172
173 171
175 174
176 175
178 177
178 179
176 178
173 176
167 173
180 167
182 181
182 183
184 182
186 185
186 187
184 186
188 184
190 189
190 191
192 190
194 193
194 195
192 194
188 192
196 188
197 198
199 197
201 200
201 202
199 201
203 199
206 205
204 206
203 204
196 203
180 196
152 180
95 152
207 95
211 210
209 211
212 209
214 213
214 215
216 214
218 217
218 219
216 218
220 216
222 221
222 223
224 222
224 225
220 224
212 220
226 212
229 228
227 229
230 227
232 231
232 233
234 232
235 236
234 235
230 234
237 230
239 238
239 240
241 239
243 242
243 244
241 243
245 241
247 246
247 248
249 247
251 250
251 252
249 251
245 249
237 245
226 237
208 226
253 208
255 254
255 256
257 255
259 258
259 260
257 259
261 257
263 262
263 264
265 263
267 266
267 268
265 267
261 265
269 261
271 270
271 272
273 271
275 274
275 276
273 275
277 273
279 278
279 280
281 279
283 282
283 284
281 283
277 281
269 277
285 269
288 287
288 289
290 288
292 291
290 292
286 290
293 286
295 294
296 297
295 296
298 295
300 299
300 301
302 300
304 303
304 305
302 304
298 302
293 298
285 293
306 285
308 307
309 308
311 310
311 312
309 311
313 309
315 314
313 315
316 313
318 317
320 319
320 321
318 320
322 318
324 323
325 324
322 325
316 322
326 316
328 327
328 329
330 328
332 331
332 333
330 332
334 330
336 335
336 337
338 336
340 339
340 341
338 340
334 338
342 334
344 343
344 345
346 344
348 347
348 349
346 348
350 346
352 351
352 353
354 352
356 355
356 357
354 356
350 354
342 350
326 342
306 326
253 306
207 253
358 207
359 358
4 359
360 4
361 360
362 361
363 362
3 363
364 3
365 364
2 365
366 2
367 366
368 367
369 368
370 369
1 370
371 1
380 379
380 381
382 380
384 383
384 385
382 384
386 382
388 387
390 389
390 391
388 390
386 388
392 386
393 394
395 393
397 396
397 398
399 397
401 400
401 402
399 401
395 399
392 395
403 392
405 404
405 406
407 405
409 408
409 410
407 409
411 407
413 412
413 414
415 413
411 415
416 411
403 416
417 403
419 420
421 419
423 422
423 424
421 423
425 421
427 426
427 428
429 427
431 430
431 432
429 431
425 429
433 425
435 434
435 436
437 435
439 438
439 440
437 439
441 437
443 442
443 444
445 443
447 446
447 448
445 447
441 445
433 441
418 433
417 418
449 417
450 449
451 450
378 451
452 378
453 452
377 453
454 377
376 454
375 376
455 375
456 455
374 456
457 374
458 457
459 458
373 459
372 373
460 372
371 460
0 371
461 0
473 472
473 474
475 473
477 476
477 478
475 477
479 475
481 480
481 482
483 481
485 484
485 486
483 485
479 483
487 479
489 488
489 490
491 489
493 492
493 494
491 493
495 491
497 496
497 498
499 497
501 500
501 502
499 501
495 499
487 495
503 487
505 504
505 506
507 505
509 508
509 510
507 509
511 507
513 512
513 514
515 513
517 516
517 518
515 517
511 515
519 511
521 520
521 522
523 521
525 524
525 526
523 525
527 523
529 528
529 530
531 529
533 532
533 534
531 533
527 531
519 527
503 519
535 503
537 536
537 538
539 537
541 540
541 542
539 541
543 539
545 544
545 546
547 545
549 548
549 550
547 549
543 547
551 543
553 552
553 554
555 553
557 556
555 557
558 555
560 559
560 561
562 560
564 563
564 565
562 564
558 562
551 558
566 551
568 567
568 569
570 568
572 571
572 573
570 572
574 570
575 576
577 575
579 578
579 580
577 579
574 577
581 574
583 582
583 584
585 583
587 586
587 588
585 587
589 585
591 590
592 591
594 593
594 595
592 594
589 592
581 589
566 581
535 566
596 535
598 597
598 599
600 598
601 602
600 601
603 600
605 604
605 606
607 605
609 608
609 610
607 609
603 607
611 603
613 612
613 614
615 613
615 616
617 615
619 618
619 620
621 619
623 622
623 624
621 623
617 621
611 617
625 611
627 626
627 628
629 627
631 630
631 632
629 631
633 629
635 634
635 636
637 635
638 639
637 638
633 637
640 633
642 641
642 643
644 642
646 645
646 647
644 646
648 644
650 649
651 650
653 652
653 654
651 653
648 651
640 648
625 640
655 625
657 656
657 658
659 657
661 660
661 662
659 661
663 659
665 664
665 666
667 665
669 668
669 670
667 669
663 667
671 663
673 672
673 674
675 673
677 676
677 678
675 677
679 675
681 680
681 682
683 681
685 684
685 686
683 685
679 683
671 679
687 671
689 688
689 690
691 689
693 692
693 694
691 693
695 691
697 696
697 698
699 697
700 701
699 700
695 699
702 695
704 703
704 705
706 704
708 707
708 709
706 708
710 706
712 711
712 713
714 712
716 715
716 717
714 716
710 714
702 710
687 702
655 687
596 655
718 596
721 722
720 721
723 720
724 723
726 725
726 727
728 726
730 729
730 731
728 730
732 728
734 733
734 735
736 734
736 737
732 736
724 732
738 724
739 738
719 739
718 719
471 718
740 471
470 740
469 470
741 469
746 745
746 747
748 746
750 749
748 750
751 748
753 752
753 754
755 753
755 756
751 755
757 751
759 758
760 759
762 761
760 762
763 760
765 764
766 765
763 766
757 763
767 757
769 768
770 769
772 771
772 773
770 772
774 770
774 775
776 774
778 777
779 778
781 780
781 782
779 781
783 779
785 784
785 786
787 785
789 788
789 790
787 789
783 787
776 783
767 776
791 767
794 793
795 796
794 795
797 794
798 797
800 799
801 800
803 802
803 804
801 803
805 801
807 806
807 808
809 807
810 811
809 810
805 809
798 805
792 798
791 792
744 791
743 744
812 743
813 812
742 813
814 742
741 814
468 741
467 468
815 467
466 815
465 466
816 465
464 816
817 464
818 817
819 818
831 830
829 831
832 829
833 832
835 834
835 836
837 835
839 838
839 840
837 839
841 837
843 842
844 843
846 845
846 847
844 846
841 844
833 841
848 833
850 849
850 851
852 850
854 853
854 855
852 854
856 852
858 857
858 859
860 858
862 861
862 863
860 862
856 860
864 856
866 865
866 867
868 866
870 869
870 871
868 870
872 868
874 873
874 875
876 874
878 877
876 878
872 876
864 872
848 864
828 848
879 828
827 879
880 827
826 880
825 826
881 825
886 885
886 887
888 886
890 889
890 891
888 890
892 888
894 893
894 895
896 894
898 897
898 899
896 898
892 896
900 892
902 901
902 903
904 902
906 905
906 907
904 906
908 904
910 909
910 911
912 910
914 913
912 914
908 912
900 908
915 900
916 917
918 916
920 919
920 921
918 920
922 918
924 923
924 925
926 924
927 928
926 927
922 926
929 922
931 930
931 932
933 931
935 934
935 936
933 935
937 933
939 938
939 940
941 939
943 942
943 944
941 943
937 941
929 937
915 929
945 915
947 946
948 947
950 949
950 951
948 950
952 948
954 953
955 956
954 955
952 954
957 952
958 959
960 958
962 961
960 962
963 960
965 964
965 966
967 965
968 969
967 968
963 967
957 963
970 957
972 971
973 972
974 973
976 975
976 977
978 976
980 979
980 981
978 980
982 978
984 983
984 985
986 984
988 987
988 989
986 988
982 986
974 982
970 974
945 970
884 945
883 884
990 883
991 990
882 991
881 882
824 881
823 824
822 823
992 822
821 992
993 821
994 993
995 994
996 995
820 996
819 820
463 819
462 463
997 462
998 997
461 998
999 461
