6956 400000
1 0
2 0
3 1
4 1
5 2
6 2
7 3
8 3
9 4
10 4
11 5
12 5
13 6
14 6
15 7
16 7
17 8
18 8
19 9
20 9
21 10
22 10
23 11
24 11
25 12
26 12
27 13
28 13
29 14
30 14
31 15
32 15
33 16
34 16
35 17
36 17
37 18
38 18
39 19
40 19
41 20
42 20
43 21
44 21
45 22
46 22
47 23
48 23
49 24
50 24
51 25
52 25
53 26
54 26
55 27
56 27
57 28
58 28
59 29
60 29
61 30
62 30
63 31
64 31
65 32
66 32
67 33
68 33
69 34
70 34
71 35
72 35
73 36
74 36
75 37
76 37
77 38
78 38
79 39
80 39
81 40
82 40
83 41
84 41
85 42
86 42
87 43
88 43
89 44
90 44
91 45
92 45
93 46
94 46
95 47
96 47
97 48
98 48
99 49
100 49
101 50
102 50
103 51
104 51
105 52
106 52
107 53
108 53
109 54
110 54
111 55
112 55
113 56
114 56
115 57
116 57
117 58
118 58
119 59
120 59
121 60
122 60
123 61
124 61
125 62
126 62
127 63
128 63
129 64
130 64
131 65
132 65
133 66
134 66
135 67
136 67
137 68
138 68
139 69
140 69
141 70
142 70
143 71
144 71
145 72
146 72
147 73
148 73
149 74
150 74
151 75
152 75
153 76
154 76
155 77
156 77
157 78
158 78
159 79
160 79
161 80
162 80
163 81
164 81
165 82
166 82
167 83
168 83
169 84
170 84
171 85
172 85
173 86
174 86
175 87
176 87
177 88
178 88
179 89
180 89
181 90
182 90
183 91
184 91
185 92
186 92
187 93
188 93
189 94
190 94
191 95
192 95
193 96
194 96
195 97
196 97
197 98
198 98
199 99
200 99
201 100
202 100
203 101
204 101
205 102
206 102
207 103
208 103
209 104
210 104
211 105
212 105
213 106
214 106
215 107
216 107
217 108
218 108
219 109
220 109
221 110
222 110
223 111
224 111
225 112
226 112
227 113
228 113
229 114
230 114
231 115
232 115
233 116
234 116
235 117
236 117
237 118
238 118
239 119
240 119
241 120
242 120
243 121
244 121
245 122
246 122
247 123
248 123
249 124
250 124
251 125
252 125
253 126
254 126
255 127
256 127
257 128
258 128
259 129
260 129
261 130
262 130
263 131
264 131
265 132
266 132
267 133
268 133
269 134
270 134
271 135
272 135
273 136
274 136
275 137
276 137
277 138
278 138
279 139
280 139
281 140
282 140
283 141
284 141
285 142
286 142
287 143
288 143
289 144
290 144
291 145
292 145
293 146
294 146
295 147
296 147
297 148
298 148
299 149
300 149
301 150
302 150
303 151
304 151
305 152
306 152
307 153
308 153
309 154
310 154
311 155
312 155
313 156
314 156
315 157
316 157
317 158
318 158
319 159
320 159
321 160
322 160
323 161
324 161
325 162
326 162
327 163
328 163
329 164
330 164
331 165
332 165
333 166
334 166
335 167
336 167
337 168
338 168
339 169
340 169
341 170
342 170
343 171
344 171
345 172
346 172
347 173
348 173
349 174
350 174
351 175
352 175
353 176
354 176
355 177
356 177
357 178
358 178
359 179
360 179
361 180
362 180
363 181
364 181
365 182
366 182
367 183
368 183
369 184
370 184
371 185
372 185
373 186
374 186
375 187
376 187
377 188
378 188
379 189
380 189
381 190
382 190
383 191
384 191
385 192
386 192
387 193
388 193
389 194
390 194
391 195
392 195
393 196
394 196
395 197
396 197
397 198
398 198
399 199
400 199
401 200
402 200
403 201
404 201
405 202
406 202
407 203
408 203
409 204
410 204
411 205
412 205
413 206
414 206
415 207
416 207
417 208
418 208
419 209
420 209
421 210
422 210
423 211
424 211
425 212
426 212
427 213
428 213
429 214
430 214
431 215
432 215
433 216
434 216
435 217
436 217
437 218
438 218
439 219
440 219
441 220
442 220
443 221
444 221
445 222
446 222
447 223
448 223
449 224
450 224
451 225
452 225
453 226
454 226
455 227
456 227
457 228
458 228
459 229
460 229
461 230
462 230
463 231
464 231
465 232
466 232
467 233
468 233
469 234
470 234
471 235
472 235
473 236
474 236
475 237
476 237
477 238
478 238
479 239
480 239
481 240
482 240
483 241
484 241
485 242
486 242
487 243
488 243
489 244
490 244
491 245
492 245
493 246
494 246
495 247
496 247
497 248
498 248
499 249
500 249
501 250
502 250
503 251
504 251
505 252
506 252
507 253
508 253
509 254
510 254
511 255
512 255
513 256
514 256
515 257
516 257
517 258
518 258
519 259
520 259
521 260
522 260
523 261
524 261
525 262
526 262
527 263
528 263
529 264
530 264
531 265
532 265
533 266
534 266
535 267
536 267
537 268
538 268
539 269
540 269
541 270
542 270
543 271
544 271
545 272
546 272
547 273
548 273
549 274
550 274
551 275
552 275
553 276
554 276
555 277
556 277
557 278
558 278
559 279
560 279
561 280
562 280
563 281
564 281
565 282
566 282
567 283
568 283
569 284
570 284
571 285
572 285
573 286
574 286
575 287
576 287
577 288
578 288
579 289
580 289
581 290
582 290
583 291
584 291
585 292
586 292
587 293
588 293
589 294
590 294
591 295
592 295
593 296
594 296
595 297
596 297
597 298
598 298
599 299
600 299
601 300
602 300
603 301
604 301
605 302
606 302
607 303
608 303
609 304
610 304
611 305
612 305
613 306
614 306
615 307
616 307
617 308
618 308
619 309
620 309
621 310
622 310
623 311
624 311
625 312
626 312
627 313
628 313
629 314
630 314
631 315
632 315
633 316
634 316
635 317
636 317
637 318
638 318
639 319
640 319
641 320
642 320
643 321
644 321
645 322
646 322
647 323
648 323
649 324
650 324
651 325
652 325
653 326
654 326
655 327
656 327
657 328
658 328
659 329
660 329
661 330
662 330
663 331
664 331
665 332
666 332
667 333
668 333
669 334
670 334
671 335
672 335
673 336
674 336
675 337
676 337
677 338
678 338
679 339
680 339
681 340
682 340
683 341
684 341
685 342
686 342
687 343
688 343
689 344
690 344
691 345
692 345
693 346
694 346
695 347
696 347
697 348
698 348
699 349
700 349
701 350
702 350
703 351
704 351
705 352
706 352
707 353
708 353
709 354
710 354
711 355
712 355
713 356
714 356
715 357
716 357
717 358
718 358
719 359
720 359
721 360
722 360
723 361
724 361
725 362
726 362
727 363
728 363
729 364
730 364
731 365
732 365
733 366
734 366
735 367
736 367
737 368
738 368
739 369
740 369
741 370
742 370
743 371
744 371
745 372
746 372
747 373
748 373
749 374
750 374
751 375
752 375
753 376
754 376
755 377
756 377
757 378
758 378
759 379
760 379
761 380
762 380
763 381
764 381
765 382
766 382
767 383
768 383
769 384
770 384
771 385
772 385
773 386
774 386
775 387
776 387
777 388
778 388
779 389
780 389
781 390
782 390
783 391
784 391
785 392
786 392
787 393
788 393
789 394
790 394
791 395
792 395
793 396
794 396
795 397
796 397
797 398
798 398
799 399
800 399
801 400
802 400
803 401
804 401
805 402
806 402
807 403
808 403
809 404
810 404
811 405
812 405
813 406
814 406
815 407
816 407
817 408
818 408
819 409
820 409
821 410
822 410
823 411
824 411
825 412
826 412
827 413
828 413
829 414
830 414
831 415
832 415
833 416
834 416
835 417
836 417
837 418
838 418
839 419
840 419
841 420
842 420
843 421
844 421
845 422
846 422
847 423
848 423
849 424
850 424
851 425
852 425
853 426
854 426
855 427
856 427
857 428
858 428
859 429
860 429
861 430
862 430
863 431
864 431
865 432
866 432
867 433
868 433
869 434
870 434
871 435
872 435
873 436
874 436
875 437
876 437
877 438
878 438
879 439
880 439
881 440
882 440
883 441
884 441
885 442
886 442
887 443
888 443
889 444
890 444
891 445
892 445
893 446
894 446
895 447
896 447
897 448
898 448
899 449
900 449
901 450
902 450
903 451
904 451
905 452
906 452
907 453
908 453
909 454
910 454
911 455
912 455
913 456
914 456
915 457
916 457
917 458
918 458
919 459
920 459
921 460
922 460
923 461
924 461
925 462
926 462
927 463
928 463
929 464
930 464
931 465
932 465
933 466
934 466
935 467
936 467
937 468
938 468
939 469
940 469
941 470
942 470
943 471
944 471
945 472
946 472
947 473
948 473
949 474
950 474
951 475
952 475
953 476
954 476
955 477
956 477
957 478
958 478
959 479
960 479
961 480
962 480
963 481
964 481
965 482
966 482
967 483
968 483
969 484
970 484
971 485
972 485
973 486
974 486
975 487
976 487
977 488
978 488
979 489
980 489
981 490
982 490
983 491
984 491
985 492
986 492
987 493
988 493
989 494
990 494
991 495
992 495
993 496
994 496
995 497
996 497
997 498
998 498
999 499
1000 499
1001 500
1002 500
1003 501
1004 501
1005 502
1006 502
1007 503
1008 503
1009 504
1010 504
1011 505
1012 505
1013 506
1014 506
1015 507
1016 507
1017 508
1018 508
1019 509
1020 509
1021 510
1022 510
1023 511
1024 511
1025 512
1026 512
1027 513
1028 513
1029 514
1030 514
1031 515
1032 515
1033 516
1034 516
1035 517
1036 517
1037 518
1038 518
1039 519
1040 519
1041 520
1042 520
1043 521
1044 521
1045 522
1046 522
1047 523
1048 523
1049 524
1050 524
1051 525
1052 525
1053 526
1054 526
1055 527
1056 527
1057 528
1058 528
1059 529
1060 529
1061 530
1062 530
1063 531
1064 531
1065 532
1066 532
1067 533
1068 533
1069 534
1070 534
1071 535
1072 535
1073 536
1074 536
1075 537
1076 537
1077 538
1078 538
1079 539
1080 539
1081 540
1082 540
1083 541
1084 541
1085 542
1086 542
1087 543
1088 543
1089 544
1090 544
1091 545
1092 545
1093 546
1094 546
1095 547
1096 547
1097 548
1098 548
1099 549
1100 549
1101 550
1102 550
1103 551
1104 551
1105 552
1106 552
1107 553
1108 553
1109 554
1110 554
1111 555
1112 555
1113 556
1114 556
1115 557
1116 557
1117 558
1118 558
1119 559
1120 559
1121 560
1122 560
1123 561
1124 561
1125 562
1126 562
1127 563
1128 563
1129 564
1130 564
1131 565
1132 565
1133 566
1134 566
1135 567
1136 567
1137 568
1138 568
1139 569
1140 569
1141 570
1142 570
1143 571
1144 571
1145 572
1146 572
1147 573
1148 573
1149 574
1150 574
1151 575
1152 575
1153 576
1154 576
1155 577
1156 577
1157 578
1158 578
1159 579
1160 579
1161 580
1162 580
1163 581
1164 581
1165 582
1166 582
1167 583
1168 583
1169 584
1170 584
1171 585
1172 585
1173 586
1174 586
1175 587
1176 587
1177 588
1178 588
1179 589
1180 589
1181 590
1182 590
1183 591
1184 591
1185 592
1186 592
1187 593
1188 593
1189 594
1190 594
1191 595
1192 595
1193 596
1194 596
1195 597
1196 597
1197 598
1198 598
1199 599
1200 599
1201 600
1202 600
1203 601
1204 601
1205 602
1206 602
1207 603
1208 603
1209 604
1210 604
1211 605
1212 605
1213 606
1214 606
1215 607
1216 607
1217 608
1218 608
1219 609
1220 609
1221 610
1222 610
1223 611
1224 611
1225 612
1226 612
1227 613
1228 613
1229 614
1230 614
1231 615
1232 615
1233 616
1234 616
1235 617
1236 617
1237 618
1238 618
1239 619
1240 619
1241 620
1242 620
1243 621
1244 621
1245 622
1246 622
1247 623
1248 623
1249 624
1250 624
1251 625
1252 625
1253 626
1254 626
1255 627
1256 627
1257 628
1258 628
1259 629
1260 629
1261 630
1262 630
1263 631
1264 631
1265 632
1266 632
1267 633
1268 633
1269 634
1270 634
1271 635
1272 635
1273 636
1274 636
1275 637
1276 637
1277 638
1278 638
1279 639
1280 639
1281 640
1282 640
1283 641
1284 641
1285 642
1286 642
1287 643
1288 643
1289 644
1290 644
1291 645
1292 645
1293 646
1294 646
1295 647
1296 647
1297 648
1298 648
1299 649
1300 649
1301 650
1302 650
1303 651
1304 651
1305 652
1306 652
1307 653
1308 653
1309 654
1310 654
1311 655
1312 655
1313 656
1314 656
1315 657
1316 657
1317 658
1318 658
1319 659
1320 659
1321 660
1322 660
1323 661
1324 661
1325 662
1326 662
1327 663
1328 663
1329 664
1330 664
1331 665
1332 665
1333 666
1334 666
1335 667
1336 667
1337 668
1338 668
1339 669
1340 669
1341 670
1342 670
1343 671
1344 671
1345 672
1346 672
1347 673
1348 673
1349 674
1350 674
1351 675
1352 675
1353 676
1354 676
1355 677
1356 677
1357 678
1358 678
1359 679
1360 679
1361 680
1362 680
1363 681
1364 681
1365 682
1366 682
1367 683
1368 683
1369 684
1370 684
1371 685
1372 685
1373 686
1374 686
1375 687
1376 687
1377 688
1378 688
1379 689
1380 689
1381 690
1382 690
1383 691
1384 691
1385 692
1386 692
1387 693
1388 693
1389 694
1390 694
1391 695
1392 695
1393 696
1394 696
1395 697
1396 697
1397 698
1398 698
1399 699
1400 699
1401 700
1402 700
1403 701
1404 701
1405 702
1406 702
1407 703
1408 703
1409 704
1410 704
1411 705
1412 705
1413 706
1414 706
1415 707
1416 707
1417 708
1418 708
1419 709
1420 709
1421 710
1422 710
1423 711
1424 711
1425 712
1426 712
1427 713
1428 713
1429 714
1430 714
1431 715
1432 715
1433 716
1434 716
1435 717
1436 717
1437 718
1438 718
1439 719
1440 719
1441 720
1442 720
1443 721
1444 721
1445 722
1446 722
1447 723
1448 723
1449 724
1450 724
1451 725
1452 725
1453 726
1454 726
1455 727
1456 727
1457 728
1458 728
1459 729
1460 729
1461 730
1462 730
1463 731
1464 731
1465 732
1466 732
1467 733
1468 733
1469 734
1470 734
1471 735
1472 735
1473 736
1474 736
1475 737
1476 737
1477 738
1478 738
1479 739
1480 739
1481 740
1482 740
1483 741
1484 741
1485 742
1486 742
1487 743
1488 743
1489 744
1490 744
1491 745
1492 745
1493 746
1494 746
1495 747
1496 747
1497 748
1498 748
1499 749
1500 749
1501 750
1502 750
1503 751
1504 751
1505 752
1506 752
1507 753
1508 753
1509 754
1510 754
1511 755
1512 755
1513 756
1514 756
1515 757
1516 757
1517 758
1518 758
1519 759
1520 759
1521 760
1522 760
1523 761
1524 761
1525 762
1526 762
1527 763
1528 763
1529 764
1530 764
1531 765
1532 765
1533 766
1534 766
1535 767
1536 767
1537 768
1538 768
1539 769
1540 769
1541 770
1542 770
1543 771
1544 771
1545 772
1546 772
1547 773
1548 773
1549 774
1550 774
1551 775
1552 775
1553 776
1554 776
1555 777
1556 777
1557 778
1558 778
1559 779
1560 779
1561 780
1562 780
1563 781
1564 781
1565 782
1566 782
1567 783
1568 783
1569 784
1570 784
1571 785
1572 785
1573 786
1574 786
1575 787
1576 787
1577 788
1578 788
1579 789
1580 789
1581 790
1582 790
1583 791
1584 791
1585 792
1586 792
1587 793
1588 793
1589 794
1590 794
1591 795
1592 795
1593 796
1594 796
1595 797
1596 797
1597 798
1598 798
1599 799
1600 799
1601 800
1602 800
1603 801
1604 801
1605 802
1606 802
1607 803
1608 803
1609 804
1610 804
1611 805
1612 805
1613 806
1614 806
1615 807
1616 807
1617 808
1618 808
1619 809
1620 809
1621 810
1622 810
1623 811
1624 811
1625 812
1626 812
1627 813
1628 813
1629 814
1630 814
1631 815
1632 815
1633 816
1634 816
1635 817
1636 817
1637 818
1638 818
1639 819
1640 819
1641 820
1642 820
1643 821
1644 821
1645 822
1646 822
1647 823
1648 823
1649 824
1650 824
1651 825
1652 825
1653 826
1654 826
1655 827
1656 827
1657 828
1658 828
1659 829
1660 829
1661 830
1662 830
1663 831
1664 831
1665 832
1666 832
1667 833
1668 833
1669 834
1670 834
1671 835
1672 835
1673 836
1674 836
1675 837
1676 837
1677 838
1678 838
1679 839
1680 839
1681 840
1682 840
1683 841
1684 841
1685 842
1686 842
1687 843
1688 843
1689 844
1690 844
1691 845
1692 845
1693 846
1694 846
1695 847
1696 847
1697 848
1698 848
1699 849
1700 849
1701 850
1702 850
1703 851
1704 851
1705 852
1706 852
1707 853
1708 853
1709 854
1710 854
1711 855
1712 855
1713 856
1714 856
1715 857
1716 857
1717 858
1718 858
1719 859
1720 859
1721 860
1722 860
1723 861
1724 861
1725 862
1726 862
1727 863
1728 863
1729 864
1730 864
1731 865
1732 865
1733 866
1734 866
1735 867
1736 867
1737 868
1738 868
1739 869
1740 869
1741 870
1742 870
1743 871
1744 871
1745 872
1746 872
1747 873
1748 873
1749 874
1750 874
1751 875
1752 875
1753 876
1754 876
1755 877
1756 877
1757 878
1758 878
1759 879
1760 879
1761 880
1762 880
1763 881
1764 881
1765 882
1766 882
1767 883
1768 883
1769 884
1770 884
1771 885
1772 885
1773 886
1774 886
1775 887
1776 887
1777 888
1778 888
1779 889
1780 889
1781 890
1782 890
1783 891
1784 891
1785 892
1786 892
1787 893
1788 893
1789 894
1790 894
1791 895
1792 895
1793 896
1794 896
1795 897
1796 897
1797 898
1798 898
1799 899
1800 899
1801 900
1802 900
1803 901
1804 901
1805 902
1806 902
1807 903
1808 903
1809 904
1810 904
1811 905
1812 905
1813 906
1814 906
1815 907
1816 907
1817 908
1818 908
1819 909
1820 909
1821 910
1822 910
1823 911
1824 911
1825 912
1826 912
1827 913
1828 913
1829 914
1830 914
1831 915
1832 915
1833 916
1834 916
1835 917
1836 917
1837 918
1838 918
1839 919
1840 919
1841 920
1842 920
1843 921
1844 921
1845 922
1846 922
1847 923
1848 923
1849 924
1850 924
1851 925
1852 925
1853 926
1854 926
1855 927
1856 927
1857 928
1858 928
1859 929
1860 929
1861 930
1862 930
1863 931
1864 931
1865 932
1866 932
1867 933
1868 933
1869 934
1870 934
1871 935
1872 935
1873 936
1874 936
1875 937
1876 937
1877 938
1878 938
1879 939
1880 939
1881 940
1882 940
1883 941
1884 941
1885 942
1886 942
1887 943
1888 943
1889 944
1890 944
1891 945
1892 945
1893 946
1894 946
1895 947
1896 947
1897 948
1898 948
1899 949
1900 949
1901 950
1902 950
1903 951
1904 951
1905 952
1906 952
1907 953
1908 953
1909 954
1910 954
1911 955
1912 955
1913 956
1914 956
1915 957
1916 957
1917 958
1918 958
1919 959
1920 959
1921 960
1922 960
1923 961
1924 961
1925 962
1926 962
1927 963
1928 963
1929 964
1930 964
1931 965
1932 965
1933 966
1934 966
1935 967
1936 967
1937 968
1938 968
1939 969
1940 969
1941 970
1942 970
1943 971
1944 971
1945 972
1946 972
1947 973
1948 973
1949 974
1950 974
1951 975
1952 975
1953 976
1954 976
1955 977
1956 977
1957 978
1958 978
1959 979
1960 979
1961 980
1962 980
1963 981
1964 981
1965 982
1966 982
1967 983
1968 983
1969 984
1970 984
1971 985
1972 985
1973 986
1974 986
1975 987
1976 987
1977 988
1978 988
1979 989
1980 989
1981 990
1982 990
1983 991
1984 991
1985 992
1986 992
1987 993
1988 993
1989 994
1990 994
1991 995
1992 995
1993 996
1994 996
1995 997
1996 997
1997 998
1998 998
1999 999
2000 999
2001 1000
2002 1000
2003 1001
2004 1001
2005 1002
2006 1002
2007 1003
2008 1003
2009 1004
2010 1004
2011 1005
2012 1005
2013 1006
2014 1006
2015 1007
2016 1007
2017 1008
2018 1008
2019 1009
2020 1009
2021 1010
2022 1010
2023 1011
2024 1011
2025 1012
2026 1012
2027 1013
2028 1013
2029 1014
2030 1014
2031 1015
2032 1015
2033 1016
2034 1016
2035 1017
2036 1017
2037 1018
2038 1018
2039 1019
2040 1019
2041 1020
2042 1020
2043 1021
2044 1021
2045 1022
2046 1022
2047 1023
2048 1023
2049 1024
2050 1024
2051 1025
2052 1025
2053 1026
2054 1026
2055 1027
2056 1027
2057 1028
2058 1028
2059 1029
2060 1029
2061 1030
2062 1030
2063 1031
2064 1031
2065 1032
2066 1032
2067 1033
2068 1033
2069 1034
2070 1034
2071 1035
2072 1035
2073 1036
2074 1036
2075 1037
2076 1037
2077 1038
2078 1038
2079 1039
2080 1039
2081 1040
2082 1040
2083 1041
2084 1041
2085 1042
2086 1042
2087 1043
2088 1043
2089 1044
2090 1044
2091 1045
2092 1045
2093 1046
2094 1046
2095 1047
2096 1047
2097 1048
2098 1048
2099 1049
2100 1049
2101 1050
2102 1050
2103 1051
2104 1051
2105 1052
2106 1052
2107 1053
2108 1053
2109 1054
2110 1054
2111 1055
2112 1055
2113 1056
2114 1056
2115 1057
2116 1057
2117 1058
2118 1058
2119 1059
2120 1059
2121 1060
2122 1060
2123 1061
2124 1061
2125 1062
2126 1062
2127 1063
2128 1063
2129 1064
2130 1064
2131 1065
2132 1065
2133 1066
2134 1066
2135 1067
2136 1067
2137 1068
2138 1068
2139 1069
2140 1069
2141 1070
2142 1070
2143 1071
2144 1071
2145 1072
2146 1072
2147 1073
2148 1073
2149 1074
2150 1074
2151 1075
2152 1075
2153 1076
2154 1076
2155 1077
2156 1077
2157 1078
2158 1078
2159 1079
2160 1079
2161 1080
2162 1080
2163 1081
2164 1081
2165 1082
2166 1082
2167 1083
2168 1083
2169 1084
2170 1084
2171 1085
2172 1085
2173 1086
2174 1086
2175 1087
2176 1087
2177 1088
2178 1088
2179 1089
2180 1089
2181 1090
2182 1090
2183 1091
2184 1091
2185 1092
2186 1092
2187 1093
2188 1093
2189 1094
2190 1094
2191 1095
2192 1095
2193 1096
2194 1096
2195 1097
2196 1097
2197 1098
2198 1098
2199 1099
2200 1099
2201 1100
2202 1100
2203 1101
2204 1101
2205 1102
2206 1102
2207 1103
2208 1103
2209 1104
2210 1104
2211 1105
2212 1105
2213 1106
2214 1106
2215 1107
2216 1107
2217 1108
2218 1108
2219 1109
2220 1109
2221 1110
2222 1110
2223 1111
2224 1111
2225 1112
2226 1112
2227 1113
2228 1113
2229 1114
2230 1114
2231 1115
2232 1115
2233 1116
2234 1116
2235 1117
2236 1117
2237 1118
2238 1118
2239 1119
2240 1119
2241 1120
2242 1120
2243 1121
2244 1121
2245 1122
2246 1122
2247 1123
2248 1123
2249 1124
2250 1124
2251 1125
2252 1125
2253 1126
2254 1126
2255 1127
2256 1127
2257 1128
2258 1128
2259 1129
2260 1129
2261 1130
2262 1130
2263 1131
2264 1131
2265 1132
2266 1132
2267 1133
2268 1133
2269 1134
2270 1134
2271 1135
2272 1135
2273 1136
2274 1136
2275 1137
2276 1137
2277 1138
2278 1138
2279 1139
2280 1139
2281 1140
2282 1140
2283 1141
2284 1141
2285 1142
2286 1142
2287 1143
2288 1143
2289 1144
2290 1144
2291 1145
2292 1145
2293 1146
2294 1146
2295 1147
2296 1147
2297 1148
2298 1148
2299 1149
2300 1149
2301 1150
2302 1150
2303 1151
2304 1151
2305 1152
2306 1152
2307 1153
2308 1153
2309 1154
2310 1154
2311 1155
2312 1155
2313 1156
2314 1156
2315 1157
2316 1157
2317 1158
2318 1158
2319 1159
2320 1159
2321 1160
2322 1160
2323 1161
2324 1161
2325 1162
2326 1162
2327 1163
2328 1163
2329 1164
2330 1164
2331 1165
2332 1165
2333 1166
2334 1166
2335 1167
2336 1167
2337 1168
2338 1168
2339 1169
2340 1169
2341 1170
2342 1170
2343 1171
2344 1171
2345 1172
2346 1172
2347 1173
2348 1173
2349 1174
2350 1174
2351 1175
2352 1175
2353 1176
2354 1176
2355 1177
2356 1177
2357 1178
2358 1178
2359 1179
2360 1179
2361 1180
2362 1180
2363 1181
2364 1181
2365 1182
2366 1182
2367 1183
2368 1183
2369 1184
2370 1184
2371 1185
2372 1185
2373 1186
2374 1186
2375 1187
2376 1187
2377 1188
2378 1188
2379 1189
2380 1189
2381 1190
2382 1190
2383 1191
2384 1191
2385 1192
2386 1192
2387 1193
2388 1193
2389 1194
2390 1194
2391 1195
2392 1195
2393 1196
2394 1196
2395 1197
2396 1197
2397 1198
2398 1198
2399 1199
2400 1199
2401 1200
2402 1200
2403 1201
2404 1201
2405 1202
2406 1202
2407 1203
2408 1203
2409 1204
2410 1204
2411 1205
2412 1205
2413 1206
2414 1206
2415 1207
2416 1207
2417 1208
2418 1208
2419 1209
2420 1209
2421 1210
2422 1210
2423 1211
2424 1211
2425 1212
2426 1212
2427 1213
2428 1213
2429 1214
2430 1214
2431 1215
2432 1215
2433 1216
2434 1216
2435 1217
2436 1217
2437 1218
2438 1218
2439 1219
2440 1219
2441 1220
2442 1220
2443 1221
2444 1221
2445 1222
2446 1222
2447 1223
2448 1223
2449 1224
2450 1224
2451 1225
2452 1225
2453 1226
2454 1226
2455 1227
2456 1227
2457 1228
2458 1228
2459 1229
2460 1229
2461 1230
2462 1230
2463 1231
2464 1231
2465 1232
2466 1232
2467 1233
2468 1233
2469 1234
2470 1234
2471 1235
2472 1235
2473 1236
2474 1236
2475 1237
2476 1237
2477 1238
2478 1238
2479 1239
2480 1239
2481 1240
2482 1240
2483 1241
2484 1241
2485 1242
2486 1242
2487 1243
2488 1243
2489 1244
2490 1244
2491 1245
2492 1245
2493 1246
2494 1246
2495 1247
2496 1247
2497 1248
2498 1248
2499 1249
2500 1249
2501 1250
2502 1250
2503 1251
2504 1251
2505 1252
2506 1252
2507 1253
2508 1253
2509 1254
2510 1254
2511 1255
2512 1255
2513 1256
2514 1256
2515 1257
2516 1257
2517 1258
2518 1258
2519 1259
2520 1259
2521 1260
2522 1260
2523 1261
2524 1261
2525 1262
2526 1262
2527 1263
2528 1263
2529 1264
2530 1264
2531 1265
2532 1265
2533 1266
2534 1266
2535 1267
2536 1267
2537 1268
2538 1268
2539 1269
2540 1269
2541 1270
2542 1270
2543 1271
2544 1271
2545 1272
2546 1272
2547 1273
2548 1273
2549 1274
2550 1274
2551 1275
2552 1275
2553 1276
2554 1276
2555 1277
2556 1277
2557 1278
2558 1278
2559 1279
2560 1279
2561 1280
2562 1280
2563 1281
2564 1281
2565 1282
2566 1282
2567 1283
2568 1283
2569 1284
2570 1284
2571 1285
2572 1285
2573 1286
2574 1286
2575 1287
2576 1287
2577 1288
2578 1288
2579 1289
2580 1289
2581 1290
2582 1290
2583 1291
2584 1291
2585 1292
2586 1292
2587 1293
2588 1293
2589 1294
2590 1294
2591 1295
2592 1295
2593 1296
2594 1296
2595 1297
2596 1297
2597 1298
2598 1298
2599 1299
2600 1299
2601 1300
2602 1300
2603 1301
2604 1301
2605 1302
2606 1302
2607 1303
2608 1303
2609 1304
2610 1304
2611 1305
2612 1305
2613 1306
2614 1306
2615 1307
2616 1307
2617 1308
2618 1308
2619 1309
2620 1309
2621 1310
2622 1310
2623 1311
2624 1311
2625 1312
2626 1312
2627 1313
2628 1313
2629 1314
2630 1314
2631 1315
2632 1315
2633 1316
2634 1316
2635 1317
2636 1317
2637 1318
2638 1318
2639 1319
2640 1319
2641 1320
2642 1320
2643 1321
2644 1321
2645 1322
2646 1322
2647 1323
2648 1323
2649 1324
2650 1324
2651 1325
2652 1325
2653 1326
2654 1326
2655 1327
2656 1327
2657 1328
2658 1328
2659 1329
2660 1329
2661 1330
2662 1330
2663 1331
2664 1331
2665 1332
2666 1332
2667 1333
2668 1333
2669 1334
2670 1334
2671 1335
2672 1335
2673 1336
2674 1336
2675 1337
2676 1337
2677 1338
2678 1338
2679 1339
2680 1339
2681 1340
2682 1340
2683 1341
2684 1341
2685 1342
2686 1342
2687 1343
2688 1343
2689 1344
2690 1344
2691 1345
2692 1345
2693 1346
2694 1346
2695 1347
2696 1347
2697 1348
2698 1348
2699 1349
2700 1349
2701 1350
2702 1350
2703 1351
2704 1351
2705 1352
2706 1352
2707 1353
2708 1353
2709 1354
2710 1354
2711 1355
2712 1355
2713 1356
2714 1356
2715 1357
2716 1357
2717 1358
2718 1358
2719 1359
2720 1359
2721 1360
2722 1360
2723 1361
2724 1361
2725 1362
2726 1362
2727 1363
2728 1363
2729 1364
2730 1364
2731 1365
2732 1365
2733 1366
2734 1366
2735 1367
2736 1367
2737 1368
2738 1368
2739 1369
2740 1369
2741 1370
2742 1370
2743 1371
2744 1371
2745 1372
2746 1372
2747 1373
2748 1373
2749 1374
2750 1374
2751 1375
2752 1375
2753 1376
2754 1376
2755 1377
2756 1377
2757 1378
2758 1378
2759 1379
2760 1379
2761 1380
2762 1380
2763 1381
2764 1381
2765 1382
2766 1382
2767 1383
2768 1383
2769 1384
2770 1384
2771 1385
2772 1385
2773 1386
2774 1386
2775 1387
2776 1387
2777 1388
2778 1388
2779 1389
2780 1389
2781 1390
2782 1390
2783 1391
2784 1391
2785 1392
2786 1392
2787 1393
2788 1393
2789 1394
2790 1394
2791 1395
2792 1395
2793 1396
2794 1396
2795 1397
2796 1397
2797 1398
2798 1398
2799 1399
2800 1399
2801 1400
2802 1400
2803 1401
2804 1401
2805 1402
2806 1402
2807 1403
2808 1403
2809 1404
2810 1404
2811 1405
2812 1405
2813 1406
2814 1406
2815 1407
2816 1407
2817 1408
2818 1408
2819 1409
2820 1409
2821 1410
2822 1410
2823 1411
2824 1411
2825 1412
2826 1412
2827 1413
2828 1413
2829 1414
2830 1414
2831 1415
2832 1415
2833 1416
2834 1416
2835 1417
2836 1417
2837 1418
2838 1418
2839 1419
2840 1419
2841 1420
2842 1420
2843 1421
2844 1421
2845 1422
2846 1422
2847 1423
2848 1423
2849 1424
2850 1424
2851 1425
2852 1425
2853 1426
2854 1426
2855 1427
2856 1427
2857 1428
2858 1428
2859 1429
2860 1429
2861 1430
2862 1430
2863 1431
2864 1431
2865 1432
2866 1432
2867 1433
2868 1433
2869 1434
2870 1434
2871 1435
2872 1435
2873 1436
2874 1436
2875 1437
2876 1437
2877 1438
2878 1438
2879 1439
2880 1439
2881 1440
2882 1440
2883 1441
2884 1441
2885 1442
2886 1442
2887 1443
2888 1443
2889 1444
2890 1444
2891 1445
2892 1445
2893 1446
2894 1446
2895 1447
2896 1447
2897 1448
2898 1448
2899 1449
2900 1449
2901 1450
2902 1450
2903 1451
2904 1451
2905 1452
2906 1452
2907 1453
2908 1453
2909 1454
2910 1454
2911 1455
2912 1455
2913 1456
2914 1456
2915 1457
2916 1457
2917 1458
2918 1458
2919 1459
2920 1459
2921 1460
2922 1460
2923 1461
2924 1461
2925 1462
2926 1462
2927 1463
2928 1463
2929 1464
2930 1464
2931 1465
2932 1465
2933 1466
2934 1466
2935 1467
2936 1467
2937 1468
2938 1468
2939 1469
2940 1469
2941 1470
2942 1470
2943 1471
2944 1471
2945 1472
2946 1472
2947 1473
2948 1473
2949 1474
2950 1474
2951 1475
2952 1475
2953 1476
2954 1476
2955 1477
2956 1477
2957 1478
2958 1478
2959 1479
2960 1479
2961 1480
2962 1480
2963 1481
2964 1481
2965 1482
2966 1482
2967 1483
2968 1483
2969 1484
2970 1484
2971 1485
2972 1485
2973 1486
2974 1486
2975 1487
2976 1487
2977 1488
2978 1488
2979 1489
2980 1489
2981 1490
2982 1490
2983 1491
2984 1491
2985 1492
2986 1492
2987 1493
2988 1493
2989 1494
2990 1494
2991 1495
2992 1495
2993 1496
2994 1496
2995 1497
2996 1497
2997 1498
2998 1498
2999 1499
3000 1499
3001 1500
3002 1500
3003 1501
3004 1501
3005 1502
3006 1502
3007 1503
3008 1503
3009 1504
3010 1504
3011 1505
3012 1505
3013 1506
3014 1506
3015 1507
3016 1507
3017 1508
3018 1508
3019 1509
3020 1509
3021 1510
3022 1510
3023 1511
3024 1511
3025 1512
3026 1512
3027 1513
3028 1513
3029 1514
3030 1514
3031 1515
3032 1515
3033 1516
3034 1516
3035 1517
3036 1517
3037 1518
3038 1518
3039 1519
3040 1519
3041 1520
3042 1520
3043 1521
3044 1521
3045 1522
3046 1522
3047 1523
3048 1523
3049 1524
3050 1524
3051 1525
3052 1525
3053 1526
3054 1526
3055 1527
3056 1527
3057 1528
3058 1528
3059 1529
3060 1529
3061 1530
3062 1530
3063 1531
3064 1531
3065 1532
3066 1532
3067 1533
3068 1533
3069 1534
3070 1534
3071 1535
3072 1535
3073 1536
3074 1536
3075 1537
3076 1537
3077 1538
3078 1538
3079 1539
3080 1539
3081 1540
3082 1540
3083 1541
3084 1541
3085 1542
3086 1542
3087 1543
3088 1543
3089 1544
3090 1544
3091 1545
3092 1545
3093 1546
3094 1546
3095 1547
3096 1547
3097 1548
3098 1548
3099 1549
3100 1549
3101 1550
3102 1550
3103 1551
3104 1551
3105 1552
3106 1552
3107 1553
3108 1553
3109 1554
3110 1554
3111 1555
3112 1555
3113 1556
3114 1556
3115 1557
3116 1557
3117 1558
3118 1558
3119 1559
3120 1559
3121 1560
3122 1560
3123 1561
3124 1561
3125 1562
3126 1562
3127 1563
3128 1563
3129 1564
3130 1564
3131 1565
3132 1565
3133 1566
3134 1566
3135 1567
3136 1567
3137 1568
3138 1568
3139 1569
3140 1569
3141 1570
3142 1570
3143 1571
3144 1571
3145 1572
3146 1572
3147 1573
3148 1573
3149 1574
3150 1574
3151 1575
3152 1575
3153 1576
3154 1576
3155 1577
3156 1577
3157 1578
3158 1578
3159 1579
3160 1579
3161 1580
3162 1580
3163 1581
3164 1581
3165 1582
3166 1582
3167 1583
3168 1583
3169 1584
3170 1584
3171 1585
3172 1585
3173 1586
3174 1586
3175 1587
3176 1587
3177 1588
3178 1588
3179 1589
3180 1589
3181 1590
3182 1590
3183 1591
3184 1591
3185 1592
3186 1592
3187 1593
3188 1593
3189 1594
3190 1594
3191 1595
3192 1595
3193 1596
3194 1596
3195 1597
3196 1597
3197 1598
3198 1598
3199 1599
3200 1599
3201 1600
3202 1600
3203 1601
3204 1601
3205 1602
3206 1602
3207 1603
3208 1603
3209 1604
3210 1604
3211 1605
3212 1605
3213 1606
3214 1606
3215 1607
3216 1607
3217 1608
3218 1608
3219 1609
3220 1609
3221 1610
3222 1610
3223 1611
3224 1611
3225 1612
3226 1612
3227 1613
3228 1613
3229 1614
3230 1614
3231 1615
3232 1615
3233 1616
3234 1616
3235 1617
3236 1617
3237 1618
3238 1618
3239 1619
3240 1619
3241 1620
3242 1620
3243 1621
3244 1621
3245 1622
3246 1622
3247 1623
3248 1623
3249 1624
3250 1624
3251 1625
3252 1625
3253 1626
3254 1626
3255 1627
3256 1627
3257 1628
3258 1628
3259 1629
3260 1629
3261 1630
3262 1630
3263 1631
3264 1631
3265 1632
3266 1632
3267 1633
3268 1633
3269 1634
3270 1634
3271 1635
3272 1635
3273 1636
3274 1636
3275 1637
3276 1637
3277 1638
3278 1638
3279 1639
3280 1639
3281 1640
3282 1640
3283 1641
3284 1641
3285 1642
3286 1642
3287 1643
3288 1643
3289 1644
3290 1644
3291 1645
3292 1645
3293 1646
3294 1646
3295 1647
3296 1647
3297 1648
3298 1648
3299 1649
3300 1649
3301 1650
3302 1650
3303 1651
3304 1651
3305 1652
3306 1652
3307 1653
3308 1653
3309 1654
3310 1654
3311 1655
3312 1655
3313 1656
3314 1656
3315 1657
3316 1657
3317 1658
3318 1658
3319 1659
3320 1659
3321 1660
3322 1660
3323 1661
3324 1661
3325 1662
3326 1662
3327 1663
3328 1663
3329 1664
3330 1664
3331 1665
3332 1665
3333 1666
3334 1666
3335 1667
3336 1667
3337 1668
3338 1668
3339 1669
3340 1669
3341 1670
3342 1670
3343 1671
3344 1671
3345 1672
3346 1672
3347 1673
3348 1673
3349 1674
3350 1674
3351 1675
3352 1675
3353 1676
3354 1676
3355 1677
3356 1677
3357 1678
3358 1678
3359 1679
3360 1679
3361 1680
3362 1680
3363 1681
3364 1681
3365 1682
3366 1682
3367 1683
3368 1683
3369 1684
3370 1684
3371 1685
3372 1685
3373 1686
3374 1686
3375 1687
3376 1687
3377 1688
3378 1688
3379 1689
3380 1689
3381 1690
3382 1690
3383 1691
3384 1691
3385 1692
3386 1692
3387 1693
3388 1693
3389 1694
3390 1694
3391 1695
3392 1695
3393 1696
3394 1696
3395 1697
3396 1697
3397 1698
3398 1698
3399 1699
3400 1699
3401 1700
3402 1700
3403 1701
3404 1701
3405 1702
3406 1702
3407 1703
3408 1703
3409 1704
3410 1704
3411 1705
3412 1705
3413 1706
3414 1706
3415 1707
3416 1707
3417 1708
3418 1708
3419 1709
3420 1709
3421 1710
3422 1710
3423 1711
3424 1711
3425 1712
3426 1712
3427 1713
3428 1713
3429 1714
3430 1714
3431 1715
3432 1715
3433 1716
3434 1716
3435 1717
3436 1717
3437 1718
3438 1718
3439 1719
3440 1719
3441 1720
3442 1720
3443 1721
3444 1721
3445 1722
3446 1722
3447 1723
3448 1723
3449 1724
3450 1724
3451 1725
3452 1725
3453 1726
3454 1726
3455 1727
3456 1727
3457 1728
3458 1728
3459 1729
3460 1729
3461 1730
3462 1730
3463 1731
3464 1731
3465 1732
3466 1732
3467 1733
3468 1733
3469 1734
3470 1734
3471 1735
3472 1735
3473 1736
3474 1736
3475 1737
3476 1737
3477 1738
3478 1738
3479 1739
3480 1739
3481 1740
3482 1740
3483 1741
3484 1741
3485 1742
3486 1742
3487 1743
3488 1743
3489 1744
3490 1744
3491 1745
3492 1745
3493 1746
3494 1746
3495 1747
3496 1747
3497 1748
3498 1748
3499 1749
3500 1749
3501 1750
3502 1750
3503 1751
3504 1751
3505 1752
3506 1752
3507 1753
3508 1753
3509 1754
3510 1754
3511 1755
3512 1755
3513 1756
3514 1756
3515 1757
3516 1757
3517 1758
3518 1758
3519 1759
3520 1759
3521 1760
3522 1760
3523 1761
3524 1761
3525 1762
3526 1762
3527 1763
3528 1763
3529 1764
3530 1764
3531 1765
3532 1765
3533 1766
3534 1766
3535 1767
3536 1767
3537 1768
3538 1768
3539 1769
3540 1769
3541 1770
3542 1770
3543 1771
3544 1771
3545 1772
3546 1772
3547 1773
3548 1773
3549 1774
3550 1774
3551 1775
3552 1775
3553 1776
3554 1776
3555 1777
3556 1777
3557 1778
3558 1778
3559 1779
3560 1779
3561 1780
3562 1780
3563 1781
3564 1781
3565 1782
3566 1782
3567 1783
3568 1783
3569 1784
3570 1784
3571 1785
3572 1785
3573 1786
3574 1786
3575 1787
3576 1787
3577 1788
3578 1788
3579 1789
3580 1789
3581 1790
3582 1790
3583 1791
3584 1791
3585 1792
3586 1792
3587 1793
3588 1793
3589 1794
3590 1794
3591 1795
3592 1795
3593 1796
3594 1796
3595 1797
3596 1797
3597 1798
3598 1798
3599 1799
3600 1799
3601 1800
3602 1800
3603 1801
3604 1801
3605 1802
3606 1802
3607 1803
3608 1803
3609 1804
3610 1804
3611 1805
3612 1805
3613 1806
3614 1806
3615 1807
3616 1807
3617 1808
3618 1808
3619 1809
3620 1809
3621 1810
3622 1810
3623 1811
3624 1811
3625 1812
3626 1812
3627 1813
3628 1813
3629 1814
3630 1814
3631 1815
3632 1815
3633 1816
3634 1816
3635 1817
3636 1817
3637 1818
3638 1818
3639 1819
3640 1819
3641 1820
3642 1820
3643 1821
3644 1821
3645 1822
3646 1822
3647 1823
3648 1823
3649 1824
3650 1824
3651 1825
3652 1825
3653 1826
3654 1826
3655 1827
3656 1827
3657 1828
3658 1828
3659 1829
3660 1829
3661 1830
3662 1830
3663 1831
3664 1831
3665 1832
3666 1832
3667 1833
3668 1833
3669 1834
3670 1834
3671 1835
3672 1835
3673 1836
3674 1836
3675 1837
3676 1837
3677 1838
3678 1838
3679 1839
3680 1839
3681 1840
3682 1840
3683 1841
3684 1841
3685 1842
3686 1842
3687 1843
3688 1843
3689 1844
3690 1844
3691 1845
3692 1845
3693 1846
3694 1846
3695 1847
3696 1847
3697 1848
3698 1848
3699 1849
3700 1849
3701 1850
3702 1850
3703 1851
3704 1851
3705 1852
3706 1852
3707 1853
3708 1853
3709 1854
3710 1854
3711 1855
3712 1855
3713 1856
3714 1856
3715 1857
3716 1857
3717 1858
3718 1858
3719 1859
3720 1859
3721 1860
3722 1860
3723 1861
3724 1861
3725 1862
3726 1862
3727 1863
3728 1863
3729 1864
3730 1864
3731 1865
3732 1865
3733 1866
3734 1866
3735 1867
3736 1867
3737 1868
3738 1868
3739 1869
3740 1869
3741 1870
3742 1870
3743 1871
3744 1871
3745 1872
3746 1872
3747 1873
3748 1873
3749 1874
3750 1874
3751 1875
3752 1875
3753 1876
3754 1876
3755 1877
3756 1877
3757 1878
3758 1878
3759 1879
3760 1879
3761 1880
3762 1880
3763 1881
3764 1881
3765 1882
3766 1882
3767 1883
3768 1883
3769 1884
3770 1884
3771 1885
3772 1885
3773 1886
3774 1886
3775 1887
3776 1887
3777 1888
3778 1888
3779 1889
3780 1889
3781 1890
3782 1890
3783 1891
3784 1891
3785 1892
3786 1892
3787 1893
3788 1893
3789 1894
3790 1894
3791 1895
3792 1895
3793 1896
3794 1896
3795 1897
3796 1897
3797 1898
3798 1898
3799 1899
3800 1899
3801 1900
3802 1900
3803 1901
3804 1901
3805 1902
3806 1902
3807 1903
3808 1903
3809 1904
3810 1904
3811 1905
3812 1905
3813 1906
3814 1906
3815 1907
3816 1907
3817 1908
3818 1908
3819 1909
3820 1909
3821 1910
3822 1910
3823 1911
3824 1911
3825 1912
3826 1912
3827 1913
3828 1913
3829 1914
3830 1914
3831 1915
3832 1915
3833 1916
3834 1916
3835 1917
3836 1917
3837 1918
3838 1918
3839 1919
3840 1919
3841 1920
3842 1920
3843 1921
3844 1921
3845 1922
3846 1922
3847 1923
3848 1923
3849 1924
3850 1924
3851 1925
3852 1925
3853 1926
3854 1926
3855 1927
3856 1927
3857 1928
3858 1928
3859 1929
3860 1929
3861 1930
3862 1930
3863 1931
3864 1931
3865 1932
3866 1932
3867 1933
3868 1933
3869 1934
3870 1934
3871 1935
3872 1935
3873 1936
3874 1936
3875 1937
3876 1937
3877 1938
3878 1938
3879 1939
3880 1939
3881 1940
3882 1940
3883 1941
3884 1941
3885 1942
3886 1942
3887 1943
3888 1943
3889 1944
3890 1944
3891 1945
3892 1945
3893 1946
3894 1946
3895 1947
3896 1947
3897 1948
3898 1948
3899 1949
3900 1949
3901 1950
3902 1950
3903 1951
3904 1951
3905 1952
3906 1952
3907 1953
3908 1953
3909 1954
3910 1954
3911 1955
3912 1955
3913 1956
3914 1956
3915 1957
3916 1957
3917 1958
3918 1958
3919 1959
3920 1959
3921 1960
3922 1960
3923 1961
3924 1961
3925 1962
3926 1962
3927 1963
3928 1963
3929 1964
3930 1964
3931 1965
3932 1965
3933 1966
3934 1966
3935 1967
3936 1967
3937 1968
3938 1968
3939 1969
3940 1969
3941 1970
3942 1970
3943 1971
3944 1971
3945 1972
3946 1972
3947 1973
3948 1973
3949 1974
3950 1974
3951 1975
3952 1975
3953 1976
3954 1976
3955 1977
3956 1977
3957 1978
3958 1978
3959 1979
3960 1979
3961 1980
3962 1980
3963 1981
3964 1981
3965 1982
3966 1982
3967 1983
3968 1983
3969 1984
3970 1984
3971 1985
3972 1985
3973 1986
3974 1986
3975 1987
3976 1987
3977 1988
3978 1988
3979 1989
3980 1989
3981 1990
3982 1990
3983 1991
3984 1991
3985 1992
3986 1992
3987 1993
3988 1993
3989 1994
3990 1994
3991 1995
3992 1995
3993 1996
3994 1996
3995 1997
3996 1997
3997 1998
3998 1998
3999 1999
4000 1999
4001 2000
4002 2000
4003 2001
4004 2001
4005 2002
4006 2002
4007 2003
4008 2003
4009 2004
4010 2004
4011 2005
4012 2005
4013 2006
4014 2006
4015 2007
4016 2007
4017 2008
4018 2008
4019 2009
4020 2009
4021 2010
4022 2010
4023 2011
4024 2011
4025 2012
4026 2012
4027 2013
4028 2013
4029 2014
4030 2014
4031 2015
4032 2015
4033 2016
4034 2016
4035 2017
4036 2017
4037 2018
4038 2018
4039 2019
4040 2019
4041 2020
4042 2020
4043 2021
4044 2021
4045 2022
4046 2022
4047 2023
4048 2023
4049 2024
4050 2024
4051 2025
4052 2025
4053 2026
4054 2026
4055 2027
4056 2027
4057 2028
4058 2028
4059 2029
4060 2029
4061 2030
4062 2030
4063 2031
4064 2031
4065 2032
4066 2032
4067 2033
4068 2033
4069 2034
4070 2034
4071 2035
4072 2035
4073 2036
4074 2036
4075 2037
4076 2037
4077 2038
4078 2038
4079 2039
4080 2039
4081 2040
4082 2040
4083 2041
4084 2041
4085 2042
4086 2042
4087 2043
4088 2043
4089 2044
4090 2044
4091 2045
4092 2045
4093 2046
4094 2046
4095 2047
4096 2047
4097 2048
4098 2048
4099 2049
4100 2049
4101 2050
4102 2050
4103 2051
4104 2051
4105 2052
4106 2052
4107 2053
4108 2053
4109 2054
4110 2054
4111 2055
4112 2055
4113 2056
4114 2056
4115 2057
4116 2057
4117 2058
4118 2058
4119 2059
4120 2059
4121 2060
4122 2060
4123 2061
4124 2061
4125 2062
4126 2062
4127 2063
4128 2063
4129 2064
4130 2064
4131 2065
4132 2065
4133 2066
4134 2066
4135 2067
4136 2067
4137 2068
4138 2068
4139 2069
4140 2069
4141 2070
4142 2070
4143 2071
4144 2071
4145 2072
4146 2072
4147 2073
4148 2073
4149 2074
4150 2074
4151 2075
4152 2075
4153 2076
4154 2076
4155 2077
4156 2077
4157 2078
4158 2078
4159 2079
4160 2079
4161 2080
4162 2080
4163 2081
4164 2081
4165 2082
4166 2082
4167 2083
4168 2083
4169 2084
4170 2084
4171 2085
4172 2085
4173 2086
4174 2086
4175 2087
4176 2087
4177 2088
4178 2088
4179 2089
4180 2089
4181 2090
4182 2090
4183 2091
4184 2091
4185 2092
4186 2092
4187 2093
4188 2093
4189 2094
4190 2094
4191 2095
4192 2095
4193 2096
4194 2096
4195 2097
4196 2097
4197 2098
4198 2098
4199 2099
4200 2099
4201 2100
4202 2100
4203 2101
4204 2101
4205 2102
4206 2102
4207 2103
4208 2103
4209 2104
4210 2104
4211 2105
4212 2105
4213 2106
4214 2106
4215 2107
4216 2107
4217 2108
4218 2108
4219 2109
4220 2109
4221 2110
4222 2110
4223 2111
4224 2111
4225 2112
4226 2112
4227 2113
4228 2113
4229 2114
4230 2114
4231 2115
4232 2115
4233 2116
4234 2116
4235 2117
4236 2117
4237 2118
4238 2118
4239 2119
4240 2119
4241 2120
4242 2120
4243 2121
4244 2121
4245 2122
4246 2122
4247 2123
4248 2123
4249 2124
4250 2124
4251 2125
4252 2125
4253 2126
4254 2126
4255 2127
4256 2127
4257 2128
4258 2128
4259 2129
4260 2129
4261 2130
4262 2130
4263 2131
4264 2131
4265 2132
4266 2132
4267 2133
4268 2133
4269 2134
4270 2134
4271 2135
4272 2135
4273 2136
4274 2136
4275 2137
4276 2137
4277 2138
4278 2138
4279 2139
4280 2139
4281 2140
4282 2140
4283 2141
4284 2141
4285 2142
4286 2142
4287 2143
4288 2143
4289 2144
4290 2144
4291 2145
4292 2145
4293 2146
4294 2146
4295 2147
4296 2147
4297 2148
4298 2148
4299 2149
4300 2149
4301 2150
4302 2150
4303 2151
4304 2151
4305 2152
4306 2152
4307 2153
4308 2153
4309 2154
4310 2154
4311 2155
4312 2155
4313 2156
4314 2156
4315 2157
4316 2157
4317 2158
4318 2158
4319 2159
4320 2159
4321 2160
4322 2160
4323 2161
4324 2161
4325 2162
4326 2162
4327 2163
4328 2163
4329 2164
4330 2164
4331 2165
4332 2165
4333 2166
4334 2166
4335 2167
4336 2167
4337 2168
4338 2168
4339 2169
4340 2169
4341 2170
4342 2170
4343 2171
4344 2171
4345 2172
4346 2172
4347 2173
4348 2173
4349 2174
4350 2174
4351 2175
4352 2175
4353 2176
4354 2176
4355 2177
4356 2177
4357 2178
4358 2178
4359 2179
4360 2179
4361 2180
4362 2180
4363 2181
4364 2181
4365 2182
4366 2182
4367 2183
4368 2183
4369 2184
4370 2184
4371 2185
4372 2185
4373 2186
4374 2186
4375 2187
4376 2187
4377 2188
4378 2188
4379 2189
4380 2189
4381 2190
4382 2190
4383 2191
4384 2191
4385 2192
4386 2192
4387 2193
4388 2193
4389 2194
4390 2194
4391 2195
4392 2195
4393 2196
4394 2196
4395 2197
4396 2197
4397 2198
4398 2198
4399 2199
4400 2199
4401 2200
4402 2200
4403 2201
4404 2201
4405 2202
4406 2202
4407 2203
4408 2203
4409 2204
4410 2204
4411 2205
4412 2205
4413 2206
4414 2206
4415 2207
4416 2207
4417 2208
4418 2208
4419 2209
4420 2209
4421 2210
4422 2210
4423 2211
4424 2211
4425 2212
4426 2212
4427 2213
4428 2213
4429 2214
4430 2214
4431 2215
4432 2215
4433 2216
4434 2216
4435 2217
4436 2217
4437 2218
4438 2218
4439 2219
4440 2219
4441 2220
4442 2220
4443 2221
4444 2221
4445 2222
4446 2222
4447 2223
4448 2223
4449 2224
4450 2224
4451 2225
4452 2225
4453 2226
4454 2226
4455 2227
4456 2227
4457 2228
4458 2228
4459 2229
4460 2229
4461 2230
4462 2230
4463 2231
4464 2231
4465 2232
4466 2232
4467 2233
4468 2233
4469 2234
4470 2234
4471 2235
4472 2235
4473 2236
4474 2236
4475 2237
4476 2237
4477 2238
4478 2238
4479 2239
4480 2239
4481 2240
4482 2240
4483 2241
4484 2241
4485 2242
4486 2242
4487 2243
4488 2243
4489 2244
4490 2244
4491 2245
4492 2245
4493 2246
4494 2246
4495 2247
4496 2247
4497 2248
4498 2248
4499 2249
4500 2249
4501 2250
4502 2250
4503 2251
4504 2251
4505 2252
4506 2252
4507 2253
4508 2253
4509 2254
4510 2254
4511 2255
4512 2255
4513 2256
4514 2256
4515 2257
4516 2257
4517 2258
4518 2258
4519 2259
4520 2259
4521 2260
4522 2260
4523 2261
4524 2261
4525 2262
4526 2262
4527 2263
4528 2263
4529 2264
4530 2264
4531 2265
4532 2265
4533 2266
4534 2266
4535 2267
4536 2267
4537 2268
4538 2268
4539 2269
4540 2269
4541 2270
4542 2270
4543 2271
4544 2271
4545 2272
4546 2272
4547 2273
4548 2273
4549 2274
4550 2274
4551 2275
4552 2275
4553 2276
4554 2276
4555 2277
4556 2277
4557 2278
4558 2278
4559 2279
4560 2279
4561 2280
4562 2280
4563 2281
4564 2281
4565 2282
4566 2282
4567 2283
4568 2283
4569 2284
4570 2284
4571 2285
4572 2285
4573 2286
4574 2286
4575 2287
4576 2287
4577 2288
4578 2288
4579 2289
4580 2289
4581 2290
4582 2290
4583 2291
4584 2291
4585 2292
4586 2292
4587 2293
4588 2293
4589 2294
4590 2294
4591 2295
4592 2295
4593 2296
4594 2296
4595 2297
4596 2297
4597 2298
4598 2298
4599 2299
4600 2299
4601 2300
4602 2300
4603 2301
4604 2301
4605 2302
4606 2302
4607 2303
4608 2303
4609 2304
4610 2304
4611 2305
4612 2305
4613 2306
4614 2306
4615 2307
4616 2307
4617 2308
4618 2308
4619 2309
4620 2309
4621 2310
4622 2310
4623 2311
4624 2311
4625 2312
4626 2312
4627 2313
4628 2313
4629 2314
4630 2314
4631 2315
4632 2315
4633 2316
4634 2316
4635 2317
4636 2317
4637 2318
4638 2318
4639 2319
4640 2319
4641 2320
4642 2320
4643 2321
4644 2321
4645 2322
4646 2322
4647 2323
4648 2323
4649 2324
4650 2324
4651 2325
4652 2325
4653 2326
4654 2326
4655 2327
4656 2327
4657 2328
4658 2328
4659 2329
4660 2329
4661 2330
4662 2330
4663 2331
4664 2331
4665 2332
4666 2332
4667 2333
4668 2333
4669 2334
4670 2334
4671 2335
4672 2335
4673 2336
4674 2336
4675 2337
4676 2337
4677 2338
4678 2338
4679 2339
4680 2339
4681 2340
4682 2340
4683 2341
4684 2341
4685 2342
4686 2342
4687 2343
4688 2343
4689 2344
4690 2344
4691 2345
4692 2345
4693 2346
4694 2346
4695 2347
4696 2347
4697 2348
4698 2348
4699 2349
4700 2349
4701 2350
4702 2350
4703 2351
4704 2351
4705 2352
4706 2352
4707 2353
4708 2353
4709 2354
4710 2354
4711 2355
4712 2355
4713 2356
4714 2356
4715 2357
4716 2357
4717 2358
4718 2358
4719 2359
4720 2359
4721 2360
4722 2360
4723 2361
4724 2361
4725 2362
4726 2362
4727 2363
4728 2363
4729 2364
4730 2364
4731 2365
4732 2365
4733 2366
4734 2366
4735 2367
4736 2367
4737 2368
4738 2368
4739 2369
4740 2369
4741 2370
4742 2370
4743 2371
4744 2371
4745 2372
4746 2372
4747 2373
4748 2373
4749 2374
4750 2374
4751 2375
4752 2375
4753 2376
4754 2376
4755 2377
4756 2377
4757 2378
4758 2378
4759 2379
4760 2379
4761 2380
4762 2380
4763 2381
4764 2381
4765 2382
4766 2382
4767 2383
4768 2383
4769 2384
4770 2384
4771 2385
4772 2385
4773 2386
4774 2386
4775 2387
4776 2387
4777 2388
4778 2388
4779 2389
4780 2389
4781 2390
4782 2390
4783 2391
4784 2391
4785 2392
4786 2392
4787 2393
4788 2393
4789 2394
4790 2394
4791 2395
4792 2395
4793 2396
4794 2396
4795 2397
4796 2397
4797 2398
4798 2398
4799 2399
4800 2399
4801 2400
4802 2400
4803 2401
4804 2401
4805 2402
4806 2402
4807 2403
4808 2403
4809 2404
4810 2404
4811 2405
4812 2405
4813 2406
4814 2406
4815 2407
4816 2407
4817 2408
4818 2408
4819 2409
4820 2409
4821 2410
4822 2410
4823 2411
4824 2411
4825 2412
4826 2412
4827 2413
4828 2413
4829 2414
4830 2414
4831 2415
4832 2415
4833 2416
4834 2416
4835 2417
4836 2417
4837 2418
4838 2418
4839 2419
4840 2419
4841 2420
4842 2420
4843 2421
4844 2421
4845 2422
4846 2422
4847 2423
4848 2423
4849 2424
4850 2424
4851 2425
4852 2425
4853 2426
4854 2426
4855 2427
4856 2427
4857 2428
4858 2428
4859 2429
4860 2429
4861 2430
4862 2430
4863 2431
4864 2431
4865 2432
4866 2432
4867 2433
4868 2433
4869 2434
4870 2434
4871 2435
4872 2435
4873 2436
4874 2436
4875 2437
4876 2437
4877 2438
4878 2438
4879 2439
4880 2439
4881 2440
4882 2440
4883 2441
4884 2441
4885 2442
4886 2442
4887 2443
4888 2443
4889 2444
4890 2444
4891 2445
4892 2445
4893 2446
4894 2446
4895 2447
4896 2447
4897 2448
4898 2448
4899 2449
4900 2449
4901 2450
4902 2450
4903 2451
4904 2451
4905 2452
4906 2452
4907 2453
4908 2453
4909 2454
4910 2454
4911 2455
4912 2455
4913 2456
4914 2456
4915 2457
4916 2457
4917 2458
4918 2458
4919 2459
4920 2459
4921 2460
4922 2460
4923 2461
4924 2461
4925 2462
4926 2462
4927 2463
4928 2463
4929 2464
4930 2464
4931 2465
4932 2465
4933 2466
4934 2466
4935 2467
4936 2467
4937 2468
4938 2468
4939 2469
4940 2469
4941 2470
4942 2470
4943 2471
4944 2471
4945 2472
4946 2472
4947 2473
4948 2473
4949 2474
4950 2474
4951 2475
4952 2475
4953 2476
4954 2476
4955 2477
4956 2477
4957 2478
4958 2478
4959 2479
4960 2479
4961 2480
4962 2480
4963 2481
4964 2481
4965 2482
4966 2482
4967 2483
4968 2483
4969 2484
4970 2484
4971 2485
4972 2485
4973 2486
4974 2486
4975 2487
4976 2487
4977 2488
4978 2488
4979 2489
4980 2489
4981 2490
4982 2490
4983 2491
4984 2491
4985 2492
4986 2492
4987 2493
4988 2493
4989 2494
4990 2494
4991 2495
4992 2495
4993 2496
4994 2496
4995 2497
4996 2497
4997 2498
4998 2498
4999 2499
5000 2499
5001 2500
5002 2500
5003 2501
5004 2501
5005 2502
5006 2502
5007 2503
5008 2503
5009 2504
5010 2504
5011 2505
5012 2505
5013 2506
5014 2506
5015 2507
5016 2507
5017 2508
5018 2508
5019 2509
5020 2509
5021 2510
5022 2510
5023 2511
5024 2511
5025 2512
5026 2512
5027 2513
5028 2513
5029 2514
5030 2514
5031 2515
5032 2515
5033 2516
5034 2516
5035 2517
5036 2517
5037 2518
5038 2518
5039 2519
5040 2519
5041 2520
5042 2520
5043 2521
5044 2521
5045 2522
5046 2522
5047 2523
5048 2523
5049 2524
5050 2524
5051 2525
5052 2525
5053 2526
5054 2526
5055 2527
5056 2527
5057 2528
5058 2528
5059 2529
5060 2529
5061 2530
5062 2530
5063 2531
5064 2531
5065 2532
5066 2532
5067 2533
5068 2533
5069 2534
5070 2534
5071 2535
5072 2535
5073 2536
5074 2536
5075 2537
5076 2537
5077 2538
5078 2538
5079 2539
5080 2539
5081 2540
5082 2540
5083 2541
5084 2541
5085 2542
5086 2542
5087 2543
5088 2543
5089 2544
5090 2544
5091 2545
5092 2545
5093 2546
5094 2546
5095 2547
5096 2547
5097 2548
5098 2548
5099 2549
5100 2549
5101 2550
5102 2550
5103 2551
5104 2551
5105 2552
5106 2552
5107 2553
5108 2553
5109 2554
5110 2554
5111 2555
5112 2555
5113 2556
5114 2556
5115 2557
5116 2557
5117 2558
5118 2558
5119 2559
5120 2559
5121 2560
5122 2560
5123 2561
5124 2561
5125 2562
5126 2562
5127 2563
5128 2563
5129 2564
5130 2564
5131 2565
5132 2565
5133 2566
5134 2566
5135 2567
5136 2567
5137 2568
5138 2568
5139 2569
5140 2569
5141 2570
5142 2570
5143 2571
5144 2571
5145 2572
5146 2572
5147 2573
5148 2573
5149 2574
5150 2574
5151 2575
5152 2575
5153 2576
5154 2576
5155 2577
5156 2577
5157 2578
5158 2578
5159 2579
5160 2579
5161 2580
5162 2580
5163 2581
5164 2581
5165 2582
5166 2582
5167 2583
5168 2583
5169 2584
5170 2584
5171 2585
5172 2585
5173 2586
5174 2586
5175 2587
5176 2587
5177 2588
5178 2588
5179 2589
5180 2589
5181 2590
5182 2590
5183 2591
5184 2591
5185 2592
5186 2592
5187 2593
5188 2593
5189 2594
5190 2594
5191 2595
5192 2595
5193 2596
5194 2596
5195 2597
5196 2597
5197 2598
5198 2598
5199 2599
5200 2599
5201 2600
5202 2600
5203 2601
5204 2601
5205 2602
5206 2602
5207 2603
5208 2603
5209 2604
5210 2604
5211 2605
5212 2605
5213 2606
5214 2606
5215 2607
5216 2607
5217 2608
5218 2608
5219 2609
5220 2609
5221 2610
5222 2610
5223 2611
5224 2611
5225 2612
5226 2612
5227 2613
5228 2613
5229 2614
5230 2614
5231 2615
5232 2615
5233 2616
5234 2616
5235 2617
5236 2617
5237 2618
5238 2618
5239 2619
5240 2619
5241 2620
5242 2620
5243 2621
5244 2621
5245 2622
5246 2622
5247 2623
5248 2623
5249 2624
5250 2624
5251 2625
5252 2625
5253 2626
5254 2626
5255 2627
5256 2627
5257 2628
5258 2628
5259 2629
5260 2629
5261 2630
5262 2630
5263 2631
5264 2631
5265 2632
5266 2632
5267 2633
5268 2633
5269 2634
5270 2634
5271 2635
5272 2635
5273 2636
5274 2636
5275 2637
5276 2637
5277 2638
5278 2638
5279 2639
5280 2639
5281 2640
5282 2640
5283 2641
5284 2641
5285 2642
5286 2642
5287 2643
5288 2643
5289 2644
5290 2644
5291 2645
5292 2645
5293 2646
5294 2646
5295 2647
5296 2647
5297 2648
5298 2648
5299 2649
5300 2649
5301 2650
5302 2650
5303 2651
5304 2651
5305 2652
5306 2652
5307 2653
5308 2653
5309 2654
5310 2654
5311 2655
5312 2655
5313 2656
5314 2656
5315 2657
5316 2657
5317 2658
5318 2658
5319 2659
5320 2659
5321 2660
5322 2660
5323 2661
5324 2661
5325 2662
5326 2662
5327 2663
5328 2663
5329 2664
5330 2664
5331 2665
5332 2665
5333 2666
5334 2666
5335 2667
5336 2667
5337 2668
5338 2668
5339 2669
5340 2669
5341 2670
5342 2670
5343 2671
5344 2671
5345 2672
5346 2672
5347 2673
5348 2673
5349 2674
5350 2674
5351 2675
5352 2675
5353 2676
5354 2676
5355 2677
5356 2677
5357 2678
5358 2678
5359 2679
5360 2679
5361 2680
5362 2680
5363 2681
5364 2681
5365 2682
5366 2682
5367 2683
5368 2683
5369 2684
5370 2684
5371 2685
5372 2685
5373 2686
5374 2686
5375 2687
5376 2687
5377 2688
5378 2688
5379 2689
5380 2689
5381 2690
5382 2690
5383 2691
5384 2691
5385 2692
5386 2692
5387 2693
5388 2693
5389 2694
5390 2694
5391 2695
5392 2695
5393 2696
5394 2696
5395 2697
5396 2697
5397 2698
5398 2698
5399 2699
5400 2699
5401 2700
5402 2700
5403 2701
5404 2701
5405 2702
5406 2702
5407 2703
5408 2703
5409 2704
5410 2704
5411 2705
5412 2705
5413 2706
5414 2706
5415 2707
5416 2707
5417 2708
5418 2708
5419 2709
5420 2709
5421 2710
5422 2710
5423 2711
5424 2711
5425 2712
5426 2712
5427 2713
5428 2713
5429 2714
5430 2714
5431 2715
5432 2715
5433 2716
5434 2716
5435 2717
5436 2717
5437 2718
5438 2718
5439 2719
5440 2719
5441 2720
5442 2720
5443 2721
5444 2721
5445 2722
5446 2722
5447 2723
5448 2723
5449 2724
5450 2724
5451 2725
5452 2725
5453 2726
5454 2726
5455 2727
5456 2727
5457 2728
5458 2728
5459 2729
5460 2729
5461 2730
5462 2730
5463 2731
5464 2731
5465 2732
5466 2732
5467 2733
5468 2733
5469 2734
5470 2734
5471 2735
5472 2735
5473 2736
5474 2736
5475 2737
5476 2737
5477 2738
5478 2738
5479 2739
5480 2739
5481 2740
5482 2740
5483 2741
5484 2741
5485 2742
5486 2742
5487 2743
5488 2743
5489 2744
5490 2744
5491 2745
5492 2745
5493 2746
5494 2746
5495 2747
5496 2747
5497 2748
5498 2748
5499 2749
5500 2749
5501 2750
5502 2750
5503 2751
5504 2751
5505 2752
5506 2752
5507 2753
5508 2753
5509 2754
5510 2754
5511 2755
5512 2755
5513 2756
5514 2756
5515 2757
5516 2757
5517 2758
5518 2758
5519 2759
5520 2759
5521 2760
5522 2760
5523 2761
5524 2761
5525 2762
5526 2762
5527 2763
5528 2763
5529 2764
5530 2764
5531 2765
5532 2765
5533 2766
5534 2766
5535 2767
5536 2767
5537 2768
5538 2768
5539 2769
5540 2769
5541 2770
5542 2770
5543 2771
5544 2771
5545 2772
5546 2772
5547 2773
5548 2773
5549 2774
5550 2774
5551 2775
5552 2775
5553 2776
5554 2776
5555 2777
5556 2777
5557 2778
5558 2778
5559 2779
5560 2779
5561 2780
5562 2780
5563 2781
5564 2781
5565 2782
5566 2782
5567 2783
5568 2783
5569 2784
5570 2784
5571 2785
5572 2785
5573 2786
5574 2786
5575 2787
5576 2787
5577 2788
5578 2788
5579 2789
5580 2789
5581 2790
5582 2790
5583 2791
5584 2791
5585 2792
5586 2792
5587 2793
5588 2793
5589 2794
5590 2794
5591 2795
5592 2795
5593 2796
5594 2796
5595 2797
5596 2797
5597 2798
5598 2798
5599 2799
5600 2799
5601 2800
5602 2800
5603 2801
5604 2801
5605 2802
5606 2802
5607 2803
5608 2803
5609 2804
5610 2804
5611 2805
5612 2805
5613 2806
5614 2806
5615 2807
5616 2807
5617 2808
5618 2808
5619 2809
5620 2809
5621 2810
5622 2810
5623 2811
5624 2811
5625 2812
5626 2812
5627 2813
5628 2813
5629 2814
5630 2814
5631 2815
5632 2815
5633 2816
5634 2816
5635 2817
5636 2817
5637 2818
5638 2818
5639 2819
5640 2819
5641 2820
5642 2820
5643 2821
5644 2821
5645 2822
5646 2822
5647 2823
5648 2823
5649 2824
5650 2824
5651 2825
5652 2825
5653 2826
5654 2826
5655 2827
5656 2827
5657 2828
5658 2828
5659 2829
5660 2829
5661 2830
5662 2830
5663 2831
5664 2831
5665 2832
5666 2832
5667 2833
5668 2833
5669 2834
5670 2834
5671 2835
5672 2835
5673 2836
5674 2836
5675 2837
5676 2837
5677 2838
5678 2838
5679 2839
5680 2839
5681 2840
5682 2840
5683 2841
5684 2841
5685 2842
5686 2842
5687 2843
5688 2843
5689 2844
5690 2844
5691 2845
5692 2845
5693 2846
5694 2846
5695 2847
5696 2847
5697 2848
5698 2848
5699 2849
5700 2849
5701 2850
5702 2850
5703 2851
5704 2851
5705 2852
5706 2852
5707 2853
5708 2853
5709 2854
5710 2854
5711 2855
5712 2855
5713 2856
5714 2856
5715 2857
5716 2857
5717 2858
5718 2858
5719 2859
5720 2859
5721 2860
5722 2860
5723 2861
5724 2861
5725 2862
5726 2862
5727 2863
5728 2863
5729 2864
5730 2864
5731 2865
5732 2865
5733 2866
5734 2866
5735 2867
5736 2867
5737 2868
5738 2868
5739 2869
5740 2869
5741 2870
5742 2870
5743 2871
5744 2871
5745 2872
5746 2872
5747 2873
5748 2873
5749 2874
5750 2874
5751 2875
5752 2875
5753 2876
5754 2876
5755 2877
5756 2877
5757 2878
5758 2878
5759 2879
5760 2879
5761 2880
5762 2880
5763 2881
5764 2881
5765 2882
5766 2882
5767 2883
5768 2883
5769 2884
5770 2884
5771 2885
5772 2885
5773 2886
5774 2886
5775 2887
5776 2887
5777 2888
5778 2888
5779 2889
5780 2889
5781 2890
5782 2890
5783 2891
5784 2891
5785 2892
5786 2892
5787 2893
5788 2893
5789 2894
5790 2894
5791 2895
5792 2895
5793 2896
5794 2896
5795 2897
5796 2897
5797 2898
5798 2898
5799 2899
5800 2899
5801 2900
5802 2900
5803 2901
5804 2901
5805 2902
5806 2902
5807 2903
5808 2903
5809 2904
5810 2904
5811 2905
5812 2905
5813 2906
5814 2906
5815 2907
5816 2907
5817 2908
5818 2908
5819 2909
5820 2909
5821 2910
5822 2910
5823 2911
5824 2911
5825 2912
5826 2912
5827 2913
5828 2913
5829 2914
5830 2914
5831 2915
5832 2915
5833 2916
5834 2916
5835 2917
5836 2917
5837 2918
5838 2918
5839 2919
5840 2919
5841 2920
5842 2920
5843 2921
5844 2921
5845 2922
5846 2922
5847 2923
5848 2923
5849 2924
5850 2924
5851 2925
5852 2925
5853 2926
5854 2926
5855 2927
5856 2927
5857 2928
5858 2928
5859 2929
5860 2929
5861 2930
5862 2930
5863 2931
5864 2931
5865 2932
5866 2932
5867 2933
5868 2933
5869 2934
5870 2934
5871 2935
5872 2935
5873 2936
5874 2936
5875 2937
5876 2937
5877 2938
5878 2938
5879 2939
5880 2939
5881 2940
5882 2940
5883 2941
5884 2941
5885 2942
5886 2942
5887 2943
5888 2943
5889 2944
5890 2944
5891 2945
5892 2945
5893 2946
5894 2946
5895 2947
5896 2947
5897 2948
5898 2948
5899 2949
5900 2949
5901 2950
5902 2950
5903 2951
5904 2951
5905 2952
5906 2952
5907 2953
5908 2953
5909 2954
5910 2954
5911 2955
5912 2955
5913 2956
5914 2956
5915 2957
5916 2957
5917 2958
5918 2958
5919 2959
5920 2959
5921 2960
5922 2960
5923 2961
5924 2961
5925 2962
5926 2962
5927 2963
5928 2963
5929 2964
5930 2964
5931 2965
5932 2965
5933 2966
5934 2966
5935 2967
5936 2967
5937 2968
5938 2968
5939 2969
5940 2969
5941 2970
5942 2970
5943 2971
5944 2971
5945 2972
5946 2972
5947 2973
5948 2973
5949 2974
5950 2974
5951 2975
5952 2975
5953 2976
5954 2976
5955 2977
5956 2977
5957 2978
5958 2978
5959 2979
5960 2979
5961 2980
5962 2980
5963 2981
5964 2981
5965 2982
5966 2982
5967 2983
5968 2983
5969 2984
5970 2984
5971 2985
5972 2985
5973 2986
5974 2986
5975 2987
5976 2987
5977 2988
5978 2988
5979 2989
5980 2989
5981 2990
5982 2990
5983 2991
5984 2991
5985 2992
5986 2992
5987 2993
5988 2993
5989 2994
5990 2994
5991 2995
5992 2995
5993 2996
5994 2996
5995 2997
5996 2997
5997 2998
5998 2998
5999 2999
6000 2999
6001 3000
6002 3000
6003 3001
6004 3001
6005 3002
6006 3002
6007 3003
6008 3003
6009 3004
6010 3004
6011 3005
6012 3005
6013 3006
6014 3006
6015 3007
6016 3007
6017 3008
6018 3008
6019 3009
6020 3009
6021 3010
6022 3010
6023 3011
6024 3011
6025 3012
6026 3012
6027 3013
6028 3013
6029 3014
6030 3014
6031 3015
6032 3015
6033 3016
6034 3016
6035 3017
6036 3017
6037 3018
6038 3018
6039 3019
6040 3019
6041 3020
6042 3020
6043 3021
6044 3021
6045 3022
6046 3022
6047 3023
6048 3023
6049 3024
6050 3024
6051 3025
6052 3025
6053 3026
6054 3026
6055 3027
6056 3027
6057 3028
6058 3028
6059 3029
6060 3029
6061 3030
6062 3030
6063 3031
6064 3031
6065 3032
6066 3032
6067 3033
6068 3033
6069 3034
6070 3034
6071 3035
6072 3035
6073 3036
6074 3036
6075 3037
6076 3037
6077 3038
6078 3038
6079 3039
6080 3039
6081 3040
6082 3040
6083 3041
6084 3041
6085 3042
6086 3042
6087 3043
6088 3043
6089 3044
6090 3044
6091 3045
6092 3045
6093 3046
6094 3046
6095 3047
6096 3047
6097 3048
6098 3048
6099 3049
6100 3049
6101 3050
6102 3050
6103 3051
6104 3051
6105 3052
6106 3052
6107 3053
6108 3053
6109 3054
6110 3054
6111 3055
6112 3055
6113 3056
6114 3056
6115 3057
6116 3057
6117 3058
6118 3058
6119 3059
6120 3059
6121 3060
6122 3060
6123 3061
6124 3061
6125 3062
6126 3062
6127 3063
6128 3063
6129 3064
6130 3064
6131 3065
6132 3065
6133 3066
6134 3066
6135 3067
6136 3067
6137 3068
6138 3068
6139 3069
6140 3069
6141 3070
6142 3070
6143 3071
6144 3071
6145 3072
6146 3072
6147 3073
6148 3073
6149 3074
6150 3074
6151 3075
6152 3075
6153 3076
6154 3076
6155 3077
6156 3077
6157 3078
6158 3078
6159 3079
6160 3079
6161 3080
6162 3080
6163 3081
6164 3081
6165 3082
6166 3082
6167 3083
6168 3083
6169 3084
6170 3084
6171 3085
6172 3085
6173 3086
6174 3086
6175 3087
6176 3087
6177 3088
6178 3088
6179 3089
6180 3089
6181 3090
6182 3090
6183 3091
6184 3091
6185 3092
6186 3092
6187 3093
6188 3093
6189 3094
6190 3094
6191 3095
6192 3095
6193 3096
6194 3096
6195 3097
6196 3097
6197 3098
6198 3098
6199 3099
6200 3099
6201 3100
6202 3100
6203 3101
6204 3101
6205 3102
6206 3102
6207 3103
6208 3103
6209 3104
6210 3104
6211 3105
6212 3105
6213 3106
6214 3106
6215 3107
6216 3107
6217 3108
6218 3108
6219 3109
6220 3109
6221 3110
6222 3110
6223 3111
6224 3111
6225 3112
6226 3112
6227 3113
6228 3113
6229 3114
6230 3114
6231 3115
6232 3115
6233 3116
6234 3116
6235 3117
6236 3117
6237 3118
6238 3118
6239 3119
6240 3119
6241 3120
6242 3120
6243 3121
6244 3121
6245 3122
6246 3122
6247 3123
6248 3123
6249 3124
6250 3124
6251 3125
6252 3125
6253 3126
6254 3126
6255 3127
6256 3127
6257 3128
6258 3128
6259 3129
6260 3129
6261 3130
6262 3130
6263 3131
6264 3131
6265 3132
6266 3132
6267 3133
6268 3133
6269 3134
6270 3134
6271 3135
6272 3135
6273 3136
6274 3136
6275 3137
6276 3137
6277 3138
6278 3138
6279 3139
6280 3139
6281 3140
6282 3140
6283 3141
6284 3141
6285 3142
6286 3142
6287 3143
6288 3143
6289 3144
6290 3144
6291 3145
6292 3145
6293 3146
6294 3146
6295 3147
6296 3147
6297 3148
6298 3148
6299 3149
6300 3149
6301 3150
6302 3150
6303 3151
6304 3151
6305 3152
6306 3152
6307 3153
6308 3153
6309 3154
6310 3154
6311 3155
6312 3155
6313 3156
6314 3156
6315 3157
6316 3157
6317 3158
6318 3158
6319 3159
6320 3159
6321 3160
6322 3160
6323 3161
6324 3161
6325 3162
6326 3162
6327 3163
6328 3163
6329 3164
6330 3164
6331 3165
6332 3165
6333 3166
6334 3166
6335 3167
6336 3167
6337 3168
6338 3168
6339 3169
6340 3169
6341 3170
6342 3170
6343 3171
6344 3171
6345 3172
6346 3172
6347 3173
6348 3173
6349 3174
6350 3174
6351 3175
6352 3175
6353 3176
6354 3176
6355 3177
6356 3177
6357 3178
6358 3178
6359 3179
6360 3179
6361 3180
6362 3180
6363 3181
6364 3181
6365 3182
6366 3182
6367 3183
6368 3183
6369 3184
6370 3184
6371 3185
6372 3185
6373 3186
6374 3186
6375 3187
6376 3187
6377 3188
6378 3188
6379 3189
6380 3189
6381 3190
6382 3190
6383 3191
6384 3191
6385 3192
6386 3192
6387 3193
6388 3193
6389 3194
6390 3194
6391 3195
6392 3195
6393 3196
6394 3196
6395 3197
6396 3197
6397 3198
6398 3198
6399 3199
6400 3199
6401 3200
6402 3200
6403 3201
6404 3201
6405 3202
6406 3202
6407 3203
6408 3203
6409 3204
6410 3204
6411 3205
6412 3205
6413 3206
6414 3206
6415 3207
6416 3207
6417 3208
6418 3208
6419 3209
6420 3209
6421 3210
6422 3210
6423 3211
6424 3211
6425 3212
6426 3212
6427 3213
6428 3213
6429 3214
6430 3214
6431 3215
6432 3215
6433 3216
6434 3216
6435 3217
6436 3217
6437 3218
6438 3218
6439 3219
6440 3219
6441 3220
6442 3220
6443 3221
6444 3221
6445 3222
6446 3222
6447 3223
6448 3223
6449 3224
6450 3224
6451 3225
6452 3225
6453 3226
6454 3226
6455 3227
6456 3227
6457 3228
6458 3228
6459 3229
6460 3229
6461 3230
6462 3230
6463 3231
6464 3231
6465 3232
6466 3232
6467 3233
6468 3233
6469 3234
6470 3234
6471 3235
6472 3235
6473 3236
6474 3236
6475 3237
6476 3237
6477 3238
6478 3238
6479 3239
6480 3239
6481 3240
6482 3240
6483 3241
6484 3241
6485 3242
6486 3242
6487 3243
6488 3243
6489 3244
6490 3244
6491 3245
6492 3245
6493 3246
6494 3246
6495 3247
6496 3247
6497 3248
6498 3248
6499 3249
6500 3249
6501 3250
6502 3250
6503 3251
6504 3251
6505 3252
6506 3252
6507 3253
6508 3253
6509 3254
6510 3254
6511 3255
6512 3255
6513 3256
6514 3256
6515 3257
6516 3257
6517 3258
6518 3258
6519 3259
6520 3259
6521 3260
6522 3260
6523 3261
6524 3261
6525 3262
6526 3262
6527 3263
6528 3263
6529 3264
6530 3264
6531 3265
6532 3265
6533 3266
6534 3266
6535 3267
6536 3267
6537 3268
6538 3268
6539 3269
6540 3269
6541 3270
6542 3270
6543 3271
6544 3271
6545 3272
6546 3272
6547 3273
6548 3273
6549 3274
6550 3274
6551 3275
6552 3275
6553 3276
6554 3276
6555 3277
6556 3277
6557 3278
6558 3278
6559 3279
6560 3279
6561 3280
6562 3280
6563 3281
6564 3281
6565 3282
6566 3282
6567 3283
6568 3283
6569 3284
6570 3284
6571 3285
6572 3285
6573 3286
6574 3286
6575 3287
6576 3287
6577 3288
6578 3288
6579 3289
6580 3289
6581 3290
6582 3290
6583 3291
6584 3291
6585 3292
6586 3292
6587 3293
6588 3293
6589 3294
6590 3294
6591 3295
6592 3295
6593 3296
6594 3296
6595 3297
6596 3297
6597 3298
6598 3298
6599 3299
6600 3299
6601 3300
6602 3300
6603 3301
6604 3301
6605 3302
6606 3302
6607 3303
6608 3303
6609 3304
6610 3304
6611 3305
6612 3305
6613 3306
6614 3306
6615 3307
6616 3307
6617 3308
6618 3308
6619 3309
6620 3309
6621 3310
6622 3310
6623 3311
6624 3311
6625 3312
6626 3312
6627 3313
6628 3313
6629 3314
6630 3314
6631 3315
6632 3315
6633 3316
6634 3316
6635 3317
6636 3317
6637 3318
6638 3318
6639 3319
6640 3319
6641 3320
6642 3320
6643 3321
6644 3321
6645 3322
6646 3322
6647 3323
6648 3323
6649 3324
6650 3324
6651 3325
6652 3325
6653 3326
6654 3326
6655 3327
6656 3327
6657 3328
6658 3328
6659 3329
6660 3329
6661 3330
6662 3330
6663 3331
6664 3331
6665 3332
6666 3332
6667 3333
6668 3333
6669 3334
6670 3334
6671 3335
6672 3335
6673 3336
6674 3336
6675 3337
6676 3337
6677 3338
6678 3338
6679 3339
6680 3339
6681 3340
6682 3340
6683 3341
6684 3341
6685 3342
6686 3342
6687 3343
6688 3343
6689 3344
6690 3344
6691 3345
6692 3345
6693 3346
6694 3346
6695 3347
6696 3347
6697 3348
6698 3348
6699 3349
6700 3349
6701 3350
6702 3350
6703 3351
6704 3351
6705 3352
6706 3352
6707 3353
6708 3353
6709 3354
6710 3354
6711 3355
6712 3355
6713 3356
6714 3356
6715 3357
6716 3357
6717 3358
6718 3358
6719 3359
6720 3359
6721 3360
6722 3360
6723 3361
6724 3361
6725 3362
6726 3362
6727 3363
6728 3363
6729 3364
6730 3364
6731 3365
6732 3365
6733 3366
6734 3366
6735 3367
6736 3367
6737 3368
6738 3368
6739 3369
6740 3369
6741 3370
6742 3370
6743 3371
6744 3371
6745 3372
6746 3372
6747 3373
6748 3373
6749 3374
6750 3374
6751 3375
6752 3375
6753 3376
6754 3376
6755 3377
6756 3377
6757 3378
6758 3378
6759 3379
6760 3379
6761 3380
6762 3380
6763 3381
6764 3381
6765 3382
6766 3382
6767 3383
6768 3383
6769 3384
6770 3384
6771 3385
6772 3385
6773 3386
6774 3386
6775 3387
6776 3387
6777 3388
6778 3388
6779 3389
6780 3389
6781 3390
6782 3390
6783 3391
6784 3391
6785 3392
6786 3392
6787 3393
6788 3393
6789 3394
6790 3394
6791 3395
6792 3395
6793 3396
6794 3396
6795 3397
6796 3397
6797 3398
6798 3398
6799 3399
6800 3399
6801 3400
6802 3400
6803 3401
6804 3401
6805 3402
6806 3402
6807 3403
6808 3403
6809 3404
6810 3404
6811 3405
6812 3405
6813 3406
6814 3406
6815 3407
6816 3407
6817 3408
6818 3408
6819 3409
6820 3409
6821 3410
6822 3410
6823 3411
6824 3411
6825 3412
6826 3412
6827 3413
6828 3413
6829 3414
6830 3414
6831 3415
6832 3415
6833 3416
6834 3416
6835 3417
6836 3417
6837 3418
6838 3418
6839 3419
6840 3419
6841 3420
6842 3420
6843 3421
6844 3421
6845 3422
6846 3422
6847 3423
6848 3423
6849 3424
6850 3424
6851 3425
6852 3425
6853 3426
6854 3426
6855 3427
6856 3427
6857 3428
6858 3428
6859 3429
6860 3429
6861 3430
6862 3430
6863 3431
6864 3431
6865 3432
6866 3432
6867 3433
6868 3433
6869 3434
6870 3434
6871 3435
6872 3435
6873 3436
6874 3436
6875 3437
6876 3437
6877 3438
6878 3438
6879 3439
6880 3439
6881 3440
6882 3440
6883 3441
6884 3441
6885 3442
6886 3442
6887 3443
6888 3443
6889 3444
6890 3444
6891 3445
6892 3445
6893 3446
6894 3446
6895 3447
6896 3447
6897 3448
6898 3448
6899 3449
6900 3449
6901 3450
6902 3450
6903 3451
6904 3451
6905 3452
6906 3452
6907 3453
6908 3453
6909 3454
6910 3454
6911 3455
6912 3455
6913 3456
6914 3456
6915 3457
6916 3457
6917 3458
6918 3458
6919 3459
6920 3459
6921 3460
6922 3460
6923 3461
6924 3461
6925 3462
6926 3462
6927 3463
6928 3463
6929 3464
6930 3464
6931 3465
6932 3465
6933 3466
6934 3466
6935 3467
6936 3467
6937 3468
6938 3468
6939 3469
6940 3469
6941 3470
6942 3470
6943 3471
6944 3471
6945 3472
6946 3472
6947 3473
6948 3473
6949 3474
6950 3474
6951 3475
6952 3475
6953 3476
6954 3476
6955 3477
