189 400000
101 23
8 101
123 8
24 123
134 123
119 134
2 134
105 2
161 105
72 161
126 72
53 126
9 53
138 9
188 53
98 188
136 98
78 136
69 98
4 78
66 4
145 66
91 66
132 91
49 188
17 49
87 138
154 87
184 91
131 184
108 131
3 108
56 184
183 108
62 183
173 62
0 173
185 173
110 185
164 110
83 164
135 62
46 135
129 46
187 46
84 187
26 129
120 26
121 120
88 26
137 121
15 88
133 15
170 133
117 170
146 117
141 146
75 141
158 75
44 158
159 44
68 159
73 129
174 73
104 174
167 104
36 104
65 73
114 65
22 174
5 114
7 5
109 7
149 109
115 7
74 5
57 109
160 57
130 84
39 130
86 39
13 39
54 0
148 54
34 148
14 34
63 54
96 63
151 22
38 151
103 137
152 103
175 145
116 175
55 9
21 55
127 21
142 127
58 142
27 21
29 27
171 29
77 141
153 77
1 153
143 1
80 153
107 80
47 107
35 80
90 132
31 90
177 105
79 177
51 79
181 177
45 181
102 51
179 102
186 45
125 186
150 143
128 150
94 17
37 94
43 37
48 43
139 48
12 43
168 12
95 48
71 95
41 71
155 41
92 155
52 120
6 52
10 6
30 31
85 30
59 85
180 59
89 180
162 89
33 59
140 85
28 140
32 28
16 32
118 16
67 118
20 67
112 20
166 20
165 112
82 32
144 82
122 16
100 122
147 100
99 147
182 144
18 180
97 12
169 45
70 148
178 70
60 178
81 60
40 81
163 81
42 163
157 163
19 157
64 19
11 64
25 11
172 157
106 19
124 70
111 124
113 111
61 111
50 124
156 106
176 156
93 106
76 93
