273 400000
15 14
15 16
17 15
19 18
19 20
17 19
21 17
23 22
23 24
25 23
21 25
26 21
28 27
28 29
30 28
32 31
32 33
30 32
34 30
36 35
36 37
38 36
40 39
40 41
38 40
34 38
26 34
13 26
42 13
43 42
12 43
11 12
10 11
44 10
9 44
45 9
46 47
45 46
8 45
48 8
50 51
49 50
52 49
48 52
7 48
6 7
53 6
58 59
60 58
61 62
60 61
63 60
64 65
66 64
63 66
67 63
68 69
70 68
71 72
73 71
70 73
67 70
74 67
76 75
78 77
78 79
76 78
80 76
82 81
82 83
84 82
86 85
86 87
84 86
80 84
88 80
90 89
88 90
74 88
91 74
93 92
93 94
95 93
97 96
95 97
98 95
100 99
100 101
102 100
104 103
104 105
102 104
98 102
106 98
108 107
108 109
110 108
112 111
112 113
110 112
114 110
116 115
116 117
118 116
120 119
118 120
114 118
106 114
121 106
123 122
123 124
125 123
127 126
127 128
125 127
129 125
131 130
131 132
133 131
135 134
135 136
133 135
129 133
137 129
139 138
139 140
141 139
143 142
143 144
141 143
145 141
147 146
147 148
149 147
151 150
151 152
149 151
145 149
137 145
121 137
91 121
57 91
153 57
154 153
155 154
56 155
55 56
54 55
156 54
157 156
158 157
159 158
53 159
160 53
5 160
161 5
4 161
3 4
162 3
2 162
163 2
171 172
170 171
169 170
168 169
167 168
166 167
165 166
173 165
185 184
186 185
187 188
186 187
189 186
191 190
191 192
193 191
194 195
193 194
189 193
196 189
197 198
199 197
201 200
201 202
199 201
203 199
204 205
206 204
208 207
208 209
206 208
203 206
196 203
210 196
212 211
214 213
214 215
212 214
216 212
218 217
219 218
216 219
220 216
222 221
222 223
224 222
226 225
226 227
224 226
228 224
230 229
230 231
232 230
234 233
234 235
232 234
228 232
220 228
210 220
236 210
239 238
241 240
241 242
239 241
243 239
245 244
245 246
247 245
249 248
249 250
247 249
243 247
251 243
253 252
253 254
255 253
257 256
257 258
255 257
259 255
261 260
261 262
263 261
263 264
259 263
251 259
237 251
236 237
265 236
183 265
266 183
267 266
182 267
181 182
180 181
179 180
178 179
177 178
176 177
175 176
268 175
174 268
269 174
270 269
271 270
173 271
164 173
163 164
1 163
272 1
0 272
