500 400000
1 0
2 0
3 1
4 1
5 2
6 2
7 3
8 3
9 4
10 4
11 5
12 5
13 6
14 6
15 7
16 7
17 8
18 8
19 9
20 9
21 10
22 10
23 11
24 11
25 12
26 12
27 13
28 13
29 14
30 14
31 15
32 15
33 16
34 16
35 17
36 17
37 18
38 18
39 19
40 19
41 20
42 20
43 21
44 21
45 22
46 22
47 23
48 23
49 24
50 24
51 25
52 25
53 26
54 26
55 27
56 27
57 28
58 28
59 29
60 29
61 30
62 30
63 31
64 31
65 32
66 32
67 33
68 33
69 34
70 34
71 35
72 35
73 36
74 36
75 37
76 37
77 38
78 38
79 39
80 39
81 40
82 40
83 41
84 41
85 42
86 42
87 43
88 43
89 44
90 44
91 45
92 45
93 46
94 46
95 47
96 47
97 48
98 48
99 49
100 49
101 50
102 50
103 51
104 51
105 52
106 52
107 53
108 53
109 54
110 54
111 55
112 55
113 56
114 56
115 57
116 57
117 58
118 58
119 59
120 59
121 60
122 60
123 61
124 61
125 62
126 62
127 63
128 63
129 64
130 64
131 65
132 65
133 66
134 66
135 67
136 67
137 68
138 68
139 69
140 69
141 70
142 70
143 71
144 71
145 72
146 72
147 73
148 73
149 74
150 74
151 75
152 75
153 76
154 76
155 77
156 77
157 78
158 78
159 79
160 79
161 80
162 80
163 81
164 81
165 82
166 82
167 83
168 83
169 84
170 84
171 85
172 85
173 86
174 86
175 87
176 87
177 88
178 88
179 89
180 89
181 90
182 90
183 91
184 91
185 92
186 92
187 93
188 93
189 94
190 94
191 95
192 95
193 96
194 96
195 97
196 97
197 98
198 98
199 99
200 99
201 100
202 100
203 101
204 101
205 102
206 102
207 103
208 103
209 104
210 104
211 105
212 105
213 106
214 106
215 107
216 107
217 108
218 108
219 109
220 109
221 110
222 110
223 111
224 111
225 112
226 112
227 113
228 113
229 114
230 114
231 115
232 115
233 116
234 116
235 117
236 117
237 118
238 118
239 119
240 119
241 120
242 120
243 121
244 121
245 122
246 122
247 123
248 123
249 124
250 124
251 125
252 125
253 126
254 126
255 127
256 127
257 128
258 128
259 129
260 129
261 130
262 130
263 131
264 131
265 132
266 132
267 133
268 133
269 134
270 134
271 135
272 135
273 136
274 136
275 137
276 137
277 138
278 138
279 139
280 139
281 140
282 140
283 141
284 141
285 142
286 142
287 143
288 143
289 144
290 144
291 145
292 145
293 146
294 146
295 147
296 147
297 148
298 148
299 149
300 149
301 150
302 150
303 151
304 151
305 152
306 152
307 153
308 153
309 154
310 154
311 155
312 155
313 156
314 156
315 157
316 157
317 158
318 158
319 159
320 159
321 160
322 160
323 161
324 161
325 162
326 162
327 163
328 163
329 164
330 164
331 165
332 165
333 166
334 166
335 167
336 167
337 168
338 168
339 169
340 169
341 170
342 170
343 171
344 171
345 172
346 172
347 173
348 173
349 174
350 174
351 175
352 175
353 176
354 176
355 177
356 177
357 178
358 178
359 179
360 179
361 180
362 180
363 181
364 181
365 182
366 182
367 183
368 183
369 184
370 184
371 185
372 185
373 186
374 186
375 187
376 187
377 188
378 188
379 189
380 189
381 190
382 190
383 191
384 191
385 192
386 192
387 193
388 193
389 194
390 194
391 195
392 195
393 196
394 196
395 197
396 197
397 198
398 198
399 199
400 199
401 200
402 200
403 201
404 201
405 202
406 202
407 203
408 203
409 204
410 204
411 205
412 205
413 206
414 206
415 207
416 207
417 208
418 208
419 209
420 209
421 210
422 210
423 211
424 211
425 212
426 212
427 213
428 213
429 214
430 214
431 215
432 215
433 216
434 216
435 217
436 217
437 218
438 218
439 219
440 219
441 220
442 220
443 221
444 221
445 222
446 222
447 223
448 223
449 224
450 224
451 225
452 225
453 226
454 226
455 227
456 227
457 228
458 228
459 229
460 229
461 230
462 230
463 231
464 231
465 232
466 232
467 233
468 233
469 234
470 234
471 235
472 235
473 236
474 236
475 237
476 237
477 238
478 238
479 239
480 239
481 240
482 240
483 241
484 241
485 242
486 242
487 243
488 243
489 244
490 244
491 245
492 245
493 246
494 246
495 247
496 247
497 248
498 248
499 249
