500 400000
207 176
385 207
343 385
196 343
261 196
50 261
481 343
295 176
148 207
34 176
144 34
72 481
24 295
351 24
84 351
329 84
25 84
134 25
286 134
11 329
321 11
121 286
428 121
475 121
170 475
362 428
412 24
234 351
123 234
299 234
405 196
64 405
297 72
13 297
472 13
332 72
65 332
218 362
46 144
224 46
490 299
118 362
193 329
137 170
95 137
375 95
114 375
369 375
186 369
151 186
5 151
272 5
215 272
364 272
214 364
427 364
157 5
41 157
290 186
217 290
149 217
194 149
145 149
346 145
8 194
213 8
18 213
6 18
314 18
219 145
10 427
324 10
253 324
109 324
200 109
349 109
438 349
445 200
40 438
120 438
262 120
420 262
202 420
49 202
360 114
243 360
464 243
131 464
335 131
280 335
140 335
371 280
334 371
85 334
76 85
231 464
138 40
233 76
496 371
155 496
446 496
189 446
373 189
268 373
264 268
152 264
387 152
282 387
361 282
113 268
197 113
67 197
388 67
160 388
437 160
254 437
86 160
19 86
309 86
363 309
348 363
106 348
435 348
226 106
486 226
111 486
223 486
187 226
71 187
276 71
484 276
370 484
376 370
147 187
350 147
291 376
467 291
316 361
331 316
75 331
389 331
199 389
33 199
156 389
103 199
439 33
240 439
462 240
474 462
341 240
112 439
394 112
417 387
310 417
31 310
248 31
294 248
98 294
414 98
216 19
493 216
126 493
39 126
281 126
311 310
483 311
488 483
129 483
228 129
269 488
498 31
325 498
384 325
66 384
431 66
54 431
51 54
225 51
82 225
367 51
205 66
251 205
326 367
396 225
307 205
336 307
353 367
320 353
227 320
89 227
292 89
210 320
476 210
122 89
305 251
319 305
204 319
201 204
91 201
494 319
9 494
313 9
453 9
110 313
451 110
198 313
491 453
212 491
432 212
460 432
99 432
339 460
154 339
246 154
142 246
80 142
274 80
235 274
38 235
425 154
459 425
419 425
304 419
342 304
87 342
236 419
267 236
301 87
421 246
27 267
127 80
117 204
278 117
296 278
400 296
171 400
288 278
487 288
169 451
179 169
465 179
245 465
185 245
380 185
208 185
141 465
44 141
260 141
255 274
14 236
177 14
441 177
58 441
163 82
442 163
479 163
403 479
96 403
22 106
136 22
449 316
327 44
60 327
107 459
21 107
209 21
337 21
220 337
178 337
242 178
232 242
497 178
397 497
283 497
285 280
471 214
454 471
181 454
63 181
184 63
166 184
55 166
52 55
480 166
150 480
239 150
132 239
284 132
415 132
43 39
164 43
133 339
119 133
237 119
402 119
130 402
315 130
424 237
469 424
128 130
366 402
423 315
62 423
391 366
3 391
287 391
15 287
323 15
256 366
230 256
430 230
436 430
77 436
172 436
238 172
392 238
461 392
42 461
143 430
418 143
104 418
378 104
168 378
100 168
357 168
458 100
97 458
482 97
159 104
35 143
174 35
429 357
452 429
347 458
158 347
69 347
279 69
355 279
468 355
263 468
499 392
30 159
368 30
94 30
434 158
404 434
23 404
379 23
413 23
222 413
448 404
485 448
306 413
344 306
249 485
167 249
308 167
358 249
372 263
333 372
191 333
53 344
57 128
352 57
277 352
250 277
2 277
247 352
115 250
244 115
463 244
386 463
303 57
455 247
16 455
318 247
302 315
90 318
190 90
4 115
393 4
74 393
37 74
300 37
17 300
83 17
70 83
81 17
12 70
293 12
161 12
408 161
165 408
153 81
338 153
73 408
443 499
180 443
270 180
108 443
312 62
416 312
92 416
124 108
440 124
322 440
495 322
466 495
101 466
78 101
188 322
383 188
32 124
422 32
271 422
183 422
433 183
162 183
88 162
411 88
298 433
116 495
457 78
374 457
406 374
340 406
473 340
125 473
356 125
26 356
377 26
45 377
395 340
456 406
477 456
175 456
450 175
330 477
289 330
273 330
195 273
381 434
399 381
382 399
265 382
36 474
211 36
29 211
390 29
410 390
28 410
345 410
0 345
56 28
409 56
7 36
328 7
317 328
257 317
470 257
478 257
1 478
492 1
203 470
79 203
354 409
20 29
135 20
401 135
359 135
192 401
173 192
182 173
275 182
93 275
229 275
59 93
61 20
398 162
489 398
266 489
365 284
252 349
407 252
258 407
447 258
259 447
68 258
105 68
146 105
47 68
102 47
221 102
206 221
241 206
139 241
48 139
444 48
426 47
