347 400000
305 85
97 305
161 97
125 161
200 125
317 200
140 317
211 140
88 161
174 88
256 174
135 256
148 135
272 148
116 272
269 116
228 272
131 228
141 131
327 135
232 327
43 232
191 43
313 191
80 313
150 80
214 150
23 214
126 80
215 126
10 215
156 10
1 156
79 10
284 79
114 284
316 156
335 316
119 316
240 335
42 240
47 42
45 42
106 47
231 106
275 106
93 275
171 93
225 240
246 225
321 246
290 231
17 290
241 246
251 241
118 241
172 118
209 172
208 209
307 251
7 251
198 7
310 307
285 310
49 307
254 49
72 254
24 72
2 24
67 24
145 67
117 145
282 117
326 282
16 326
34 282
190 34
179 190
15 67
346 15
330 346
296 254
216 296
264 216
64 296
340 64
92 340
102 92
44 102
32 264
6 32
109 6
138 109
26 138
68 138
48 109
207 48
50 207
132 207
217 68
152 17
222 152
122 222
31 179
345 117
136 345
143 136
227 136
334 171
187 334
273 187
169 187
260 48
63 50
299 63
289 63
21 289
287 289
176 287
40 299
77 40
69 77
37 69
237 37
91 40
293 91
113 293
5 237
151 5
193 151
243 193
301 243
95 113
270 243
259 270
223 270
129 223
98 129
27 98
14 27
59 14
276 59
104 276
213 104
253 213
286 253
78 286
53 91
185 53
158 185
186 158
280 104
229 280
302 229
164 302
258 302
201 258
303 201
244 303
133 303
121 280
128 164
263 128
30 263
65 30
100 65
89 100
99 89
294 89
319 30
312 65
87 312
41 87
247 41
292 312
163 100
210 163
96 210
123 96
235 123
266 247
38 266
51 99
137 51
56 51
188 56
230 188
86 230
112 86
304 112
153 230
274 153
147 274
111 147
265 111
149 111
344 149
306 344
110 188
325 110
249 325
52 110
29 52
75 29
167 75
239 167
339 137
108 147
300 108
160 137
329 160
73 160
155 73
267 155
341 267
144 155
252 144
36 252
279 36
291 279
278 279
142 278
295 142
337 295
54 337
196 54
101 337
35 101
205 101
57 205
173 57
178 173
76 267
175 76
297 175
103 175
311 103
298 311
224 341
166 29
12 166
212 12
320 212
25 212
333 25
181 333
120 181
33 120
60 33
83 60
238 83
81 238
218 81
124 83
94 124
277 94
271 277
62 271
61 271
3 320
342 181
309 342
261 309
19 309
314 261
194 314
0 194
74 0
162 74
146 162
236 162
332 74
343 332
199 343
288 332
338 199
107 288
182 343
245 338
189 245
170 107
206 170
328 189
165 328
55 328
219 170
281 219
90 281
28 236
134 28
46 134
183 134
268 90
4 239
197 4
331 291
226 331
248 226
203 226
202 203
154 203
58 154
70 154
130 70
105 70
139 105
8 139
255 8
39 8
195 248
192 195
233 130
18 233
220 18
318 220
324 318
66 220
180 66
283 18
115 283
157 115
262 157
177 262
250 202
315 250
22 315
184 22
257 184
13 257
159 13
308 159
127 22
71 127
82 127
336 82
204 82
84 204
323 84
20 323
11 20
234 11
9 20
242 9
221 11
168 84
322 323
