204 400000
13 12
13 14
15 13
16 17
15 16
18 15
20 19
20 21
22 20
23 24
22 23
18 22
11 18
25 11
26 25
27 26
28 27
10 28
9 10
8 9
7 8
29 7
32 31
30 32
29 30
33 29
6 33
34 6
35 34
5 35
36 5
4 36
37 4
48 47
48 49
50 48
51 50
53 52
54 53
56 55
54 56
51 54
57 51
59 58
59 60
61 59
63 62
61 63
64 61
66 65
66 67
68 66
69 70
68 69
64 68
57 64
46 57
45 46
71 45
72 71
44 72
73 44
74 73
76 77
75 76
74 75
43 74
42 43
78 42
81 82
80 81
79 80
78 79
41 78
40 41
83 40
92 91
92 93
94 92
96 95
96 97
94 96
98 94
100 99
100 101
102 100
103 104
102 103
98 102
105 98
107 106
107 108
109 107
111 110
111 112
109 111
113 109
115 114
115 116
117 115
117 118
113 117
105 113
119 105
121 120
121 122
123 121
123 124
125 123
127 126
128 127
130 129
130 131
128 130
125 128
132 125
133 134
135 133
137 136
137 138
135 137
139 135
141 140
142 141
142 143
139 142
132 139
119 132
144 119
146 145
146 147
148 146
150 149
150 151
148 150
152 148
153 154
152 153
155 152
157 156
157 158
159 157
161 160
161 162
159 161
163 159
165 164
165 166
167 165
169 168
169 170
167 169
163 167
155 163
171 155
172 173
174 172
175 176
174 175
177 174
178 179
180 178
177 180
181 177
182 183
184 182
186 185
186 187
184 186
188 184
190 189
190 191
192 190
194 193
194 195
192 194
188 192
181 188
171 181
144 171
196 144
197 196
90 197
89 90
88 89
198 88
87 198
86 87
85 86
84 85
83 84
39 83
199 39
38 199
37 38
200 37
201 200
3 201
2 3
1 2
202 1
0 202
203 0
