314 54 92037
16802 46430 41255 57991 53218 8420 73050 56543 59101 39481 73253 52075 23585 80937 47410 5334 75876 54648 80175 91752 1754 3559 86540 49790 18416 85540 37528 23025 45126 25390 84181 67583 32365 45035 41408 76640 68146 49915 68318 21065 60518 20211 26466 72330 59019 12557 34845 82584 80828 82029 74790 75604 53616 72190 33680 25627 72251 89683 28504 25066 73944 3984 83416 31074 59800 65096 51218 48772 71354 68307 83070 29913 74771 1446 61635 41205 3833 74223 39583 37967 37229 22125 18760 26327 26840 30948 67023 74998 17229 85348 64813 21047 79932 45782 79117 88498 83130 77822 48426 74643 3048 68202 36873 34761 15439 90176 65103 67993 6487 14141 8663 36417 37939 55430 24760 73051 17956 17489 60618 15376 69926 21070 31618 65982 46712 14676 5278 23366 76204 55489 67022 50584 89753 9039 33784 40729 64636 71485 18659 58560 75421 37472 81253 60773 64227 35839 31013 67988 36700 21966 33820 30246 11075 20280 66892 42445 32096 45871 42786 25681 58209 43126 38305 16224 50559 89279 48749 12068 68248 57648 33079 1520 1574 88641 60102 70872 6603 11641 28961 6115 14893 34303 54715 86052 59884 31768 78032 86983 60309 30548 49499 33451 39960 35708 53917 75885 80734 19232 88562 57225 81016 86265 83968 26921 86266 86554 71046 21451 11374 31822 38657 58464 62328 35925 82878 67031 2445 28913 8427 76847 30614 16231 57992 10879 70567 4708 22136 36832 84290 38817 39806 34238 42618 3826 48771 33138 41002 86591 35904 59488 84597 63606 7829 30955 49352 47443 27490 2347 85205 6703 46074 56572 7886 18039 45837 58841 17141 8844 46145 91271 2828 83785 79477 54253 9752 13048 26068 46838 40573 47727 18702 34941 51356 88085 9453 90443 69445 40561 45517 64939 10304 26656 82909 28221 10131 25713 6107 61087 3654 1427 34287 72501 78572 14336 88808 40833 13346 41483 11232 44606 80008 43758 21648 9861 23092 71888 50750 42981 9979 48690 18474 30576 85584 82626
8 3048 10131 14676 28961 31822 34845 41002 45871
8 5278 6115 25713 38657 42786 68202 82584 86591
8 6107 14893 23366 25681 35904 36873 58464 80828
8 34303 34761 58209 59488 61087 62328 76204 82029
8 3654 15439 35925 43126 54715 55489 74790 84597
8 1427 38305 63606 67022 75604 82878 86052 90176
8 7829 16224 34287 50584 53616 59884 65103 67031
8 2445 30955 31768 50559 67993 72190 72501 89753
8 9039 16802 28913 33680 49352 78032 78572 89279
8 8427 14336 25627 33784 37939 46430 47443 86983
8 27490 40729 41255 55430 60309 72251 76847 88808
8 2347 24760 30548 30614 40833 57991 64636 89683
8 13346 16231 28504 49499 53218 71485 73051 85205
8 6703 8420 17956 18659 25066 33451 41483 57992
8 10879 11232 17489 39960 46074 58560 73050 73944
8 3984 35708 44606 56543 56572 60618 70567 75421
8 4708 7886 15376 37472 53917 59101 80008 83416
8 18039 22136 31074 39481 43758 69926 75885 81253
8 21070 21648 36832 45837 59800 60773 73253 80734
8 9861 19232 31618 52075 58841 64227 65096 84290
8 17141 23092 23585 35839 38817 51218 65982 88562
8 8844 31013 39806 46712 48772 57225 71888 80937
8 14676 34238 46145 47410 50750 67988 71354 81016
8 5278 5334 42618 42981 68307 79117 86265 91271
8 2828 3826 9979 23366 75876 83070 83968 88498
8 26921 29913 48690 48771 54648 76204 83130 83785
8 18474 33138 55489 74771 77822 79477 80175 86266
8 1446 30576 41002 48426 54253 67022 86554 91752
8 1754 9752 50584 61635 71046 74643 85584 86591
8 3048 3559 13048 21451 35904 41205 82626 89753
8 2828 3833 9039 26068 59488 66892 68202 86540
8 33784 36873 42445 46838 49790 74223 83785 84597
8 18416 32096 34761 39583 40573 40729 63606 79477
8 7829 15439 37967 45871 47727 54253 64636 85540
8 9752 18702 30955 37229 37528 42786 71485 90176
8 13048 18659 22125 23025 25681 34941 49352 65103
8 18760 26068 45126 47443 51356 58209 58560 67993
8 6487 25390 26327 27490 43126 46838 75421 88085
8 2347 9453 14141 26840 37472 38305 40573 84181
8 8663 16224 30948 47727 67583 81253 85205 90443
8 6703 18702 32365 36417 50559 60773 67023 69445
8 34941 37939 40561 45035 46074 64227 74998 89279
8 17229 35839 41408 45517 48749 51356 55430 56572
8 7886 12068 24760 31013 64939 76640 85348 88085
8 9453 18039 22136 64813 67988 68146 68248 73051
8 17956 21047 36700 36832 45837 49915 57648 90443
8 17489 21966 33079 58841 68318 69445 79932 84290
8 1520 21065 33820 38817 40561 45782 60618 83968
8 1574 15376 26921 30246 39806 45517 60518 79117
8 11075 20211 34238 64939 69926 86266 88498 88641
8 10304 20280 21070 26466 42618 60102 83130 86554
8 3826 26656 31618 66892 70872 71046 72330 77822
8 6603 21451 42445 48426 48771 59019 65982 82909
8 11374 11641 12557 28221 32096 33138 46712 74643
