500 197 100000
17127 38897 92138 99337 38901 4113 27661 80395 29735 92046 84400 30958 38018 58060 56060 73044 22325 32527 97821 34770 40542 62931 47709 71210 14991 8381 97505 13747 76550 71263 35531 5377 55818 18369 33046 9444 41990 85924 90697 62527 80289 15999 56036 43804 6857 60787 35087 69719 2467 70572 14759 54031 84207 14314 22295 40954 144 45944 97180 41171 65914 9723 7344 58913 41155 73028 10348 73834 81461 19960 75516 17605 86634 94218 94492 32970 71915 18881 38243 9258 7114 96084 7397 41952 29426 2126 97498 24420 25345 64863 99293 85491 47398 94753 58027 59613 66309 45716 87830 5579 9364 51720 62993 5165 24300 79309 23769 36320 64229 51106 53264 50788 15145 84974 10305 48320 95994 45655 25379 14484 22413 44454 70216 20555 66361 13953 28931 76456 57803 3894 55509 78625 9154 79941 28143 29752 36895 91748 7637 56869 79145 65196 95619 51266 89488 26832 76659 31597 85920 91876 53291 15978 51742 62075 99655 31800 55381 28383 74182 74567 83015 24747 27034 71899 4946 83040 27580 65357 11757 43477 53646 35638 38288 70316 21444 75389 29854 63250 9445 13999 59269 80987 82441 24008 19642 48262 93183 29832 11774 36728 40834 19851 25585 31652 38721 56708 64508 69607 59835 89784 95822 24945 10216 51980 23915 13490 22052 25012 70602 81884 33354 38178 99737 14778 34036 77145 19358 57274 90421 79845 1888 53035 62428 57808 80700 34720 10396 38256 9229 12820 49980 64821 66294 51642 30276 30629 83863 86261 81943 12637 76195 81127 23601 6345 48490 69164 38765 47840 16056 84307 85196 97896 21979 71916 37444 98151 92850 78102 77977 70451 95417 75159 2069 67942 15992 8398 90078 88641 34876 63196 66847 43745 61146 85604 49281 56854 92227 38871 53381 18072 77314 84229 90201 83342 27239 31862 59673 62848 83918 68644 24887 77793 78073 4209 70402 84520 54600 34813 24638 9423 79401 29765 99023 95084 97509 34606 53160 6257 88667 1688 51310 6740 24168 3409 81337 40190 1250 72063 94759 27736 31478 98540 584 51106 99749 45782 70579 21880 81843 45617 17436 49174 98269 94710 4 11859 31556 62732 60411 38592 13350 89000 87916 88443 23393 82675 22973 55812 92443 26039 75477 4939 46597 87156 31635 23477 71930 15842 64025 49609 94656 94903 21189 4466 2761 73129 91984 41357 73304 80679 73979 81630 30227 62280 88020 51596 96454 13207 44337 21533 97522 74177 54203 67183 81373 18751 99745 42759 65344 58223 40042 60677 59022 28500 73248 57016 79985 59539 31963 88740 37655 72643 45159 30109 31918 14991 6075 89155 42029 26447 13982 80696 45612 74036 20724 11322 36999 55318 33964 63616 61484 79248 17526 17342 32988 55377 82602 73219 77987 44228 65910 75785 60624 82047 41142 63453 19440 92041 92720 61632 22206 71849 69359 27277 52276 58833 13052 92061 26743 48595 84874 561 57046 58419 97873 98054 67525 7129 36150 88410 18896 83496 44745 15471 55410 93231 47386 31669 5398 25927 85336 19343 99783 33490 59942 78577 85782 62362 49550 89242 76865 52727 75790 19835 35988 68474 68685 11955 7479 55752 33523 36263 44440 61551 29494 13718 52396 57695 86781 32350
9 13682 19050 24493 53666 55279 63997 64375 75884 78090
4 10386 15495 41356 68310
4 19349 52220 56064 97111
3 14458 75652 82511
7 17272 35379 37290 50920 54331 61187 63791
4 8927 32914 47603 76823
4 9528 53320 53601 90128
6 747 4673 51569 85950 88752 95349
6 797 27207 28824 66128 71829 94555
8 14010 19825 20790 23340 38295 40133 52956 77425
4 5852 15148 88221 94537
4 752 12336 48761 85193
6 24048 37322 39754 49229 77806 89366
8 13833 38901 42427 67121 69171 80217 86241 94934
4 23011 50382 73448 78907
4 6243 16025 26163 65596
11 7446 35156 46248 51686 53338 58072 60846 71141 71518 98221 99019
2 84055 98158
4 2231 7837 56191 82687
4 410 5861 24862 58744
4 25601 61901 71005 98967
10 20493 30400 38583 41316 48531 54577 55714 56303 84163 93128
2 8439 74590
5 276 44108 51108 80471 82899
1 65754
6 4013 11131 34603 62834 66649 97851
2 48271 93606
5 12846 53461 65621 84622 85486
9 2274 15330 38209 41183 54134 56394 64647 80278 85940
3 8906 89758 96244
6 16667 25265 50966 66237 69158 97572
4 13681 20721 34165 48347
7 19208 33780 43685 50640 57676 60843 82286
2 14494 54061
8 13172 15286 33129 52754 58961 60053 66774 78817
5 11013 29826 57570 59222 90512
2 40685 59721
3 20380 56885 89025
1 13224
2 51152 54526
3 323 31445 55638
5 17430 40354 54833 68689 74495
6 22575 40980 54878 55279 57241 68290
7 19928 34216 50253 61683 62281 78553 98717
11 6697 6803 10893 15807 23894 24297 56709 67917 78370 88170 95507
4 40774 50954 63442 74556
7 46553 52422 60570 60994 66179 71271 91146
3 15374 63918 80786
9 6323 6764 13954 52746 65748 68043 69509 73540 80980
4 59420 78901 79231 96054
11 3078 6674 16231 29957 31167 43604 48620 58484 64129 69802 84994
4 40483 42880 44178 51940
9 1777 13694 22649 26294 29563 37193 58414 73334 78560
7 4736 9641 23147 29739 41762 61202 81331
2 92572 93282
2 4836 69246
4 27863 38016 48453 91091
4 32395 52004 60185 87339
7 11389 12090 38313 52076 57573 74288 92211
7 3849 7628 26835 39282 72390 74805 88298
6 3763 6128 52693 54819 58898 65922
5 15620 37416 53982 85003 86177
6 63175 66811 70355 71997 85637 97968
6 7780 18634 29247 39469 76131 89813
2 7211 41263
8 8684 25766 26990 49955 57004 68580 75469 93817
4 30236 32452 47680 70933
10 24890 32175 33094 37080 37798 38774 69748 75068 75228 84021
7 8804 31818 45811 51425 52572 73802 85104
2 41576 45377
5 13873 38925 50629 53455 76366
5 21697 29688 45816 66105 76702
1 17794
8 3986 18633 24964 26000 43936 67885 81008 91306
2 8842 71202
3 14137 44031 81897
5 58474 63956 68165 79978 89830
3 52042 60244 85234
3 19843 52265 98255
9 7950 10679 11735 19261 20391 27589 73392 90253 91646
4 28604 57597 66420 99953
4 12956 37669 39013 89767
2 18018 87510
6 8895 59792 66102 66280 74138 93019
5 1672 4517 6200 15764 49027
5 17756 61789 86733 89561 96327
2 17472 84966
3 4524 24000 94759
6 16387 27778 29073 76081 78191 84120
5 10888 14134 25009 36916 39618
5 16943 44570 80131 87907 89655
1 22648
4 15023 21476 27150 52768
3 13215 31612 88063
7 32588 46005 58468 58966 85463 88087 99251
3 11693 20988 63316
4 39712 59846 90826 92130
4 5969 39532 87131 97867
4 7365 13878 32558 88200
10 3189 23376 27635 44601 46917 51243 60597 68883 72734 79569
5 41184 55961 77583 92336 95743
6 22030 39402 49274 55071 62071 97693
5 14848 22193 34303 69836 91549
10 19784 24098 30351 35690 44929 51088 55985 56336 66789 68917
3 8402 16484 47725
6 19740 20623 53308 53795 61204 99280
3 46487 61148 65119
4 3830 55585 59483 80349
2 5083 28937
4 19912 21211 44181 66028
4 14899 49575 68485 96010
4 7632 47501 71224 99496
7 11806 18512 38136 38351 42310 59662 75563
4 60736 61240 65876 66256
7 627 17666 45448 45899 56459 56876 69863
4 3588 40110 75577 76626
6 4287 6697 19566 45794 52531 67248
9 5291 47534 53855 63423 72729 77911 78557 80552 80792
5 15334 15386 39395 58577 81547
5 12802 37811 68618 70906 86801
4 28086 28370 47463 97999
4 41965 72085 74576 94506
1 47297
4 16752 26168 73502 74647
3 24198 44393 61699
5 33505 41940 82929 94059 99209
2 49721 50881
6 52533 58958 61643 72995 76543 79298
4 28430 33852 52267 67244
6 1242 12241 24884 68761 77291 83163
4 12216 19432 21418 92348
4 30641 38728 42517 84191
4 16898 42844 44446 89879
8 71 2442 13998 17970 23196 35405 61278 85851
4 14283 17731 22731 51157
3 40883 43767 62470
8 2866 15577 24120 39282 50769 59624 91262 93373
10 7722 8089 20500 63496 66747 67358 70031 73693 81198 96777
4 11792 56594 60844 64786
6 24543 35629 48116 51480 59259 93611
3 29798 34294 61649
4 15200 16516 40977 76407
10 8648 47945 57138 63400 67114 71367 78935 81314 95283 97775
3 17350 21124 26844
2 51121 86947
2 17397 21319
3 29447 46068 54135
8 33260 40745 42085 44594 57733 68790 79090 98586
5 7275 10897 63402 74682 98783
4 494 4012 15839 66361
5 3828 47821 64576 95238 99608
9 1027 8792 23411 39930 47918 53757 66322 75131 93706
6 553 28575 61907 66260 79996 81849
3 32140 35745 99359
5 26844 28495 58015 72168 92278
3 14820 47378 68965
6 27864 36565 71135 72731 78962 97251
7 42423 56160 59386 65381 65609 87079 92998
5 31532 41371 54715 55637 78608
10 9611 10616 22442 24601 35710 66432 68748 74279 81798 93876
4 39726 56984 84032 86942
3 23839 46205 89648
7 13252 25375 36770 52763 55173 57680 84200
4 19287 41942 77595 78804
2 12200 45699
5 3750 37697 61233 72192 91321
3 3219 15787 27622
4 10498 44115 50742 97922
3 32640 43810 80654
5 2453 36651 49551 78051 87979
3 28399 33792 79742
9 44277 51053 68302 71123 72693 81923 83494 87584 93367
12 323 2627 3116 5387 46551 63362 67813 75937 76132 79472 83463 93395
6 21377 35011 64723 77513 90101 92186
6 17087 24103 33204 41129 42831 50440
4 30877 49551 74251 91873
6 7162 8842 33342 76705 89592 90562
3 10884 26174 42612
5 18214 22463 76041 80612 93373
3 25326 33403 68911
8 11406 35659 35831 43977 54187 70988 71547 87684
2 82406 95633
6 17082 36614 37994 46340 50212 53582
7 23858 27434 34389 50484 62949 68244 91596
5 42127 61939 71915 98972 99521
5 714 12885 24982 62449 77481
3 48846 73031 82724
3 10485 27053 99296
8 14105 21302 24311 30600 37280 55522 67122 86115
14 2577 7425 16736 27172 41170 41595 74301 77844 80413 87165 88079 90604 91832 96059
7 15066 26542 37049 55587 66586 88879 93397
2 44668 61587
5 6107 12979 21337 69619 95043
5 16644 57464 93766 97477 97831
5 1613 11676 21183 58009 81917
2 31220 93455
4 14397 16290 44674 47171
