500 197 100000
40709 56310 52263 74407 30629 70113 70724 76962 173 85160 53773 77626 15393 91561 77503 52864 52657 82924 92836 8945 29252 66723 36507 22417 23101 62864 44423 91351 94963 94408 92202 694 95823 90452 80376 99875 1030 45142 55130 36362 58618 32529 99581 30109 70268 3352 20042 99877 93055 79742 8661 8676 85229 34336 37424 52105 18263 90237 68472 82075 8843 65927 65853 4688 3355 51362 90785 96441 96981 34466 45932 88791 20613 13492 48096 73842 8438 32964 43819 7124 92192 33504 28582 98931 6669 53937 61235 16373 51180 23502 84329 35481 81004 2981 71102 43788 83440 47656 79022 99553 11973 58906 16733 49374 69895 37863 41531 89102 21923 83170 94990 50228 98817 23078 38454 41213 18426 26017 95035 64615 6439 130 53059 54817 62162 51692 28444 63217 75374 71012 11002 82365 63803 3745 76661 22444 96050 39094 12367 68576 81636 32411 41735 89207 28976 61723 63074 54184 98122 22104 7931 29724 35568 9914 57618 60076 16665 45100 58298 84354 68810 5684 73115 57928 67045 52889 82197 50394 93193 58530 45766 49705 61943 61084 88860 84614 99953 95304 80308 22416 52193 98860 21728 13983 74421 5691 59504 51627 61579 26638 67628 89445 85139 46585 71203 99908 39099 22619 91096 1950 29333 9649 48338 82140 20021 70517 17877 57813 10367 58869 74620 21674 87874 55356 34436 79157 95304 65027 39869 97155 80728 74233 53169 6936 32701 5769 90449 30747 97968 95708 62452 88145 77858 50484 80037 11381 40897 24575 18287 30314 19801 77428 79303 35189 86439 46085 52050 45161 20377 14422 60328 95771 61231 85474 81354 75808 95625 96484 78801 85235 61000 10331 10058 34563 83975 17783 92827 18506 2630 46746 25329 10561 15319 7211 57053 34100 28041 20708 84741 72691 7499 38784 70626 92705 54489 90421 59265 32259 61268 92339 4279 88833 1003 28810 59236 50978 96637 43553 74607 37722 80541 11429 81529 34202 74218 46329 70157 25214 44026 58932 72879 38272 88611 90313 8976 53631 24221 90207 14729 14638 21606 41226 37820 30982 10472 35763 56361 16646 76303 51215 39144 61910 91276 53087 37441 44294 88570 92474 36358 28038 12152 76782 35982 85773 91522 25616 5558 34964 41801 41771 28643 92844 57795 17191 62164 89336 32574 5666 55310 49489 14008 83991 94018 10232 83337 89116 87723 4396 49762 16711 65636 54329 86282 53295 25679 14578 84473 2746 21499 29981 97070 50042 9900 23063 7285 7943 8529 6757 91924 34378 39950 27539 52101 96427 11314 18556 88668 91534 86912 39641 7738 38742 30733 30811 83715 93568 58241 91788 61246 99685 68055 48570 46525 11701 22281 12221 60299 49964 21852 23188 13222 44956 13856 33105 66948 12745 15619 27749 14534 90663 42486 63281 59494 45306 44767 99593 80861 49695 57926 48248 6822 89436 58178 45818 72081 96814 60540 66861 35269 60812 51004 41547 55943 94705 95973 13854 98580 81246 20544 75943 65333 86875 76676 7249 23232 68695 66167 17289 81520 89294 93908 69784 31605 1401 31169 82125 23874 77347 54001 87052 49695 77061 1664 7682 23616 26985 62188 87555 77312 11440 78295 48380 11173 6160 28394 12773 43668 85715 84802 67411
5 9886 38912 60421 67580 68438
8 2688 9104 20171 48049 61034 75509 90703 94539
4 31111 50646 60002 73266
3 5328 67047 91971
1 51527
4 9821 11735 51406 73147
7 308 20941 22501 50417 62131 70947 73048
9 611 5998 22951 23729 41494 49228 59419 82905 85199
6 45732 49656 50705 62069 82351 98080
3 36598 76233 86627
7 17649 37047 46661 48454 50000 93568 98907
5 2713 29142 45254 57706 63196
4 12139 36638 84145 91084
4 22187 30203 42845 71919
1 78393
3 18832 60375 78183
3 1477 26399 36568
3 26446 42817 46532
5 14806 18540 37267 39118 70374
2 15551 93921
8 8638 21667 27525 45392 55943 61210 83597 97187
4 20042 37433 52461 98084
4 11822 28806 44920 84178
4 51438 61561 69069 70430
4 29028 34915 77099 96335
3 9392 27078 70205
5 16393 54176 54814 76827 96685
7 1980 18913 30652 53346 67528 70834 97570
5 41285 46676 49881 52629 73678
6 826 11865 17409 27733 62154 89051
4 1525 29388 31959 70887
6 17902 52835 65025 77359 87198 97789
7 10178 13526 16044 23842 31758 75153 85247
4 37 42894 67921 68825
5 6268 15349 27615 32876 78858
4 12700 28148 30868 44592
4 29265 55610 63781 70058
6 20210 24704 44200 66548 70335 92176
6 9678 17513 19236 22561 25524 35604
3 42895 63523 95643
5 45187 48500 65356 72672 95285
8 8215 16150 19309 48247 63888 68572 73862 79120
5 6067 48680 53254 66341 85009
3 38928 55101 86571
7 25911 36523 41364 45094 49244 81602 87298
5 23096 24194 29212 47392 53806
2 46875 75649
8 915 11274 27342 45854 47336 67267 69891 72789
8 21724 25591 33369 34400 47194 54292 64389 73911
5 33571 37019 48106 82712 96389
5 3699 12585 46981 47436 92579
9 1289 10576 22562 37490 52805 69609 71014 99249 99297
9 322 22871 53247 71874 76714 82254 83966 89191 91452
4 26094 59219 71962 81984
6 8030 26397 64463 65071 86299 91823
2 66463 68550
6 3131 16721 20497 28830 59602 78754
6 18700 21549 31427 64884 70421 88637
2 48158 84921
6 28911 48143 60417 67074 86870 89797
9 10217 48707 54999 65690 76691 86690 87646 89378 94387
6 29890 43034 44019 45579 67916 82545
4 6483 40095 68453 83178
7 7025 31847 32019 36557 37324 47021 63770
7 23103 29410 31476 43655 48398 50680 88128
6 27534 29246 35788 57617 81164 96156
5 8745 44824 48889 69850 97540
4 10670 11449 64809 74261
2 57798 65469
4 356 40011 88075 90375
3 21000 50017 94870
6 42863 44402 63755 70076 75181 96077
1 75702
5 9299 10841 31746 35555 89682
7 10441 10883 12927 13362 41880 71644 87743
5 7934 15096 51745 74403 77808
4 23108 33836 46937 47333
3 43663 55844 56171
8 1822 4375 13989 21761 31013 61545 82841 96940
6 10329 17183 27371 50485 66882 80340
5 36676 42645 43146 70005 92615
9 13813 15008 24142 53467 70595 71831 82437 85754 93575
4 19493 25974 67908 69593
10 5272 6711 11488 18096 21640 40117 40603 57035 62133 97291
2 36672 65485
4 4274 16034 52239 97795
5 21858 43779 47288 48157 49193
4 15509 23707 70458 80757
6 14059 31387 36896 39552 81555 84653
4 4964 43748 79966 88426
5 35857 68559 85696 94881 97358
4 276 18925 48813 60669
13 3102 9517 16336 22023 30892 32856 36355 49261 54598 75309 78669 83549 97551
8 18079 23239 24992 30830 37506 71179 71410 78044
8 19094 22532 23186 33941 60846 64045 67539 77462
9 11800 14902 25994 41623 51841 58607 74131 87177 94993
3 2676 22016 89468
4 30482 36490 59523 80781
9 6594 11075 29589 36684 37465 60594 82469 87872 97262
6 2858 5158 20067 52937 71531 93888
4 13149 43740 44864 74967
1 58967
3 35529 45961 51579
2 8114 71663
4 44159 63253 69798 76864
3 80009 94904 95664
7 7957 11302 18155 53481 65982 70241 74026
3 3793 41962 80100
5 11277 14797 45356 47962 53434
7 9646 37207 41852 63007 64675 77064 96513
5 1371 10472 52547 61485 99738
9 6434 49044 58425 66097 72500 77482 87684 91176 91192
5 7417 20104 20406 43968 87354
8 20428 33698 47711 62080 71065 81639 84755 98347
4 50819 54623 60726 89618
7 32526 48509 51000 67829 68376 80610 97777
3 2794 6971 92099
3 72755 84414 90693
6 16401 19588 32374 52710 71900 74542
3 7903 73660 85109
6 9068 21695 24736 46200 76867 86651
4 36956 43588 82616 93683
5 7967 8985 43858 68280 84086
5 22912 30171 34114 85855 93810
7 1693 15842 33029 35908 41098 45669 45886
4 53264 81582 84012 93327
3 34697 42822 61830
7 2284 10886 22933 35728 41265 59864 90918
4 8187 13801 21056 24842
6 11829 28416 61957 72192 74761 77360
4 33863 68031 70899 99342
5 11892 27194 57871 62199 64991
2 23276 84537
8 218 6066 22386 26477 37491 38244 64067 93228
3 3922 43689 82476
5 23267 45482 59669 59966 68987
3 4298 12608 31466
6 14037 23529 31281 76303 76466 98621
10 10504 12057 36251 36827 46235 60542 65476 69983 89300 92285
3 31843 48988 67002
3 11681 42199 70524
5 54717 61412 63182 79069 90912
6 7732 13453 25784 33626 91632 95734
4 19127 60206 62549 91246
3 46349 65351 91878
4 22693 24363 34315 99169
1 66812
5 4462 6916 43325 58492 85235
9 9146 20058 31316 33007 59053 60749 66726 72407 79153
9 7793 7882 8548 43074 57685 65752 80074 80734 93939
6 4456 11575 40676 58136 72641 88894
9 6416 17808 22907 32667 44513 47367 56976 72165 95565
9 7055 13926 21671 21840 22383 36929 39918 77721 91502
8 18113 21138 26151 45518 49745 55779 59306 61992
4 7865 18500 24815 87740
4 3924 4923 44219 49841
6 16420 41018 48657 75012 88908 95095
5 14255 34102 78835 88547 93818
5 56960 74058 76459 77969 79744
6 10692 51875 70048 75618 79626 83389
6 9890 21530 71676 83679 84226 94820
6 10150 22197 88211 88713 99071 99604
3 4924 58230 89798
5 23553 31422 43846 46215 82202
4 3871 72280 74410 96917
5 5167 34752 39669 62505 86085
3 38777 62412 69756
4 22866 42997 81804 92928
3 43150 63678 96654
8 4123 6047 20043 23458 26748 79710 86883 89085
7 1140 9780 30472 47677 61733 68661 69596
7 13659 26474 61158 68808 75612 76433 87320
6 9605 11026 31292 32802 48364 83151
4 4936 8146 20286 77135
10 14633 36081 52255 59701 71119 75701 82228 82929 89080 99983
7 12452 48838 64193 67112 71768 74920 90839
4 14997 34192 66859 96221
5 1741 13099 64683 70692 93445
3 11278 40318 71540
2 10703 91609
2 63725 68886
3 6886 19820 68239
7 45914 48002 52986 57870 60634 60695 74595
3 18506 19777 63958
1 61326
5 1929 11381 52232 82471 97484
6 808 38555 41642 73595 74867 80850
7 9337 12795 25774 38996 56495 76134 91829
4 12212 41767 46026 67969
2 14787 65896
11 2327 10734 30730 40390 48053 53409 67144 67844 71191 75067 91214
7 20024 24774 26831 34983 36197 41799 89632
2 29790 37702
3 43773 57388 94801
2 16105 23955
6 36137 36611 39168 43778 53212 71979
3 61527 67796 71672
