500 200 100000
87822 85400 77887 32512 69806 75418 60917 81225 99030 31686 21256 83393 34600 59010 83176 95097 69836 15382 57043 26592 54614 7503 74562 90832 82434 86522 20992 81136 68342 35309 42181 45973 91575 58791 47293 13487 61883 75845 45660 30958 91585 86513 35847 68994 21073 11002 13941 57067 48671 9936 62921 42557 83167 67200 28403 21338 43506 33620 26227 43972 28915 64075 42045 52524 36325 24004 68710 36966 86968 65224 34013 31613 88902 21663 43644 18793 19441 46207 33801 37492 30980 77851 58338 65149 62599 86631 82482 34519 35344 84165 91204 63731 92974 35399 41984 95806 97144 93335 28803 96153 80020 41658 58465 53894 97453 97289 5490 36137 35555 53844 70494 48869 75508 32663 63662 36993 55943 41151 7902 92276 86256 87452 71861 1064 96216 66826 86642 24953 74733 61396 97279 32452 36760 19508 38718 10850 55273 42664 8402 35210 82030 61053 48491 83012 21906 19045 73024 27484 4040 98414 90986 71766 64032 24450 55748 9963 19542 28167 98650 22610 29760 50947 65603 73662 3 58453 58238 10371 30494 2736 10647 60376 86215 44205 55406 78499 50349 69942 28964 57367 98028 78861 17747 52122 66019 19202 76365 83005 79347 9571 96517 53532 98223 66929 98771 94223 95844 37554 92912 43675 9535 5420 72802 96094 92926 77603 37012 85578 77085 76695 72251 35411 29531 79770 18583 18069 33121 31617 14677 59210 93304 69535 51946 58740 32962 40869 13814 66887 67812 89100 81217 69841 83411 35159 69261 10385 64043 85526 14605 22688 7297 3881 71917 71748 41787 5916 22870 50284 631 63465 12446 64604 45879 85761 35008 59496 94472 50984 93695 62521 60174 64443 41490 68817 84187 25626 47450 62356 70308 58084 91391 6301 23292 73998 55945 30709 92643 30688 26440 99602 58366 4259 25747 49016 81064 35434 39438 61358 24605 83074 42255 17911 84541 57839 52876 68559 47249 55105 84928 64391 78838 48714 57941 62224 47219 68034 79988 20302 56594 13514 84654 11758 93044 348 35632 69367 29526 73140 53404 17906 5592 82839 7911 58920 58638 4073 31444 56148 17993 84886 2264 64127 135 27530 63124 9027 12234 12395 5072 53698 7194 25396 64252 14736 73665 73355 88359 19925 97364 78517 98755 56917 76865 20834 94453 40914 24432 28645 15247 44129 2436 94709 87992 68290 11699 13780 43668 68316 6982 2756 73953 96973 86658 92329 44056 35392 4791 85866 36424 54046 72544 39811 17104 67457 74563 81836 35035 88745 90869 17675 57962 84862 2306 17688 64583 73700 83709 53160 67982 16626 75857 51720 18093 82287 27806 17479 73894 52778 38172 80519 11609 29578 30437 1354 6870 37531 35870 62765 63204 14318 41570 21865 78719 71498 27306 29293 94123 42978 36961 81891 70244 55306 18906 40282 49492 66353 9516 67791 2979 89259 66631 86989 5017 29167 23241 42454 37913 95596 60689 93108 57274 35372 20740 65174 33241 27532 94417 82892 35307 76577 56424 30457 27737 72906 13682 61934 80318 99256 38819 57017 98072 86304 78232 2870 89177 24819 91290 75605 52438 33201 99343 93546 18995 15586 56714 37031 7386 10695 29950 40049 72463 75572 91021 69797 99770 98073 67645 6041 80021 89272
3 13682 36325 84187
3 24004 25626 61934
3 47450 68710 80318
3 36966 62356 99256
3 38819 70308 86968
3 57017 58084 65224
3 34013 91391 98072
3 6301 31613 86304
3 23292 78232 88902
3 2870 21663 73998
3 43644 55945 89177
3 18793 24819 30709
3 19441 91290 92643
3 30688 46207 75605
3 26440 33801 52438
3 33201 37492 99602
3 30980 58366 99343
3 4259 77851 93546
3 18995 25747 58338
3 15586 49016 65149
3 56714 62599 81064
3 35434 37031 86631
3 7386 39438 82482
3 10695 34519 61358
3 24605 29950 35344
3 40049 83074 84165
3 42255 72463 91204
3 17911 63731 75572
3 84541 91021 92974
3 35399 57839 69797
3 41984 52876 99770
3 68559 95806 98073
3 47249 67645 97144
3 6041 55105 93335
3 28803 80021 84928
3 64391 89272 96153
2 78838 80020
2 41658 48714
2 57941 58465
2 53894 62224
2 47219 97453
2 68034 97289
2 5490 79988
2 20302 36137
2 35555 56594
2 13514 53844
2 70494 84654
2 11758 48869
2 75508 93044
2 348 32663
2 35632 63662
2 36993 69367
2 29526 55943
2 41151 73140
2 7902 53404
2 17906 92276
2 5592 86256
2 82839 87452
2 7911 71861
2 1064 58920
2 58638 96216
2 4073 66826
2 31444 86642
2 24953 56148
2 17993 74733
2 61396 84886
2 2264 97279
2 32452 64127
2 135 36760
2 19508 27530
2 38718 63124
2 9027 10850
2 12234 55273
2 12395 42664
2 5072 8402
2 35210 53698
2 7194 82030
2 25396 61053
2 48491 64252
2 14736 83012
2 21906 73665
2 19045 73355
2 73024 88359
2 19925 27484
2 4040 97364
2 78517 98414
2 90986 98755
2 56917 71766
2 64032 76865
2 20834 24450
2 55748 94453
2 9963 40914
2 19542 24432
2 28167 28645
2 15247 98650
2 22610 44129
2 2436 29760
2 50947 94709
2 65603 87992
2 68290 73662
2 3 11699
2 13780 58453
2 43668 58238
2 10371 68316
2 6982 30494
2 2736 2756
2 10647 73953
2 60376 96973
2 86215 86658
2 44205 92329
2 44056 55406
2 35392 78499
2 4791 50349
2 69942 85866
2 28964 36424
2 54046 57367
2 72544 98028
2 39811 78861
2 17104 17747
2 52122 67457
2 66019 74563
2 19202 81836
2 35035 76365
2 83005 88745
2 79347 90869
2 9571 17675
2 57962 96517
2 53532 84862
2 2306 98223
2 17688 66929
2 64583 98771
2 73700 94223
2 83709 95844
2 37554 53160
2 67982 92912
2 16626 43675
3 9535 75857 87822
3 5420 51720 85400
3 18093 72802 77887
3 32512 82287 96094
3 27806 69806 92926
3 17479 75418 77603
3 37012 60917 73894
3 52778 81225 85578
3 38172 77085 99030
3 31686 76695 80519
3 11609 21256 72251
3 29578 35411 83393
3 29531 30437 34600
3 1354 59010 79770
3 6870 18583 83176
3 18069 37531 95097
3 33121 35870 69836
3 15382 31617 62765
3 14677 57043 63204
3 14318 26592 59210
3 41570 54614 93304
3 7503 21865 69535
3 51946 74562 78719
3 58740 71498 90832
3 27306 32962 82434
3 29293 40869 86522
3 13814 20992 94123
3 42978 66887 81136
3 36961 67812 68342
3 35309 81891 89100
3 42181 70244 81217
3 45973 55306 69841
3 18906 83411 91575
3 35159 40282 58791
3 47293 49492 69261
3 10385 13487 66353
3 9516 61883 64043
3 67791 75845 85526
3 2979 14605 45660
3 22688 30958 89259
3 7297 66631 91585
3 3881 86513 86989
3 5017 35847 71917
3 29167 68994 71748
3 21073 23241 41787
3 5916 11002 42454
3 13941 22870 37913
3 50284 57067 95596
3 631 48671 60689
3 9936 63465 93108
3 12446 57274 62921
3 35372 42557 64604
3 20740 45879 83167
3 65174 67200 85761
3 28403 33241 35008
3 21338 27532 59496
3 43506 94417 94472
3 33620 50984 82892
3 26227 35307 93695
3 43972 62521 76577
3 28915 56424 60174
3 30457 64075 64443
3 27737 41490 42045
3 52524 68817 72906
