500 200 100000
34732 4138 60443 74604 2014 19066 7017 46524 17499 93515 37243 5826 16299 59806 41205 50907 63520 23943 20962 49859 80519 87137 21078 83237 3330 66027 16862 29939 23810 88561 96087 88504 14094 64502 38087 23427 2022 40376 26390 28043 80025 92225 16186 76062 3219 34288 12978 17082 57576 86238 325 7195 58326 79635 5577 77488 53516 75985 18623 54579 1617 60335 21353 30348 17771 94693 6822 48431 37049 34931 28723 63351 81458 34085 15652 41489 38949 80355 86561 79339 69646 63311 54379 70822 49895 63298 17795 7540 33775 42337 68374 3048 81751 93595 2398 14792 60311 91486 56512 28241 41201 92963 54506 73962 77539 56621 59027 1194 11063 67219 83546 78414 308 85852 87876 44218 24291 54299 62422 43615 48779 25394 14963 71135 22653 72925 93963 14421 60453 15215 50846 90077 25051 58983 20098 41915 87425 82983 35400 48308 86852 41901 76474 76892 18650 55620 43430 92697 24169 48593 1147 8747 47693 77417 10474 96357 79089 87325 58579 31653 97930 56471 81398 55750 37661 24506 55564 79574 90718 55742 38855 86390 79563 98048 2069 8369 84148 55694 91807 20902 55049 94657 18972 57091 41909 22252 24754 71542 75649 76201 93525 34766 19424 84320 39528 68191 60296 70265 15706 47512 29795 6001 55917 92990 50215 94049 84952 60877 55006 44416 66396 64217 82684 7704 53417 80402 67269 2025 60210 58503 60185 17852 85805 5372 85680 19942 20596 48617 8573 83232 61102 91471 33037 45332 52157 44073 8372 1283 12367 38410 32626 62372 15717 35878 92626 60626 97025 40796 77101 64189 3504 97618 39420 80382 38780 35952 52503 82921 35726 3219 83174 84422 90113 55480 68330 60885 77196 16326 95764 93372 19295 91190 23784 37496 32932 52687 7688 63331 37143 27775 60684 2943 367 78531 37680 62154 47127 64740 45131 34880 13208 93621 16640 77577 21587 89520 39695 46757 26360 96583 52453 66741 79581 35749 73045 64650 40718 91542 99207 11174 78298 32313 71703 30387 7447 51964 48838 69905 916 50367 94348 38131 45107 66050 27184 29063 26104 5442 66551 52884 49652 97674 50296 39138 74033 91877 39626 90173 84092 32541 61005 61362 94670 90077 1855 3637 78033 68286 80107 18195 52723 65128 87553 23679 81244 41630 23411 4885 2479 54082 99267 65979 7149 60615 15144 1624 37974 16486 5538 43819 67599 19458 7490 52572 82596 18725 10541 30387 76918 89009 68732 82151 17268 49526 27757 9383 80016 64028 34572 14167 28598 16213 84446 11877 19733 50706 82812 4304 35658 89350 59288 57438 83811 63556 44585 90700 36561 76837 90520 28823 92082 86575 28003 57595 10003 87119 75118 76273 84822 94281 44566 78141 30948 24276 74318 40401 24498 12107 96604 25268 1332 69475 91500 64786 216 5851 70368 87278 13705 62117 80689 90590 51442 95916 42492 18352 48069 82022 72726 48316 57951 94960 27630 70522 72398 30921 4417 53897 88385 22324 10282 7990 30504 82007 52175 44071 15668 74256 81057 24095 71236 80948 93540 62540 48329 1957 90287 73231 82902 55173 7753 80225 652 15651 26048 86722 7709 51619 98845 34726 87905 17836 35222 8336 75268 10440 10306 77081 54603 88571
3 2729 77028 82402
3 17157 32598 45877
9 23128 27434 39492 50217 77832 78868 82266 84937 86640
9 7962 8908 37511 40616 63665 64115 68467 86287 98106
3 17219 43520 79691
2 26758 90607
6 19473 21092 32507 60214 79310 86105
8 12547 16651 17670 23726 29307 58196 63009 67243
2 58640 70200
4 63637 71991 73251 96991
5 764 33256 87873 96567 98529
6 4223 30021 41501 53409 84038 84865
2 1630 35286
3 39124 57099 59781
5 15101 20478 22837 29076 62394
6 31558 56486 64226 75744 78310 90340
2 17294 52640
6 13838 22937 32727 44241 46059 79471
8 10696 14249 17044 20823 87393 87521 88241 91972
9 1045 34557 41659 45078 54596 62975 72918 77504 91349
3 30870 62321 71446
3 23265 39072 65700
7 4639 19129 23338 68503 73645 91215 94401
4 23133 28838 56351 56544
2 17937 18643
2 95688 97389
7 19176 29137 48374 71507 72416 74380 86546
5 10545 46962 58028 82152 93929
4 47084 81448 81923 99903
6 10437 30415 52960 57240 73729 86932
4 18659 56221 61392 67965
4 44620 52180 57018 83712
4 24604 27358 58167 83291
3 55009 91758 96364
7 18371 21100 22470 27273 33129 70757 85092
8 7303 9710 18400 20297 25034 26862 38417 51625
10 2983 22282 24107 25668 27468 36990 58954 65259 76130 99833
6 14793 60908 76894 86723 93718 94840
5 7067 24408 50742 76017 78718
8 4308 13163 58358 77887 87001 87004 93977 96774
8 5880 11862 17459 35530 40992 48796 67693 71121
4 14249 60984 64321 66722
6 1550 23277 33649 35665 45234 46597
9 635 1515 6243 17270 33673 37222 66928 71788 99583
3 19953 68316 82844
6 9421 31254 42702 55446 68864 83225
10 5414 13569 20254 31679 56819 57976 78000 80195 86746 89870
2 23632 84543
6 24612 48495 53544 60609 62767 91165
6 155 27733 32285 49949 54847 63623
7 8162 23355 25438 36448 70161 84819 98013
2 58944 96313
3 32734 41139 54136
2 22292 53913
4 5463 71975 80348 83400
6 11419 25724 26464 28275 51512 62406
2 60482 65247
6 15635 16213 19877 64125 69115 75034
3 47660 91876 97312
5 21176 53783 56718 70783 82664
5 2384 21441 57194 62575 77551
4 17762 46304 50948 86582
1 1942
4 20087 81508 85969 91201
6 30680 31888 52701 77984 81368 84625
3 26022 69713 77549
4 11978 44913 72509 90777
5 18189 20113 25704 85940 92041
2 83240 89808
4 12253 50626 63003 70945
7 1056 6878 9194 11072 52741 60275 82178
3 22401 47614 99556
10 17375 26357 35133 40770 51866 74532 74827 83176 87925 90200
8 11061 29655 31538 33666 33776 40498 84376 88442
4 11740 34395 61799 86781
3 3812 44777 61171
4 42927 45903 53093 78292
7 1792 9597 59410 69618 74836 89008 97158
8 2969 24162 37393 56438 59278 65068 78797 98225
4 19211 23778 69268 89804
8 3175 16525 18062 54145 56579 58594 67389 96453
3 19097 54252 77552
2 47785 99416
11 7883 17529 21031 25152 29098 47349 53780 68014 68630 75735 98987
2 62431 73388
5 26195 39492 68167 72785 75025
4 17847 23146 34458 90923
4 75109 75169 83810 89159
2 23287 26807
6 25147 62035 70774 84338 89953 91425
7 10788 12893 23359 25980 28647 73972 88368
8 2252 10355 40963 43993 54709 67034 78194 87660
6 1561 2628 11757 24519 56819 95416
5 929 54158 71727 77331 99916
6 2954 13646 46862 72382 73730 75198
3 60786 65466 80272
4 14749 18982 71920 75773
3 18108 67061 88681
8 3749 9005 11780 23010 25016 56627 70233 92907
5 12396 19967 45504 68552 82622
5 20720 32568 43237 76058 82930
5 6122 16354 18418 55976 69860
4 14354 58454 83683 90384
8 10141 42651 50686 56772 59640 64172 76839 99225
3 18975 64893 87634
4 11940 20138 51623 86861
8 19496 28665 35349 39897 53754 71328 73156 79951
6 516 25281 25568 50672 73857 97780
5 40726 41653 53662 66581 98897
3 25977 78367 78694
4 4589 6951 7696 24786
4 22376 75581 89164 92640
4 30437 47491 62131 82620
3 4405 11818 79686
7 17940 26687 28237 29441 34062 48780 60735
6 43525 55834 56334 72671 73242 73894
5 10309 32322 58391 68623 85436
3 30449 38744 50593
2 61544 68101
4 6565 18895 77629 87545
5 27182 39001 51299 85494 91452
3 14491 23146 88233
5 4488 13485 16197 21294 61246
3 1714 50257 96848
6 22250 61507 66367 66565 78070 99410
4 14578 53719 84120 92804
2 809 73813
6 1894 25512 26233 44231 50643 59552
5 6760 30132 67921 74771 95468
6 4997 13720 20763 52748 62775 87693
1 55607
5 2723 4149 21290 29074 44481
2 182 98091
2 26836 28695
12 5270 9830 11865 14507 15552 22738 35303 41074 41638 66832 72282 91978
5 10821 20787 21685 54650 91423
3 21303 31953 76806
1 60583
5 45212 45279 46322 60655 84255
4 42487 63631 67880 96738
5 29047 33782 37896 50345 90224
6 3035 28866 47796 57807 90927 95764
6 40787 41349 50960 53957 58599 66488
4 13325 32537 42353 81117
4 36808 37859 43631 46054
6 13334 15863 31955 60149 62581 88349
4 4543 48448 63821 91754
7 4999 22388 23212 45839 56029 76064 96971
4 17122 25350 33500 59238
8 13335 17511 26517 54955 61987 84520 87606 96233
4 5895 34820 62465 98321
3 1368 78874 82658
4 27784 32918 59486 84180
2 76905 99486
7 18727 28885 54239 56503 85325 89152 99257
5 2246 2855 31597 35579 45902
9 400 2408 8824 26289 30974 32875 38211 56846 87176
4 63699 74021 92704 97387
3 9099 53030 82816
7 36346 45568 49153 55524 62809 81325 81412
6 24796 44176 57575 69214 78001 91260
5 16313 57567 70026 78347 83737
8 10387 12985 19954 21986 77127 85771 88074 93707
3 2175 49482 71887
1 11706
7 7431 10287 34823 48182 52736 72099 74430
5 14695 26122 49946 67948 69201
9 13680 27314 32603 35403 40956 62006 68337 70122 96257
4 8135 11758 12361 83372
5 3083 23871 49934 59397 75519
7 2895 9888 21861 26827 53374 71366 90243
8 1828 8824 40303 58874 75657 78462 82954 92116
5 8020 18722 35843 72606 75951
5 7377 19959 26100 38468 53833
6 39471 47700 63416 69056 74682 92970
6 5141 16029 30041 49230 69516 89775
1 21130
4 37472 78153 87232 95083
7 1569 3745 9861 10707 16662 65114 70435
7 16880 31436 33202 49830 76427 84270 93732
5 23208 46657 56373 85413 90932
5 32026 61215 61387 76310 91896
3 5946 9486 83541
6 10040 24124 46777 52379 62023 89155
1 29009
5 4632 17602 41464 59826 86363
5 7864 13650 15950 19377 46513
7 12530 44194 54260 65732 67515 81605 86341
4 4858 47532 58092 73264
4 61047 70971 72517 93512
4 17009 27106 75187 93313
9 7153 29433 29491 43440 43609 60281 69128 88013 96585
5 9777 14361 53289 70575 99892
4 30538 61688 75897 81632
6 802 14748 30470 45472 68132 84378
5 15477 38643 39029 41105 43759
4 31157 40064 83239 93860
7 16682 18326 36083 36657 50093 69923 90525
5 10752 22833 24768 62984 85398
6 2728 48123 52583 55885 59180 88704
