314 165 314
124 6 285 202 142 282 92 196 294 261 199 186 93 31 16 104 84 293 12 199 85 101 95 90 306 100 116 172 171 169 229 1 195 92 73 212 265 257 86 209 313 288 44 123 244 157 269 182 62 204 259 38 58 283 154 176 255 258 269 176 92 100 307 305 259 241 205 221 159 132 96 69 2 85 36 210 96 264 282 153 252 13 147 110 163 158 153 122 153 229 103 54 199 248 200 126 205 234 149 26 298 56 313 109 235 142 293 89 307 281 127 78 222 230 260 159 16 221 193 233 173 271 129 264 19 81 89 260 142 148 64 109 150 239 15 257 243 59 79 281 238 181 219 144 10 184 171 125 86 127 165 92 285 42 267 134 215 147 44 106 313 288 82 311 272 243 285 50 109 36 228 126 118 79 127 2 194 289 285 97 203 10 127 15 128 290 151 291 219 162 278 45 191 210 116 302 73 146 3 189 137 58 249 272 282 53 129 155 246 298 74 117 308 289 276 204 16 33 274 196 211 199 42 219 158 139 65 235 309 283 67 92 0 290 300 198 277 67 87 144 38 313 89 42 90 294 133 244 101 121 222 10 55 148 51 150 247 238 237 205 312 112 156 165 294 15 306 129 63 219 207 124 190 312 52 164 166 57 276 186 59 13 52 21 149 83 179 83 300 272 225 71 228 4 173 140 85 39 275 86 255 44 281 168 61 305 173 297 166 233 213 140 19 116
2 54 247
2 199 238
2 237 248
2 200 205
2 126 312
2 112 205
2 156 234
2 149 165
2 26 294
2 15 298
2 56 306
2 129 313
2 63 109
2 219 235
2 142 207
2 124 293
2 89 190
2 307 312
2 52 281
2 127 164
2 78 166
2 57 222
2 230 276
2 186 260
2 59 159
2 13 16
2 52 221
2 21 193
2 149 233
2 83 173
2 179 271
2 83 129
2 264 300
2 19 272
2 81 225
2 71 89
2 228 260
2 4 142
2 148 173
2 64 140
2 85 109
2 39 150
2 239 275
2 15 86
2 255 257
2 44 243
2 59 281
2 79 168
2 61 281
2 238 305
2 173 181
2 219 297
2 144 166
2 10 233
2 184 213
2 140 171
2 19 125
2 86 116
1 127
1 165
1 92
1 285
1 42
1 267
1 134
1 215
1 147
1 44
1 106
1 313
1 288
1 82
1 311
1 272
2 124 243
2 6 285
2 50 285
2 109 202
2 36 142
2 228 282
2 92 126
2 118 196
2 79 294
2 127 261
2 2 199
2 186 194
2 93 289
2 31 285
2 16 97
2 104 203
2 10 84
2 127 293
2 12 15
2 128 199
2 85 290
2 101 151
2 95 291
2 90 219
2 162 306
2 100 278
2 45 116
2 172 191
2 171 210
2 116 169
2 229 302
2 1 73
2 146 195
2 3 92
2 73 189
2 137 212
2 58 265
2 249 257
2 86 272
2 209 282
2 53 313
2 129 288
2 44 155
2 123 246
2 244 298
2 74 157
2 117 269
2 182 308
2 62 289
2 204 276
2 204 259
2 16 38
2 33 58
2 274 283
2 154 196
2 176 211
2 199 255
2 42 258
2 219 269
2 158 176
2 92 139
2 65 100
2 235 307
2 305 309
2 259 283
2 67 241
2 92 205
2 0 221
2 159 290
2 132 300
2 96 198
2 69 277
2 2 67
2 85 87
2 36 144
2 38 210
2 96 313
2 89 264
2 42 282
2 90 153
2 252 294
2 13 133
2 147 244
2 101 110
2 121 163
2 158 222
2 10 153
2 55 122
2 148 153
2 51 229
2 103 150
