500 200 100000
23850 14340 23982 225 32373 81401 53147 37813 31092 29575 69560 58911 43095 82241 64285 19469 57349 51377 38528 27031 10292 35608 29378 3494 47057 48050 88179 81383 81442 12908 53262 22741 91184 95884 78021 98713 69455 51055 7633 12 63476 99501 76017 89922 94666 19114 4813 86738 70896 29844 98676 60807 73441 17346 30034 20974 40638 71860 23157 48226 66235 10896 44890 97394 87886 29680 26065 27837 66949 19961 69707 75404 51037 48317 21029 12177 58878 17964 3290 84871 73094 5590 18424 61358 99749 99790 43636 68885 10180 27722 53636 23325 17005 45689 92029 87307 15170 32340 38149 19886 70150 24410 90733 83004 35507 90194 5414 11675 95621 75927 77596 5987 30 5730 64169 38898 71086 4581 40990 34878 13620 32325 83138 28767 29952 81502 52046 51530 17945 48602 33752 41592 51896 60026 21062 79583 46861 76337 21589 81199 21923 73538 83562 82996 48588 13717 94988 9868 416 84913 45327 57109 63537 14621 98719 28453 71463 63128 44231 76787 72600 49750 75414 87556 71695 85559 6802 43862 52308 69925 7011 28312 62800 86538 51316 64306 5755 49398 69041 17710 21507 10681 31312 34679 9380 38514 21158 69851 27437 19606 67331 8168 96014 13776 18076 19327 2185 15706 74709 74987 42981 63368 99186 60122 53376 9876 81399 62595 32617 94694 54720 183 35992 63482 15826 23821 22463 68056 81709 59060 93678 6236 66353 93576 18921 34814 86857 2817 66035 22839 74906 9548 44487 60217 66055 24128 2442 97939 18326 35059 34446 31233 90594 9994 88341 88977 91934 81569 88695 9880 77909 96959 61951 42144 18632 6680 73374 1895 91108 33330 85093 62157 28961 28296 30506 86354 17994 24820 22999 95781 33955 12945 39495 3776 65261 63518 4958 65246 28476 97294 98233 21864 17632 62320 26669 68673 39673 99787 99 85522 27888 92329 78333 98147 98769 58419 59480 41133 59021 77305 92639 23398 43334 57344 87634 75855 22312 13607 29704 88006 8881 14655 32755 93311 95865 49970 93555 32994 55047 30808 99551 69335 61601 49665 18115 2885 97988 23274 51991 3364 29072 84715 10300 25368 97785 81733 44986 68026 73147 32705 40559 70089 87911 12721 28156 50167 42236 24737 70611 42248 24668 22471 13853 58631 50369 51000 9947 65964 18275 95601 99309 49621 72655 52043 50439 4822 20934 64201 65989 54473 3238 65455 32992 89820 41306 31526 37745 41573 94708 55847 31418 487 5892 73476 61897 69080 39809 88467 40907 67623 58700 77640 45589 41023 90327 74974 43783 36444 5164 38649 37195 44481 72447 33216 8736 72268 93950 98231 79963 75178 96485 11642 88597 7454 13214 10942 49793 97632 65019 98239 49394 30938 11047 58114 23966 80053 34516 69120 41042 99343 13518 46236 76558 36037 9809 53853 17796 33078 63513 23332 17358 62832 51356 88627 50418 94228 82750 3503 67866 73038 58141 19222 24526 92799 67034 75269 95147 62293 37868 38961 508 64157 77010 58721 41410 81737 23913 72695 9187 6681 15335 56697 16780 13661 26154 27082 72424 70714 98946 87654 55193 31892 77481 7852 68044 97688 64823 86417 93071 19954 85356 93590 5499 57353 60146 79915 57273 55700 94474 94231
3 2442 17796 69455
3 33078 51055 97939
3 7633 18326 63513
3 12 23332 35059
3 17358 34446 63476
3 31233 62832 99501
3 51356 76017 90594
3 9994 88627 89922
3 50418 88341 94666
3 19114 88977 94228
3 4813 82750 91934
3 3503 81569 86738
3 67866 70896 88695
3 9880 29844 73038
3 58141 77909 98676
3 19222 60807 96959
3 24526 61951 73441
3 17346 42144 92799
3 18632 30034 67034
3 6680 20974 75269
3 40638 73374 95147
3 1895 62293 71860
3 23157 37868 91108
3 33330 38961 48226
3 508 66235 85093
3 10896 62157 64157
3 28961 44890 77010
3 28296 58721 97394
3 30506 41410 87886
3 29680 81737 86354
3 17994 23913 26065
3 24820 27837 72695
3 9187 22999 66949
3 6681 19961 95781
3 15335 33955 69707
3 12945 56697 75404
3 16780 39495 51037
3 3776 13661 48317
3 21029 26154 65261
3 12177 27082 63518
3 4958 58878 72424
3 17964 65246 70714
3 3290 28476 98946
3 84871 87654 97294
3 55193 73094 98233
3 5590 21864 31892
3 17632 18424 77481
3 7852 61358 62320
3 26669 68044 99749
3 68673 97688 99790
3 39673 43636 64823
3 68885 86417 99787
3 99 10180 93071
3 19954 27722 85522
3 27888 53636 85356
3 23325 92329 93590
3 5499 17005 78333
3 45689 57353 98147
3 60146 92029 98769
3 58419 79915 87307
3 15170 57273 59480
3 32340 41133 55700
3 38149 59021 94474
3 19886 77305 94231
2 70150 92639
2 23398 24410
2 43334 90733
2 57344 83004
2 35507 87634
2 75855 90194
2 5414 22312
2 11675 13607
2 29704 95621
2 75927 88006
2 8881 77596
2 5987 14655
2 30 32755
2 5730 93311
2 64169 95865
2 38898 49970
2 71086 93555
2 4581 32994
2 40990 55047
2 30808 34878
2 13620 99551
2 32325 69335
2 61601 83138
2 28767 49665
2 18115 29952
2 2885 81502
2 52046 97988
2 23274 51530
2 17945 51991
2 3364 48602
2 29072 33752
2 41592 84715
2 10300 51896
2 25368 60026
2 21062 97785
2 79583 81733
2 44986 46861
2 68026 76337
2 21589 73147
2 32705 81199
2 21923 40559
2 70089 73538
2 83562 87911
2 12721 82996
2 28156 48588
2 13717 50167
2 42236 94988
2 9868 24737
2 416 70611
2 42248 84913
2 24668 45327
2 22471 57109
2 13853 63537
2 14621 58631
2 50369 98719
2 28453 51000
2 9947 71463
2 63128 65964
2 18275 44231
2 76787 95601
2 72600 99309
2 49621 49750
2 72655 75414
2 52043 87556
2 50439 71695
2 4822 85559
2 6802 20934
2 43862 64201
2 52308 65989
2 54473 69925
2 3238 7011
2 28312 65455
2 32992 62800
2 86538 89820
2 41306 51316
2 31526 64306
2 5755 37745
2 41573 49398
2 69041 94708
2 17710 55847
2 21507 31418
2 487 10681
2 5892 31312
2 34679 73476
2 9380 61897
2 38514 69080
2 21158 39809
2 69851 88467
2 27437 40907
2 19606 67623
2 58700 67331
2 8168 77640
2 45589 96014
2 13776 41023
2 18076 90327
2 19327 74974
2 2185 43783
2 15706 36444
2 5164 74709
2 38649 74987
3 23850 37195 42981
3 14340 44481 63368
3 23982 72447 99186
3 225 33216 60122
3 8736 32373 53376
3 9876 72268 81401
3 53147 81399 93950
3 37813 62595 98231
3 31092 32617 79963
3 29575 75178 94694
3 54720 69560 96485
3 183 11642 58911
3 35992 43095 88597
3 7454 63482 82241
3 13214 15826 64285
3 10942 19469 23821
3 22463 49793 57349
3 51377 68056 97632
3 38528 65019 81709
3 27031 59060 98239
3 10292 49394 93678
3 6236 30938 35608
3 11047 29378 66353
3 3494 58114 93576
3 18921 23966 47057
3 34814 48050 80053
3 34516 86857 88179
3 2817 69120 81383
3 41042 66035 81442
3 12908 22839 99343
3 13518 53262 74906
3 9548 22741 46236
3 44487 76558 91184
3 36037 60217 95884
3 9809 66055 78021
3 24128 53853 98713
