500 200 500
66 271 379 489 324 369 461 258 60 167 374 323 65 463 387 209 357 64 338 95 116 80 26 105 431 46 282 74 372 312 64 355 102 69 350 350 276 43 340 323 139 40 355 131 112 497 142 414 244 332 243 98 284 51 175 261 292 162 294 176 114 19 379 314 225 120 417 444 243 194 278 497 408 277 406 346 449 313 233 456 185 328 377 225 366 471 430 396 430 226 45 30 225 384 26 54 29 181 112 4 200 348 312 444 173 450 251 91 211 30 295 104 391 272 210 461 188 268 357 222 78 357 181 59 157 449 311 164 187 64 492 429 106 322 236 114 218 394 123 412 298 220 359 331 260 252 145 302 93 19 425 450 156 368 190 204 397 133 283 287 333 421 64 492 250 153 142 419 57 383 374 103 196 369 239 331 115 178 354 213 263 388 223 105 104 480 150 36 467 11 249 233 327 447 298 113 338 193 282 138 487 264 285 248 341 329 305 424 369 241 127 296 193 494 404 171 140 406 41 242 308 12 317 166 389 161 40 59 421 295 292 300 74 164 115 285 374 27 166 1 116 314 312 337 182 265 448 348 160 405 378 169 276 38 346 252 137 47 271 234 46 133 114 355 288 427 239 42 203 361 169 51 471 121 289 37 161 187 119 375 150 0 497 257 152 405 152 165 218 87 300 219 380 416 97 365 264 30 480 297 354 350 87 247 136 197 234 34 209 0 30 299 26 492 279 486 419 249 331 331 495 297 82 245 255 200 221 323 333 449 405 444 144 462 215 118 351 115 146 375 425 141 183 410 484 265 40 176 238 10 443 423 123 169 464 436 58 314 480 192 12 448 420 34 74 347 392 455 43 131 319 332 33 3 151 70 470 373 219 263 217 75 165 232 460 122 413 334 25 380 206 390 157 407 336 131 292 342 445 246 266 376 221 396 449 190 209 456 126 128 336 310 303 421 290 400 178 403 49 359 83 13 324 171 338 304 267 289 173 462 105 297 23 297 100 371 98 400 256 164 430 189 369 155 85 498 438 381 185 212 87 183 316 183 153 75 12 222 26 386 290 204 465 63 360 146 309 193 225 392 257 404 84 140 314 464 71 384 339 261 290 387 162 318 308 279 369 282 359 152 385 71 475 404 459 399 92 193 17 110
3 65 193 303
3 421 463 494
3 290 387 404
3 171 209 400
3 140 178 357
3 64 403 406
3 41 49 338
3 95 242 359
3 83 116 308
3 12 13 80
3 26 317 324
3 105 166 171
3 338 389 431
3 46 161 304
3 40 267 282
3 59 74 289
3 173 372 421
3 295 312 462
3 64 105 292
3 297 300 355
3 23 74 102
3 69 164 297
3 100 115 350
3 285 350 371
3 98 276 374
3 27 43 400
3 166 256 340
3 1 164 323
3 116 139 430
3 40 189 314
3 312 355 369
3 131 155 337
3 85 112 182
3 265 497 498
3 142 438 448
3 348 381 414
3 160 185 244
3 212 332 405
3 87 243 378
3 98 169 183
3 276 284 316
3 38 51 183
3 153 175 346
3 75 252 261
3 12 137 292
3 47 162 222
3 26 271 294
3 176 234 386
3 46 114 290
3 19 133 204
3 114 379 465
3 63 314 355
3 225 288 360
3 120 146 427
3 239 309 417
3 42 193 444
3 203 225 243
3 194 361 392
3 169 257 278
3 51 404 497
3 84 408 471
3 121 140 277
3 289 314 406
3 37 346 464
3 71 161 449
3 187 313 384
3 119 233 339
3 261 375 456
3 150 185 290
3 0 328 387
3 162 377 497
3 225 257 318
3 152 308 366
3 279 405 471
3 152 369 430
3 165 282 396
3 218 359 430
3 87 152 226
3 45 300 385
3 30 71 219
3 225 380 475
3 384 404 416
3 26 97 459
3 54 365 399
3 29 92 264
3 30 181 193
3 17 112 480
3 4 110 297
2 200 354
2 348 350
2 87 312
2 247 444
2 136 173
2 197 450
2 234 251
2 34 91
2 209 211
2 0 30
2 30 295
2 104 299
2 26 391
2 272 492
2 210 279
2 461 486
2 188 419
2 249 268
2 331 357
2 222 331
2 78 495
2 297 357
2 82 181
2 59 245
2 157 255
2 200 449
2 221 311
2 164 323
2 187 333
2 64 449
2 405 492
2 429 444
2 106 144
2 322 462
2 215 236
2 114 118
2 218 351
2 115 394
2 123 146
2 375 412
2 298 425
2 141 220
2 183 359
2 331 410
2 260 484
2 252 265
2 40 145
2 176 302
2 93 238
2 10 19
2 425 443
2 423 450
2 123 156
2 169 368
2 190 464
2 204 436
2 58 397
2 133 314
2 283 480
2 192 287
2 12 333
2 421 448
2 64 420
2 34 492
2 74 250
2 153 347
2 142 392
2 419 455
2 43 57
2 131 383
2 319 374
2 103 332
2 33 196
2 3 369
2 151 239
2 70 331
2 115 470
2 178 373
2 219 354
2 213 263
2 217 263
2 75 388
2 165 223
2 105 232
2 104 460
2 122 480
2 150 413
2 36 334
2 25 467
2 11 380
2 206 249
2 233 390
2 157 327
2 407 447
2 298 336
2 113 131
2 292 338
2 193 342
2 282 445
2 138 246
3 66 266 487
3 264 271 376
3 221 285 379
3 248 396 489
3 324 341 449
3 190 329 369
3 209 305 461
3 258 424 456
3 60 126 369
3 128 167 241
3 127 336 374
3 296 310 323
