412 159 85469
61709 43383 24915 1743 85237 79396 67934 60204 9114 57096 46143 37391 39285 55688 11312 67254 55177 25859 5699 84808 28113 6356 7644 31684 45668 21221 73787 74371 6532 64857 63114 68506 55646 75027 70678 43144 44716 74179 51493 43858 36594 9611 50537 62281 20747 21198 60301 66097 66677 82736 81459 79175 35500 11987 46889 24173 30576 81662 84671 2028 47354 11614 33251 28998 22687 53959 31455 4231 51562 71768 46064 46026 18420 13072 84323 47136 10418 13956 22909 38530 13962 54203 16807 66834 70662 25633 39882 70849 70434 45072 46620 19092 15995 56217 55504 47509 24121 46137 23000 56697 11568 13477 26022 35404 17462 3843 33854 9658 63202 3928 56955 22326 61044 34082 25313 50643 70084 41892 52591 66013 72530 17639 57802 53146 12903 36300 84997 60880 68584 41720 82429 54459 51138 6676 37514 69248 84648 84231 58265 33336 28055 18046 67155 64643 41199 73889 78558 37859 79066 80637 19856 26497 11632 76530 62515 22037 3245 25913 75381 78556 82474 12795 74543 1102 68367 34343 28003 60295 12271 76541 35010 64682 69064 25303 36360 77341 49997 14009 71949 5062 46634 7899 14314 39175 50272 5811 22019 58896 81805 34378 49932 19316 6501 21753 48806 42652 12277 62352 75919 70630 36584 100 40689 27882 60911 44023 66329 50088 38920 27840 38604 41421 16938 83265 10998 77648 65962 52542 55368 24703 65205 63142 15174 83116 56305 83151 21337 46160 10256 63116 78546 43339 4134 41035 27735 71448 10078 43105 59303 26209 1979 61806 74413 24535 65685 12867 63802 45198 41987 54378 36989 83266 24316 19301 61888 58951 1050 64766 62899 84949 53838 11731 77667 72209 55860 9617 69362 83840 16962 76103 46856 5206 60188 81763 77196 11073 47305 79220 74874 64397 21869 53718 21002 52421 61934 40954 38901 17897 49656 41579 48196 32510 52020 38651 32357 65932 78531 21529 71798 21458 66828 51027 21744 64954 2345 33333 32675 9340 55761 66731 31241 18538 22563 51688 8712 81414 75072 24844 4990 31178 62495 12094 55020 1697 76145 59045 36974 23621 7447 70114 8997 70951 56531 29342 82240 63960 80194 35715 81034 5516 3897 72118 43916 55745 67417 78904 77233 36332 31307 52713 57022 48841 39697 33747 31458 44738 57822 72230 73063 23208 37055 69921 76505 6240 55977 43043 46997 777 53826 39396 15851 81112 40654 20275 49672 13043 29388 57271 45196 40581 50280 7509 19912 23175 9873 39404 81062 59831 65683 46635 69115 73004 18122 23800 44561 19068 75883 70759 5436 22513 34628 68899 73841 15808 70729 21079 47957 51179 55904 81548 46028 33547
3 35010 37391 70114
3 8997 39285 64682
3 55688 69064 70951
3 11312 25303 56531
3 29342 36360 67254
3 55177 77341 82240
3 25859 49997 63960
3 5699 14009 80194
3 35715 71949 84808
3 5062 28113 81034
3 5516 6356 46634
3 3897 7644 7899
3 14314 31684 72118
3 39175 43916 45668
3 21221 50272 55745
3 5811 67417 73787
3 22019 74371 78904
3 6532 58896 77233
3 36332 64857 81805
3 31307 34378 63114
3 49932 52713 68506
3 19316 55646 57022
3 6501 48841 75027
3 21753 39697 70678
3 33747 43144 48806
3 31458 42652 44716
3 12277 44738 74179
3 51493 57822 62352
3 43858 72230 75919
3 36594 70630 73063
3 9611 23208 36584
3 100 37055 50537
3 40689 62281 69921
3 20747 27882 76505
3 6240 21198 60911
3 44023 55977 60301
3 43043 66097 66329
3 46997 50088 66677
3 777 38920 82736
3 27840 53826 81459
3 38604 39396 79175
3 15851 35500 41421
3 11987 16938 81112
3 40654 46889 83265
3 10998 20275 24173
3 30576 49672 77648
3 13043 65962 81662
3 29388 52542 84671
3 2028 55368 57271
3 24703 45196 47354
3 11614 40581 65205
3 33251 50280 63142
3 7509 15174 28998
3 19912 22687 83116
3 23175 53959 56305
3 9873 31455 83151
3 4231 21337 39404
3 46160 51562 81062
3 10256 59831 71768
3 46064 63116 65683
3 46026 46635 78546
3 18420 43339 69115
3 4134 13072 73004
3 18122 41035 84323
3 23800 27735 47136
3 10418 44561 71448
3 10078 13956 19068
3 22909 43105 75883
3 38530 59303 70759
3 5436 13962 26209
3 1979 22513 54203
3 16807 34628 61806
3 66834 68899 74413
3 24535 70662 73841
3 15808 25633 65685
3 12867 39882 70729
3 21079 63802 70849
3 45198 47957 70434
3 41987 45072 51179
3 46620 54378 55904
3 19092 36989 81548
3 15995 46028 83266
3 24316 33547 56217
2 19301 55504
2 47509 61888
2 24121 58951
2 1050 46137
2 23000 64766
2 56697 62899
2 11568 84949
2 13477 53838
2 11731 26022
2 35404 77667
2 17462 72209
2 3843 55860
2 9617 33854
2 9658 69362
2 63202 83840
2 3928 16962
2 56955 76103
2 22326 46856
2 5206 61044
2 34082 60188
2 25313 81763
2 50643 77196
2 11073 70084
2 41892 47305
2 52591 79220
2 66013 74874
2 64397 72530
2 17639 21869
2 53718 57802
2 21002 53146
2 12903 52421
2 36300 61934
2 40954 84997
2 38901 60880
2 17897 68584
2 41720 49656
2 41579 82429
2 48196 54459
2 32510 51138
2 6676 52020
2 37514 38651
2 32357 69248
2 65932 84648
2 78531 84231
2 21529 58265
2 33336 71798
2 21458 28055
2 18046 66828
2 51027 67155
2 21744 64643
2 41199 64954
2 2345 73889
2 33333 78558
2 32675 37859
2 9340 79066
2 55761 80637
2 19856 66731
2 26497 31241
2 11632 18538
2 22563 76530
2 51688 62515
2 8712 22037
2 3245 81414
2 25913 75072
2 24844 75381
3 4990 61709 78556
4 31178 43383 61709 82474
3 12795 24915 62495
3 1743 12094 74543
3 1102 55020 85237
3 1697 68367 79396
3 34343 67934 76145
3 28003 59045 60204
3 9114 36974 60295
3 12271 23621 57096
3 7447 46143 76541
