335 176 79264
1523 27988 48472 24373 30832 15844 58362 9170 5767 24612 43850 8354 29068 56395 10393 52292 13766 54301 26611 11949 1777 13231 9585 47156 49593 17194 33670 72209 26822 67174 6719 69941 75440 43838 49426 65160 39260 30359 53557 71706 30751 8085 72698 38141 49646 24657 60486 54718 49946 39346 16066 76148 50919 42747 3518 24172 75711 46806 43776 40965 50527 23057 75520 30156 16801 49600 48750 68431 2537 62277 21938 69018 22299 13669 62354 9479 63216 53575 19381 35886 46230 29958 45815 19692 4871 57949 55150 59470 72548 34844 71489 62174 18023 43961 61648 9421 9518 50122 65410 5736 30534 403 78878 65506 28490 58846 47432 70151 46765 59567 52561 8899 42976 52573 44890 39650 51578 53338 61636 29324 72828 11019 47597 10094 36438 33753 34028 32427 32687 45371 70722 25326 11422 52703 57907 37969 21588 68261 51840 23789 9729 67340 14273 45277 21832 55247 61859 21793 59313 5267 72927 30961 75061 34079 24000 45484 62867 62648 37347 43710 5964 21539 52759 22560 56894 22842 50837 29043 45627 14943 16918 70428 4468 6184 41386 44022 20259 33147 12767 37765 3634 53947 18160 32175 7187 28927 7370 75776 8455 45911 19910 70251 75024 2940 43619 40041 55198 2817 50090 39158 1216 14723 11434 75213 40977 61660 6319 51445 28086 5952 59593 2741 24571 52472 30230 46686 20485 56628 60574 4832 15941 12982 2513 79059 40997 35412 40898 8703 62501 49072 29170 71824 47698 65999 73580 19922 47509 42879 48532 77377 29060 52485 53493 43025 49664 11412 19582 386 52244 14606 52756 57990 66452 65328 32318 78147 59774 5093 4017 1413 4313 52991 27567 18674 34040 23629 54482 53675 7728 38485 33624 911 76780 29805 65769 50228 28945 73120 29804 39688 67146 37858 34462 23182 40395 60835 44619 24769 5132 47446 34859 46213 15094 63459 38790 29062 63093 55574 37601 58468 45729 23598 11468 72785 66638 12710 64011 54539 16989 15977 63293 57978 62556 60857 26120 25497 74657 17297 27731 9473 69679 40249 69605 39203 22633 75982 24105 63513 2748 77769 20581 58134 39784 11039 38940
2 23057 42879
2 48532 75520
2 30156 77377
2 16801 29060
2 49600 52485
2 48750 53493
2 43025 68431
2 2537 49664
2 11412 62277
2 19582 21938
2 386 69018
2 22299 52244
2 13669 14606
2 52756 62354
2 9479 57990
2 63216 66452
2 53575 65328
2 19381 32318
2 35886 78147
2 46230 59774
2 5093 29958
2 4017 45815
2 1413 19692
2 4313 4871
2 52991 57949
2 27567 55150
2 18674 59470
2 34040 72548
2 23629 34844
2 54482 71489
2 53675 62174
2 7728 18023
2 38485 43961
2 33624 61648
2 911 9421
2 9518 76780
2 29805 50122
2 65410 65769
2 5736 50228
2 28945 30534
2 403 73120
2 29804 78878
2 39688 65506
2 28490 67146
2 37858 58846
2 34462 47432
2 23182 70151
2 40395 46765
2 59567 60835
2 44619 52561
2 8899 24769
2 5132 42976
2 47446 52573
2 34859 44890
2 39650 46213
2 15094 51578
2 53338 63459
2 38790 61636
2 29062 29324
2 63093 72828
2 11019 55574
2 37601 47597
2 10094 58468
2 36438 45729
2 23598 33753
2 11468 34028
2 32427 72785
2 32687 66638
2 12710 45371
2 64011 70722
2 25326 54539
2 11422 16989
2 15977 52703
2 57907 63293
2 37969 57978
2 21588 62556
2 60857 68261
2 26120 51840
2 23789 25497
2 9729 74657
2 17297 67340
2 14273 27731
2 9473 45277
2 21832 69679
2 40249 55247
2 61859 69605
2 21793 39203
2 22633 59313
2 5267 75982
2 24105 72927
2 30961 63513
2 2748 75061
2 34079 77769
2 20581 24000
2 45484 58134
2 39784 62867
2 11039 62648
2 37347 38940
1 43710
1 5964
1 21539
1 52759
1 22560
1 56894
1 22842
1 50837
1 29043
1 45627
1 14943
1 16918
1 70428
1 4468
1 6184
1 41386
1 44022
2 1523 20259
3 1523 27988 33147
2 12767 48472
2 24373 37765
2 3634 30832
2 15844 53947
2 18160 58362
2 9170 32175
2 5767 7187
2 24612 28927
2 7370 43850
2 8354 75776
2 8455 29068
2 45911 56395
2 10393 19910
2 52292 70251
2 13766 75024
2 2940 54301
2 26611 43619
2 11949 40041
2 1777 55198
2 2817 13231
2 9585 50090
2 39158 47156
2 1216 49593
2 14723 17194
2 11434 33670
2 72209 75213
2 26822 40977
2 61660 67174
2 6319 6719
2 51445 69941
2 28086 75440
2 5952 43838
2 49426 59593
2 2741 65160
2 24571 39260
2 30359 52472
2 30230 53557
2 46686 71706
2 20485 30751
2 8085 56628
2 60574 72698
2 4832 38141
2 15941 49646
2 12982 24657
2 2513 60486
2 54718 79059
2 40997 49946
2 35412 39346
2 16066 40898
2 8703 76148
2 50919 62501
2 42747 49072
2 3518 29170
2 24172 71824
2 47698 75711
2 46806 65999
2 43776 73580
2 19922 40965
2 47509 50527
