500 200 100000
59895 19146 35199 898 3393 61193 36812 13987 36307 87339 18135 98886 75135 62583 95303 6732 86185 44012 59200 41583 52423 33077 41162 20410 98979 15598 15577 41331 81994 58797 55697 23492 24947 26546 36280 96146 42425 51821 42258 72466 48369 23494 91295 52955 90485 47218 14464 62832 38019 50474 75246 73289 66844 67812 64916 81043 80797 97628 33295 91105 85229 84502 54602 34426 92443 5874 89503 11350 95062 13106 64634 14456 27856 57239 7409 22700 16790 31198 72531 21030 19204 15112 15463 24127 85151 54389 9502 37659 78866 83857 55623 26167 1191 45595 14812 71862 42080 4657 74150 74250 89305 2816 1905 12465 37862 14241 3309 51329 82052 5160 50660 64613 89308 966 79263 17662 52850 83102 20871 70796 98417 30519 62153 51222 30023 95001 28768 18525 64232 57268 86933 59642 32427 81509 19214 96992 30279 92856 36464 68304 14451 50063 65686 49637 84780 88743 16573 10990 90016 62226 27183 35641 76460 14408 81913 25485 96456 22704 98397 11541 14171 33365 4898 41384 73973 86482 14801 49482 27638 56733 16467 88389 59588 67332 29145 96483 24281 55278 18730 80059 61862 56835 12842 83414 14435 95258 72271 87266 70703 71530 97891 78949 48451 21156 41267 37578 10372 96851 95596 96053 62529 45930 87342 10708 58986 29899 76817 27639 36119 94211 14185 92761 19752 89677 71743 65257 13113 48700 82406 53342 68498 78952 27341 22454 31380 48719 79055 8924 66228 12933 29862 18952 45277 43651 66211 57882 2415 84761 80744 29954 94550 10113 26667 35452 48951 76335 57522 79070 33140 89380 89598 2769 52371 48940 24530 35663 52291 65421 61999 75923 43639 36423 71952 16289 37637 75054 11827 84495 24726 17451 54293 26150 56606 47450 22722 46217 48437 91356 16482 30503 10413 71132 86910 76329 10932 31248 84787 27612 63113 88772 14754 74490 86953 65651 97592 30325 83720 41059 71871 26057 11637 91957 87372 33694 62392 4339 18271 37310 27621 95972 82360 48155 79680 70998 49705 36881 30897 73284 98053 46698 13504 8591 18879 1849 77396 12938 24910 17678 53173 10353 98681 69788 77464 4790 26875 61243 12016 12799 14799 93371 13825 21490 26939 3987 20777 47379 11125 48414 83446 24277 7830 90880 29642 89137 4402 54847 73099 84 49268 24504 80210 7115 42573 5716 44514 35943 58203 43938 16384 12248 7813 78416 55578 46855 63265 37263 3746 82232 96870 33092 95608 98009 37155 60503 89011 8628 36828 332 41294 50820 87730 69954 34312 23483 34729 67083 38891 37085 8533 41272 44855 84158 58544 67499 63553 55601 86092 92165 86788 28094 76448 10662 31473 51177 40109 56839 15509 35695 81791 36869 93660 51100 89739 36006 44293 13964 80704 1620 19446 46976 16842 62878 5157 59768 37913 17540 62470 85081 15551 21663 85381 37705 99071 90976 11239 56268 23903 81276 69392 18403 77306 70679 31998 60705 11656 73602 86324 20329 62025 60750 49138 98019 46484 71648 94581 73412 75343 1451 61346 15300 60035 94223 7870 43700 86535 88194 39294 77798 2199 62596 49741 37694 14326 66452 62372 8849 47500 74090 44947 9992 68012 24007 16847 48991 63956 64229 8879 69519 10459 25892
3 35663 73602 81043
3 52291 80797 86324
3 20329 65421 97628
3 33295 61999 62025
3 60750 75923 91105
3 43639 49138 85229
3 36423 84502 98019
3 46484 54602 71952
3 16289 34426 71648
3 37637 92443 94581
3 5874 73412 75054
3 11827 75343 89503
3 1451 11350 84495
3 24726 61346 95062
3 13106 15300 17451
3 54293 60035 64634
3 14456 26150 94223
3 7870 27856 56606
3 43700 47450 57239
3 7409 22722 86535
3 22700 46217 88194
3 16790 39294 48437
3 31198 77798 91356
3 2199 16482 72531
3 21030 30503 62596
3 10413 19204 49741
3 15112 37694 71132
3 14326 15463 86910
3 24127 66452 76329
3 10932 62372 85151
3 8849 31248 54389
3 9502 47500 84787
3 27612 37659 74090
3 44947 63113 78866
3 9992 83857 88772
3 14754 55623 68012
3 24007 26167 74490
3 1191 16847 86953
3 45595 48991 65651
3 14812 63956 97592
3 30325 64229 71862
3 8879 42080 83720
3 4657 41059 69519
3 10459 71871 74150
3 25892 26057 74250
2 11637 89305
2 2816 91957
2 1905 87372
2 12465 33694
2 37862 62392
2 4339 14241
2 3309 18271
2 37310 51329
2 27621 82052
2 5160 95972
2 50660 82360
2 48155 64613
2 79680 89308
2 966 70998
2 49705 79263
2 17662 36881
2 30897 52850
2 73284 83102
2 20871 98053
2 46698 70796
2 13504 98417
2 8591 30519
2 18879 62153
2 1849 51222
2 30023 77396
2 12938 95001
2 24910 28768
2 17678 18525
2 53173 64232
2 10353 57268
2 86933 98681
2 59642 69788
2 32427 77464
2 4790 81509
2 19214 26875
2 61243 96992
2 12016 30279
2 12799 92856
2 14799 36464
2 68304 93371
2 13825 14451
2 21490 50063
2 26939 65686
2 3987 49637
2 20777 84780
2 47379 88743
2 11125 16573
2 10990 48414
2 83446 90016
2 24277 62226
2 7830 27183
2 35641 90880
2 29642 76460
2 14408 89137
2 4402 81913
2 25485 54847
2 73099 96456
2 84 22704
2 49268 98397
2 11541 24504
2 14171 80210
2 7115 33365
2 4898 42573
2 5716 41384
2 44514 73973
2 35943 86482
2 14801 58203
2 43938 49482
2 16384 27638
2 12248 56733
2 7813 16467
2 78416 88389
2 55578 59588
2 46855 67332
2 29145 63265
2 37263 96483
2 3746 24281
2 55278 82232
2 18730 96870
2 33092 80059
2 61862 95608
2 56835 98009
2 12842 37155
2 60503 83414
2 14435 89011
2 8628 95258
2 36828 72271
2 332 87266
2 41294 70703
2 50820 71530
2 87730 97891
2 69954 78949
2 34312 48451
2 21156 23483
2 34729 41267
2 37578 67083
2 10372 38891
2 37085 96851
2 8533 95596
2 41272 96053
3 44855 59895 62529
3 19146 45930 84158
3 35199 58544 87342
3 898 10708 67499
3 3393 58986 63553
3 29899 55601 61193
3 36812 76817 86092
3 13987 27639 92165
3 36119 36307 86788
3 28094 87339 94211
3 14185 18135 76448
3 10662 92761 98886
3 19752 31473 75135
3 51177 62583 89677
3 40109 71743 95303
3 6732 56839 65257
3 13113 15509 86185
3 35695 44012 48700
3 59200 81791 82406
3 36869 41583 53342
3 52423 68498 93660
3 33077 51100 78952
3 27341 41162 89739
3 20410 22454 36006
3 31380 44293 98979
3 13964 15598 48719
3 15577 79055 80704
3 1620 8924 41331
3 19446 66228 81994
3 12933 46976 58797
3 16842 29862 55697
3 18952 23492 62878
3 5157 24947 45277
3 26546 43651 59768
3 36280 37913 66211
3 17540 57882 96146
3 2415 42425 62470
3 51821 84761 85081
3 15551 42258 80744
3 21663 29954 72466
3 48369 85381 94550
3 10113 23494 37705
3 26667 91295 99071
3 35452 52955 90976
3 11239 48951 90485
3 47218 56268 76335
3 14464 23903 57522
3 62832 79070 81276
3 33140 38019 69392
3 18403 50474 89380
3 75246 77306 89598
3 2769 70679 73289
3 31998 52371 66844
3 48940 60705 67812
3 11656 24530 64916
