500 200 100000
52196 17851 23782 92155 42419 81497 71507 65719 44761 73250 11626 38233 82246 45975 33020 30687 92638 32241 18946 52402 87678 43767 86362 67442 49199 80640 23295 96499 16024 84434 52568 80385 10241 94476 30907 72982 42871 99296 7494 21776 1422 11712 73311 56113 42986 69292 52550 32018 17856 91434 13389 42019 19565 84122 62918 67930 35979 36283 19248 47655 449 69331 64610 24083 83195 17798 54333 43488 15895 37757 52032 90646 51271 50096 68903 51800 2718 87316 14287 90124 44632 96413 23279 57040 52404 97825 4980 14334 73262 74320 23859 16824 10167 41950 65714 76342 84387 35260 14136 41553 24864 35067 43458 48977 45192 18757 58748 50782 60707 84763 91580 19424 97043 87391 28629 70417 89503 31239 81165 72370 45685 60559 47150 22114 68709 64240 84101 89249 97910 66257 37325 16667 5330 99566 22373 52487 13836 84563 77842 92145 86174 28822 36853 7596 56277 49184 90684 99167 78862 87093 21792 47967 23629 32281 75689 9610 53570 96557 84057 31311 64837 37286 32856 80252 69372 26045 92866 22594 37889 23270 79780 70370 15726 53338 33023 17192 1819 16436 72142 70765 80608 26662 75966 94425 4852 72204 8477 45480 52311 92988 47898 72834 11671 35778 69855 78035 28690 101 86352 16189 10419 86027 82182 86941 77845 10284 52342 58700 98958 64855 56547 58286 14360 91795 24700 51364 74178 84574 74531 29650 46823 96511 9786 59845 82990 73321 68393 38864 31142 688 9062 99355 72504 16753 1824 54522 44538 61367 57372 91727 8316 94340 2126 44046 59184 78118 6907 3888 11736 64356 85466 58252 71627 58927 89221 267 25263 56430 84566 98517 15659 68394 54657 37126 52398 19126 65633 98927 98103 5491 54327 48813 24051 6763 1354 91975 9535 54020 23522 59462 65074 544 8921 68428 31911 10413 97706 37628 22379 43041 36539 87747 1424 75560 70290 29615 92545 42292 24159 78228 30142 92793 37754 86144 90484 10925 50996 62252 58940 59554 62462 36977 46980 44083 16585 25717 76652 47168 34307 35286 32939 58694 74995 1585 49181 54396 99190 98565 4109 60108 77179 56771 53256 55411 19332 20850 26346 18193 95420 62657 29697 52966 39205 62369 35829 29520 11660 69167 4822 41218 92170 70818 67250 57037 62898 24841 7865 54047 19155 22206 10781 46568 32777 52522 33222 68125 45974 66314 22581 59311 4971 4191 78580 99550 28861 9994 70259 9102 51938 84886 41442 19735 3429 68869 39789 1412 76658 64824 64584 29669 68450 26887 99612 32679 94405 66852 57826 5223 88733 73706 35290 44778 52708 86577 15099 93303 56088 53634 46699 39378 27946 27778 87174 7522 5605 4764 70145 51390 42462 19059 27995 36479 61511 2454 17066 2487 94326 10955 80827 53348 57201 56242 10511 15711 97545 27450 38206 80488 1657 22250 7495 4009 14848 2252 13541 57190 86841 86081 27050 79042 84456 30576 22408 8282 57027 36680 3648 5517 71970 60724 60149 84815 70933 25880 51253 94378 96627 30034 58959 36666 12535 95060 11718 85189 57437 87550 94971 73684 42514 94145 27935 90504 97398 38862 50913 66532 67570 51665 57193 33014 25155 48736 46728 53717 43459 17105 94183 83774 56604 57665
2 89249 98565
2 4109 97910
2 60108 66257
2 37325 77179
2 16667 56771
2 5330 53256
2 55411 99566
2 19332 22373
2 20850 52487
2 13836 26346
2 18193 84563
2 77842 95420
2 62657 92145
2 29697 86174
2 28822 52966
2 36853 39205
2 7596 62369
2 35829 56277
2 29520 49184
2 11660 90684
2 69167 99167
2 4822 78862
2 41218 87093
2 21792 92170
2 47967 70818
2 23629 67250
2 32281 57037
2 62898 75689
2 9610 24841
2 7865 53570
2 54047 96557
2 19155 84057
2 22206 31311
2 10781 64837
2 37286 46568
2 32777 32856
2 52522 80252
2 33222 69372
2 26045 68125
2 45974 92866
2 22594 66314
2 22581 37889
2 23270 59311
2 4971 79780
2 4191 70370
2 15726 78580
2 53338 99550
2 28861 33023
2 9994 17192
2 1819 70259
2 9102 16436
2 51938 72142
2 70765 84886
2 41442 80608
2 19735 26662
2 3429 75966
2 68869 94425
2 4852 39789
2 1412 72204
2 8477 76658
2 45480 64824
2 52311 64584
2 29669 92988
2 47898 68450
2 26887 72834
2 11671 99612
2 32679 35778
2 69855 94405
2 66852 78035
2 28690 57826
2 101 5223
2 86352 88733
2 16189 73706
3 10419 35290 52196
3 17851 44778 86027
3 23782 52708 82182
3 86577 86941 92155
3 15099 42419 77845
3 10284 81497 93303
3 52342 56088 71507
3 53634 58700 65719
3 44761 46699 98958
3 39378 64855 73250
3 11626 27946 56547
3 27778 38233 58286
3 14360 82246 87174
3 7522 45975 91795
3 5605 24700 33020
3 4764 30687 51364
3 70145 74178 92638
3 32241 51390 84574
3 18946 42462 74531
3 19059 29650 52402
3 27995 46823 87678
3 36479 43767 96511
3 9786 61511 86362
3 2454 59845 67442
3 17066 49199 82990
3 2487 73321 80640
3 23295 68393 94326
3 10955 38864 96499
3 16024 31142 80827
3 688 53348 84434
3 9062 52568 57201
3 56242 80385 99355
3 10241 10511 72504
3 15711 16753 94476
3 1824 30907 97545
3 27450 54522 72982
3 38206 42871 44538
3 61367 80488 99296
3 1657 7494 57372
3 21776 22250 91727
3 1422 7495 8316
3 4009 11712 94340
3 2126 14848 73311
3 2252 44046 56113
3 13541 42986 59184
3 57190 69292 78118
3 6907 52550 86841
3 3888 32018 86081
3 11736 17856 27050
3 64356 79042 91434
3 13389 84456 85466
3 30576 42019 58252
3 19565 22408 71627
3 8282 58927 84122
3 57027 62918 89221
3 267 36680 67930
3 3648 25263 35979
3 5517 36283 56430
3 19248 71970 84566
3 47655 60724 98517
3 449 15659 60149
3 68394 69331 84815
3 54657 64610 70933
3 24083 25880 37126
3 51253 52398 83195
3 17798 19126 94378
3 54333 65633 96627
3 30034 43488 98927
3 15895 58959 98103
3 5491 36666 37757
3 12535 52032 54327
3 48813 90646 95060
3 11718 24051 51271
3 6763 50096 85189
3 1354 57437 68903
3 51800 87550 91975
3 2718 9535 94971
3 54020 73684 87316
3 14287 23522 42514
3 59462 90124 94145
3 27935 44632 65074
3 544 90504 96413
3 8921 23279 97398
3 38862 57040 68428
3 31911 50913 52404
3 10413 66532 97825
3 4980 67570 97706
3 14334 37628 51665
3 22379 57193 73262
3 33014 43041 74320
3 23859 25155 36539
3 16824 48736 87747
3 1424 10167 46728
3 41950 53717 75560
3 43459 65714 70290
3 17105 29615 76342
3 84387 92545 94183
3 35260 42292 83774
3 14136 24159 56604
3 41553 57665 78228
2 24864 30142
2 35067 92793
2 37754 43458
2 48977 86144
2 45192 90484
2 10925 18757
2 50996 58748
2 50782 62252
2 58940 60707
2 59554 84763
2 62462 91580
2 19424 36977
2 46980 97043
2 44083 87391
2 16585 28629
2 25717 70417
2 76652 89503
2 31239 47168
2 34307 81165
2 35286 72370
2 32939 45685
2 58694 60559
2 47150 74995
2 1585 22114
2 49181 68709
2 54396 64240
2 84101 99190
