375 155 97988
58793 19899 43072 37633 27652 16060 3223 67530 70159 5398 70901 84903 42597 5913 89365 41130 95832 48018 96314 5758 17955 6213 3880 7386 89622 31955 7459 6005 91192 84456 8044 48620 82790 56069 40997 71703 33083 91375 89392 1927 10765 7753 90458 17839 62989 23205 48113 21842 63740 33910 33233 21283 28233 74131 1170 14944 63113 88483 67373 92750 15194 44506 75420 66425 88916 32897 79852 44451 85907 97798 26194 48515 53480 53099 43317 18113 79641 39800 5999 72096 57531 23419 28625 27274 29368 58140 22947 31741 38067 85818 68446 76891 14646 1263 64937 64294 55562 1355 65040 62308 68175 84974 50446 32860 50014 74560 61403 20185 78227 37046 17145 7844 61131 46860 1544 48630 72790 17540 81110 32108 85222 52048 74847 89153 31382 29799 13288 89689 48843 96841 2764 42936 53586 30409 50287 11359 82524 49357 77816 50405 48270 65618 12159 37025 23187 92142 4167 87545 83041 93519 10499 67539 57990 59880 48772 23922 9485 67317 67014 91727 62259 20019 75657 62841 13538 78625 49596 50068 75921 17757 56153 52841 17402 13142 9121 28618 73350 88148 16565 32343 60238 89759 21312 18029 9022 91956 50043 88466 36875 25360 44678 36964 27178 3277 75403 54183 26292 84004 60597 69966 157 74372 44045 28290 93281 81424 75182 40318 39847 78211 68118 10967 3574 9211 88067 34013 156 92242 81957 19428 61323 64745 38855 85428 52898 75738 6367 16765 38517 44256 11440 11922 63332 8169 94980 7320 6047 72457 80247 55753 17786 28023 80675 80046 53375 10745 94191 38316 42072 10720 18475 80695 21908 18099 94512 19234 20148 50740 18252 76856 2565 87266 78265 97007 79225 88733 32530 76198 30907 20464 31807 14643 50651 92842 25730 10818 13021 45592 21778 33384 43036 86905 38474 84509 27887 35549 61437 15433 94774 50782 5057 65918 80940 88902 76743 12391 78307 57119 40579 78827 82770 46621 59676 83090 6428 96351 60342 25066 37531 4843 38785 50949 14878 31205 87095 11312 12744 62620 92787 22500 1524 6399 51049 81936 70055 55200 95263 12612 89774 41883 34326 4017 94653 12407 81156 51689 6555 21866 59340 86105 60762 15496 39713 192 83483 1241 56121 14602 53222 56254 69464 71937 167 66422 25556 44687 47635 14309 26756 59303 40436 18996 46578 33231 51668 52555 86414 8775 42946 52762 69718 68861 35357 93707 5720
2 29799 43036
2 13288 86905
2 38474 89689
2 48843 84509
2 27887 96841
2 2764 35549
2 42936 61437
2 15433 53586
2 30409 94774
2 50287 50782
2 5057 11359
2 65918 82524
2 49357 80940
2 77816 88902
2 50405 76743
2 12391 48270
2 65618 78307
2 12159 57119
2 37025 40579
2 23187 78827
2 82770 92142
2 4167 46621
2 59676 87545
2 83041 83090
2 6428 93519
2 10499 96351
2 60342 67539
2 25066 57990
2 37531 59880
2 4843 48772
3 23922 38785 58793
4 9485 19899 50949 58793
3 14878 43072 67317
3 31205 37633 67014
3 27652 87095 91727
3 11312 16060 62259
3 3223 12744 20019
3 62620 67530 75657
3 62841 70159 92787
3 5398 13538 22500
3 1524 70901 78625
3 6399 49596 84903
3 42597 50068 51049
3 5913 75921 81936
3 17757 70055 89365
3 41130 55200 56153
3 52841 95263 95832
3 12612 17402 48018
3 13142 89774 96314
3 5758 9121 41883
3 17955 28618 34326
3 4017 6213 73350
3 3880 88148 94653
3 7386 12407 16565
3 32343 81156 89622
3 31955 51689 60238
3 6555 7459 89759
3 6005 21312 21866
3 18029 59340 91192
3 9022 84456 86105
3 8044 60762 91956
3 15496 48620 50043
3 39713 82790 88466
3 192 36875 56069
3 25360 40997 83483
3 1241 44678 71703
3 33083 36964 56121
3 14602 27178 91375
3 3277 53222 89392
3 1927 56254 75403
3 10765 54183 69464
3 7753 26292 71937
3 167 84004 90458
3 17839 60597 66422
3 25556 62989 69966
3 157 23205 44687
3 47635 48113 74372
3 14309 21842 44045
3 26756 28290 63740
3 33910 59303 93281
3 33233 40436 81424
3 18996 21283 75182
3 28233 40318 46578
3 33231 39847 74131
3 1170 51668 78211
3 14944 52555 68118
3 10967 63113 86414
3 3574 8775 88483
3 9211 42946 67373
3 52762 88067 92750
3 15194 34013 69718
3 156 44506 68861
3 35357 75420 92242
3 66425 81957 93707
3 5720 19428 88916
2 32897 61323
2 64745 79852
2 38855 44451
2 85428 85907
2 52898 97798
2 26194 75738
2 6367 48515
2 16765 53480
2 38517 53099
2 43317 44256
2 11440 18113
2 11922 79641
2 39800 63332
2 5999 8169
2 72096 94980
2 7320 57531
2 6047 23419
2 28625 72457
2 27274 80247
2 29368 55753
2 17786 58140
2 22947 28023
2 31741 80675
2 38067 80046
2 53375 85818
2 10745 68446
2 76891 94191
2 14646 38316
2 1263 42072
2 10720 64937
2 18475 64294
2 55562 80695
2 1355 21908
2 18099 65040
2 62308 94512
2 19234 68175
2 20148 84974
2 50446 50740
2 18252 32860
2 50014 76856
2 2565 74560
2 61403 87266
2 20185 78265
2 78227 97007
2 37046 79225
2 17145 88733
2 7844 32530
2 61131 76198
2 30907 46860
2 1544 20464
2 31807 48630
2 14643 72790
2 17540 50651
2 81110 92842
2 25730 32108
2 10818 85222
2 13021 52048
2 45592 74847
2 21778 89153
2 31382 33384
