433 184 84762
27449 50348 60300 10054 16512 68749 31488 23084 84407 16971 22458 45407 76450 43615 51405 13012 42473 70672 3212 23694 63340 56010 16738 36215 69538 57017 18580 44222 59692 48069 49202 17551 21743 82109 14629 53088 47499 28970 46641 38229 16225 61023 38746 76050 5966 15368 58266 32255 28650 56136 63217 19414 44909 84448 72419 16042 9296 13778 35827 77185 75716 54495 58526 48218 62707 59442 72908 1331 52314 73068 54164 69784 36268 78223 74962 79641 13606 67960 68425 57217 64058 29109 78627 30132 14275 14773 39152 76327 48910 5423 74491 78778 53585 34765 66469 13056 31449 15682 30858 43556 32439 2261 63883 24508 27790 52544 49149 75939 59375 6993 54474 50361 36894 35343 33816 11507 38079 32138 5332 67724 34140 15998 78466 47604 8737 4187 18566 56423 39208 74838 20503 68424 58076 13751 34856 58834 6883 25152 28768 81963 84573 13193 74505 68289 71138 6369 67158 46928 23075 34647 48906 61699 12151 81113 55440 46972 27093 84685 25391 21827 55560 78992 75152 26689 36439 18157 69035 75082 64641 43977 80381 9867 62959 20180 82030 76695 61629 52835 76041 40356 8924 6509 43726 34204 22540 72592 83136 51681 35453 32475 67102 49872 60896 22128 13925 48067 38301 2674 18762 35183 60669 49661 6919 16332 84321 15537 46741 32788 12629 74984 81921 31120 47151 10877 18643 72372 79239 25981 17435 52587 46186 54533 68527 61906 67990 54577 53260 71011 50417 55981 55952 8900 78794 3456 75123 43361 18640 77900 15639 61374 54915 80232 66109 77892 6994 25658 46758 84122 8510 9376 1139 42800 9630 11760 35405 42546 30051 4602 1 8909 22855 36040 65241 17893 15191 1349 82568 72969 13388 31556 40676 30126 12790 15518 50630 60639 18748 14894 82881 673 281 64934 43721 33948 7312 24238 58231 40300 58187 31589 52540 38071 48945 29863 54826 9269 72503 577 54276 11604 25140 80068 37707 9824 54154 60389 4373 57429 79633 25127 29629 10950 18692 19437 54563 30148 132 40831 53243 81446 54114 76244 49334 76573 38365 21263 27364 70781 35944 79209 8851 414 52833 674 45344 68651 8749 32353 79636 73487 58015 14933 34836 48962 17311 15018 15519 42536 29524 22955 33689 57012 70945 58593 83002 79411 7692 45702 51806 16741 21036 59299 65698 71192 60763 49071 58793 47764 67574 68040 14796 519 16338 3338 40591 33610 70841 43799 41821 1483 74483 56512 35423 46726 54695 61813 65292 27170 70880 76388 23629 9635 84325 2248 6871 70260 65882 37923 58128 47561 72706 18155 12313 68108 10735 12442 5318 25212 8586 37792 60309 52338 28695 42757 18970 43970 33533 30240 66383 68405 67765 29344 12961 60692 44717 10931 752 38238 81387 39106 74518 57190 53297
55 577 673 2248 2261 5966 6993 7312 9376 9824 10054 10877 11507 12790 14629 14933 15368 15519 15537 15998 16338 16741 16971 17311 18640 20180 21743 22128 22458 31120 36894 38079 38229 39106 43721 44909 48218 48962 52833 57012 58187 58834 59299 59692 60692 62959 67765 72503 74518 74962 75716 76327 76450 80232 81387 83002
55 281 577 674 1139 3338 6871 6883 13925 15018 15368 15518 16225 16512 17311 18643 20180 21036 22458 24238 29344 31589 32138 33948 34836 35343 38079 39106 42536 43615 44717 45407 46741 47151 48069 48910 53088 54154 54276 54474 54495 57190 58266 62707 63883 65698 66109 70945 74518 77900 78466 79411 79641 82030 82109 84448
55 5332 5423 7312 7692 10877 10931 11604 12961 13606 14629 15018 15519 15639 24508 25152 29524 32138 32255 32788 33816 40591 42800 45344 45407 47499 47604 48067 48962 49202 50361 50630 51405 52540 53297 54276 57190 58231 58266 58526 58593 59299 59442 60389 61023 64934 68749 70260 71192 72372 72419 74518 76450 76695 77892 82030
54 752 4373 5332 6994 8737 9630 11507 11604 12629 13012 15519 16042 17311 17551 18643 22955 24238 25140 27790 28650 28768 28970 31488 32255 33610 36894 38071 38301 38746 40300 42536 43615 43721 45702 48218 53088 53297 57190 60639 60692 60763 61374 61629 65698 65882 67724 67960 68651 72908 74491 76450 76695 79239 83002
53 1331 2674 4187 8749 9296 11760 15018 18748 21743 23084 25140 25658 25981 28650 29524 33689 33948 34140 35343 37923 38079 38238 42473 42536 43615 44717 46641 47499 48945 49071 51405 51806 52544 52835 53297 54915 56136 57429 58187 58231 61629 62707 67724 68425 70841 71192 72372 74984 76050 78778 79411 80068 81963
52 5966 7312 7692 10931 13012 13778 14894 15519 15998 16741 17435 18566 18762 22955 28970 29524 29863 31589 32138 32353 33816 34140 35405 37707 38229 40300 43799 46758 49149 51405 52314 52835 53585 56136 57012 57217 58128 58793 59442 60763 63217 70672 76041 79239 79633 80068 80232 81387 81921 82109 84407 84573
52 752 3212 5332 9824 11507 13012 13193 14629 15368 15998 16225 16971 19414 21036 22955 24238 25127 25981 31120 33689 34765 35183 35827 37707 39106 40356 41821 42473 42536 42546 45702 46641 47561 47764 49071 52540 52587 54826 56423 58187 63217 64058 66109 70945 72908 73068 75939 76041 78466 79636 82881 84122
52 673 1331 1483 8510 8924 9269 9824 17435 19414 22458 22540 23694 29109 29524 29629 30051 31589 33689 38071 38079 38229 38238 39208 40356 42473 44909 46186 47151 47604 51806 53088 54154 54164 57012 58231 58266 58593 58793 59299 59375 60669 61023 66469 67724 70672 72706 73487 74505 74518 77185 77892 78466
52 281 3212 4602 6509 6993 6994 8737 8924 9376 10877 10950 13056 16225 16741 18155 22955 32138 32255 34140 38746 40300 44909 45407 47499 47604 47764 48945 49661 52314 52540 52587 54154 54533 57012 57190 58015 60389 63340 65698 68289 69784 70672 70945 72503 72592 74483 74838 75716 78627 81387 83002 84448
52 1 577 1139 3212 4187 4373 5332 6509 6919 8737 12313 14933 15998 18643 18692 20503 21036 22540 23694 25658 28650 28970 29863 30132 31449 33689 36268 38071 39106 43726 46186 53297 54474 54495 56010 56512 58187 58593 60389 61023 64934 68527 70945 71138 71192 72419 73068 76050 76450 79411 83136 84448
51 4187 4373 5966 6369 7692 8909 14275 15682 16042 16332 16738 18566 19437 23694 31589 34204 34836 35423 38746 42800 43615 43721 43726 46641 46758 48945 50361 51681 54164 54276 54533 54826 56136 57012 57429 58526 58593 59299 60763 61906 63340 67724 68108 68424 72372 72419 72592 74518 78223 78466 83002
51 9269 9296 9630 10735 11604 14773 15368 16042 18566 22855 27449 29863 30858 33948 34140 34204 35453 36215 36894 38229 45702 46726 47604 48218 48962 49071 51405 52540 54563 56010 56423 57190 57429 58076 63217 63340 65698 67158 67990 68527 69784 70945 74962 76050 79239 79411 79633 83002 83136 84122 84321
51 5966 7312 7692 8510 8737 9296 11760 12442 13012 13751 13778 15537 15998 16225 16738 17311 19414 25127 25140 25981 27449 30148 32475 35343 36040 36268 38071 39152 39208 43556 46928 50348 51681 51806 53297 54577 54695 54826 56010 56423 58266 58593 58793 61906 62707 69538 71192 72503 79411 79633 79641
50 132 577 4187 5318 7692 9269 9376 13606 13778 15018 15368 16738 16741 17435 23075 24238 25127 29629 32255 32439 33816 34856 35405 35453 35827 36215 39208 42473 44909 45702 46741 47764 48945 50348 53260 57017 59442 60300 60763 61023 61813 65241 67102 67990 74838 76327 78223 78466 80068 83002
50 1139 2261 10054 10950 11507 15519 17893 18566 18580 20503 21036 22540 25212 28650 29629 29863 32475 32788 34647 35827 36215 37707 38746 40831 42546 45702 47604 48910 49071 49872 51806 52587 54276 54577 58231 58266 58834 60300 65292 67960 69538 70672 71011 72503 72908 74838 74962 77185 79411 84448
50 577 1331 3212 5423 6883 7692 8586 8737 9824 10054 10950 11604 12629 15191 16512 16741 18692 20503 27170 30051 32255 38079 40300 42536 42800 44222 46186 48906 50417 51806 53243 53260 54826 56136 56423 57017 58793 59299 60896 63883 67102 68424 68425 69538 72419 72592 75716 76050 77185 79641
51 1349 4187 4602 5966 9269 9630 13606 16042 16512 16741 18580 18692 19437 21036 22128 23694 24508 25140 25152 28650 29524 32138 37792 39208 45702 47764 49872 52314 54154 54276 54495 54533 55981 57017 57217 58076 58187 59692 61699 63217 65698 67574 68424 68749 70880 71011 74491 74984 75716 81446 83136
51 1 5332 9296 11604 11760 12151 13751 13925 15368 18566 18580 19414 19437 21036 22540 22955 27790 28768 31488 31589 44222 48069 50417 51681 51806 54114 54495 54563 55952 56136 58076 58526 59299 60309 60389 60896 63340 64058 67960 68040 68527 68749 71192 72503 73068 74838 76388 78778 80068 81921 82568
51 577 4373 8900 8909 13751 13778 14796 16741 20503 22128 23084 23629 25140 29109 30148 31120 31488 33689 34856 35405 35453 37707 44222 44909 48067 48218 49202 52338 52540 52544 53585 54164 54563 55981 56010 56423 58266 58526 59299 59692 60763 61906 63217 65698 67724 68425 72592 72969 76244 81113 81963
51 132 519 9635 9824 13388 13925 16738 17551 19414 21036 22855 23084 28695 30148 32255 32475 34140 34765 34856 35827 38071 38301 39208 42546 47151 48069 48218 49071 49149 49334 54276 55440 55952 57012 57217 57429 58834 59692 62707 65698 67990 68424 69784 71192 78627 78794 80068 83136 84407 84448 84573
51 132 2674 3456 6883 8900 10877 11604 13193 15998 16338 16971 21743 28650 30051 30132 31556 36040 36215 36268 37707 40831 42757 44909 46972 48067 48069 48945 49202 51681 54154 54577 58076 58793 58834 59299 59442 60763 62707 64058 66469 67102 70945 71192 72419 74838 75939 76573 77185 79633 84325 84407
51 2248 3338 4602 6883 9824 13056 13751 14275 16042 16971 17551 18643 18762 18970 20503 22458 25127 25140 25152 27093 29109 29863 35453 38301 38365 40676 40831 47764 49071 49202 49872 53243 53260 56136 58593 59375 59442 60389 60763 65241 65698 69538 72908 74505 75123 75716 78223 78466 78794 82109 84448
51 1 1331 2674 3456 4373 6871 6993 9296 14629 14773 17551 17893 21263 21743 22458 22540 25152 28768 29629 30126 31449 32475 34856 35183 40591 43361 43970 45407 47604 49071 53243 54154 54495 54826 57017 58793 60896 63217 68289 68424 71011 71192 72372 72419 72908 74962 78627 80068 81446 83002 84685
51 1331 8737 8909 9269 10950 12790 13778 15191 15682 16042 18580 18640 18762 19414 21743 22128 25391 27364 28768 30132 33533 33610 37707 39152 45407 47764 50417 52314 53088 54114 54474 57429 58076 58526 58793 58834 60389 60669 60763 67102 70260 71138 72592 75123 76450 79239 79411 79641 81446 81963 82109
51 1349 4187 4373 6369 6883 7692 9296 9824 13606 13751 13925 14275 14629 15518 18692 21827 22540 22855 25981 30240 30858 35183 35827 43361 43615 44222 44909 47499 47764 48218 49071 49661 49872 50361 52314 54114 55981 65882 70781 70841 72503 73068 76244 76327 76450 77900 79633 81963 82109 83136 84573
51 577 6919 13193 13778 14629 14773 15639 17435 18566 18640 19437 22540 25127 25152 28970 34856 35944 36040 36894 37923 43556 43615 43799 45702 48067 48910 49334 50630 51405 51681 53088 54154 54164 55560 55952 57429 58793 59692 60669 60896 62707 66383 67158 67960 72592 73068 76244 77185 82568 84448 84573
51 5423 8900 13012 13193 16332 22128 28768 29629 32439 35343 35453 35827 38301 39152 41821 46641 46928 47499 47764 48069 49334 49661 51405 51806 52587 53088 54164 54276 54563 56423 58128 58834 59442 60389 60639 61374 65241 68405 68425 69784 72419 72592 72969 74505 75716 76573 77900 78992 79209 79633 83136
51 1483 2261 2674 4373 6883 6919 8851 10950 11604 13012 13388 13925 15639 16042 16741 17893 18748 22540 23075 25127 28970 30148 32475 33816 36268 38229 38365 39208 42473 46186 47499 47561 49202 51681 54495 54915 57217 67765 68289 69784 72908 74491 74505 75152 76327 76573 77185 78794 81963 83136 84321
51 132 414 1331 3456 9296 11507 14894 15191 15537 16225 16332 17551 18692 18762 21036 21263 25140 25152 26689 28970 29344 29629 31556 34647 35453 36268 38365 42473 46641 48067 48910 51681 54533 57429 58526 61374 63883 64058 67102 68289 70672 71138 72592 72706 74483 74838 75716 78223 78778 80232 84573
51 1349 3212 5423 6369 10950 12961 13193 13778 18155 19437 20503 21263 21743 24508 27364 28768 29109 32475 35183 35453 36439 38079 38229 38301 40676 40831 46641 46741 48218 48906 49872 52314 52833 53585 54495 54915 56512 59299 61023 66109 68527 70672 71138 74962 75123 78223 79633 80068 82881 83136 84321
51 673 674 2674 3212 6369 12313 15537 16225 18157 18692 23694 25127 27364 27790 30126 32138 32475 32788 34765 35423 35827 37707 38229 38746 43361 51681 53243 54563 58526 60669 60692 60896 61699 61906 62707 65698 67102 67158 68424 70781 73068 74491 74505 74962 77892 78627 79641 80232 81963 82109 82568
51 281 5332 6994 9824 12151 12629 12790 13606 14629 16225 18640 18762 19437 22128 23694 29629 30132 30148 35453 35944 44717 45344 46726 46741 46928 48218 49661 49872 52544 54164 58076 59442 61023 63340 66109 66469 67102 67158 67990 68108 68289 69035 70781 71192 72969 76050 77185 78778 79641 81446 84573
51 132 5966 6919 10735 10931 10950 13056 13193 13388 13606 13751 13925 14275 15518 23075 25658 32475 32788 35183 35944 38746 46928 49149 49872 53088 53585 54114 54154 54563 54577 54695 56010 60763 60896 61023 62707 63340 64934 67724 67960 68651 69784 71138 72908 74984 75082 75716 77892 77900 79209 81113
52 752 1331 6369 6994 8749 8851 12442 12629 14773 15368 15639 16332 16738 18692 22128 23075 30148 31449 31556 34140 34647 34765 34856 36268 38746 40831 43721 46758 47499 48067 49071 50630 53260 54495 55440 56010 59442 60389 60669 60896 61813 64641 67102 67574 67960 68425 74505 75939 76050 76244 79209 81921
52 132 414 4373 5318 5966 8851 13925 15682 15998 16738 19437 22128 25658 28970 31120 32353 33948 34647 36215 38238 38301 39152 40676 43977 46972 48906 49334 49661 49872 52314 53243 57217 58266 58526 58793 58834 59375 60639 61374 65292 66469 67158 68040 68289 68425 71011 72908 74984 76050 78223 84122 84321
52 414 1331 2674 5966 6883 6919 6993 7312 8510 13056 13925 14796 15368 15537 18748 25212 27093 27170 30126 30858 32255 36215 40831 46641 46758 46928 47151 47764 48067 48218 48906 50417 52833 54563 54915 57217 57429 60896 61699 64058 69538 71138 73068 74962 76327 76573 78466 79636 80381 81387 81446 81921
52 519 674 6369 8586 9376 9867 10877 12151 12790 14894 15368 16332 18762 22128 22540 23075 24238 25152 28650 29109 30148 31120 31449 38229 38301 38365 39106 43556 46741 47604 48067 48910 52314 52833 53243 54114 54164 54474 55981 57017 58266 61699 62707 64058 69538 70880 73487 79633 79641 80232 84122 84685
52 132 674 1139 2674 5423 8510 8737 12151 13606 13925 15518 15682 16225 16338 18580 18643 21263 25127 25391 28768 29109 32255 32439 32788 34647 35183 37792 38301 45344 47151 50361 55952 56136 57017 58015 58231 58266 59442 62959 66109 67158 69784 72592 73068 74518 76244 76388 78627 81113 81446 82881 84321
52 673 2261 2674 3338 4187 8900 9376 10877 12629 14933 15537 18580 18762 20180 21827 23629 27364 28650 29629 30132 30858 32255 36268 36894 40300 40831 42800 44222 45344 46928 48067 48906 49334 50630 54114 54164 55440 57190 60309 60669 61023 63217 67960 68651 72372 72908 74491 77892 78627 81113 81963 83136
52 281 1139 1331 6994 8749 9630 9635 10950 14275 18566 18643 18762 19414 23075 28650 30132 34836 35183 35343 38301 38746 40591 43556 44222 46741 46972 49661 51681 52338 53243 53297 55440 55560 56136 58187 59692 60639 61699 63883 68425 68651 69784 70781 74984 76244 76573 78223 78778 78794 79239 82030 84573
51 2674 3456 6919 8749 11760 12151 13193 14275 14773 18692 18748 24508 25658 25981 27093 28695 31589 32353 32439 32788 33610 33816 34647 35183 35453 35944 36268 38365 42800 44909 46972 48069 48962 49334 52314 53585 56136 56423 57217 59692 60669 63217 64934 72372 74962 76050 76695 78992 81446 81921 84325
51 2248 2261 5966 9630 11507 12629 14773 14894 16332 17311 17435 18762 19414 19437 21263 27093 27790 31120 32353 32475 34765 35405 39152 39208 42757 43721 46758 48069 48906 49202 49661 52540 54114 60669 61629 63217 64058 70841 73068 74505 75123 75152 76573 78223 79209 79239 79636 79641 81113 84448 84685
51 6871 6919 8851 11760 13606 15018 15368 17551 18970 19414 25391 25981 26689 27364 29109 33948 35183 38071 38079 38365 39152 42546 43361 43799 44909 47151 49202 49661 52544 52587 52835 54164 54563 55440 61699 63883 66469 67102 68289 72419 73487 74838 74962 74984 76244 76327 79636 82881 84122 84321 84685
51 414 673 6919 7312 8510 10877 12151 13056 15519 15537 16042 16332 17435 17551 18640 20503 21263 21743 21827 24508 25391 30051 30148 32138 35405 36439 41821 43970 44909 46186 46972 48910 48945 49149 49334 49872 58015 58266 60669 67960 69784 70260 70781 71138 73487 76041 76327 78627 79641 81921 84448
51 132 281 1483 4602 5332 5423 6369 9296 9376 13606 14933 16332 18157 18643 21743 21827 24238 27093 27364 27790 29863 30132 31120 31449 32255 33533 35944 36268 40356 42536 42546 46741 48910 49661 52587 52833 54533 55560 58015 60896 65882 68424 68425 72419 75939 76573 77900 81113 82109 84321 84448
51 1 674 1139 5423 6919 8924 13778 14275 14629 14933 15537 15639 15682 16042 22128 28650 29524 30051 30240 32788 34836 37923 38365 40831 46186 47151 52544 54826 55440 55560 57217 58076 58231 59375 64934 67158 67724 67960 68527 69035 70781 72372 72419 74483 74491 78223 78992 79209 82109 84321 84685
51 4602 6509 6993 8851 8909 9269 9296 10877 12629 13751 13925 14629 14773 15537 16042 16332 21263 22955 25391 30858 34140 34836 35827 35944 40300 42800 43721 45344 46741 46928 46972 48962 49149 53088 53243 54533 56136 56512 58128 61374 61906 64058 66383 68425 74491 74962 75082 75152 78778 78992 79239
51 1 414 9296 9630 13778 15998 17311 18643 21827 22855 23075 25981 26689 27093 27364 29109 32788 33689 33948 34856 35423 39152 43556 43726 46741 47499 47561 48067 48962 53088 53585 54474 54915 57217 58187 63217 64641 67990 68405 68527 68651 72503 74984 75152 75939 77185 78778 79209 79641 81446 84321
52 577 7312 8749 8851 8909 11760 12629 13606 13778 15018 15537 17311 17435 19414 26689 28970 31589 32439 32788 34204 34647 34765 35827 36040 36439 38301 43977 46726 47499 50361 52833 53585 54114 54577 55560 57012 58834 59375 61906 64058 67574 67765 70781 72372 72706 75716 76327 78466 78627 80232 81921 84685
52 414 674 2261 2674 6883 6993 12629 15018 15519 18155 18157 22855 24238 25391 27449 28970 29109 29344 30132 31120 32353 34765 35405 35827 35944 36439 36894 44909 46641 46741 47604 48906 48910 52540 52587 53260 54276 54495 54695 65241 66109 66469 67960 67990 68040 70945 74984 76244 77185 78992 79239 80381
52 5423 8737 9867 11604 12313 12961 13056 14275 14796 15519 17893 18157 18762 21827 25152 25981 32788 35343 36040 38071 38229 42536 42546 45344 46186 46641 47151 49334 50348 52833 54474 54577 58231 58526 58593 61699 61813 63883 66469 68425 69035 71011 74984 75152 75716 77185 77892 78627 79209 79636 81921 84448
52 519 674 4187 6994 8851 10877 12151 12629 13056 14773 15191 16225 17435 24508 25140 26689 28768 29524 30051 30132 31120 31449 33816 35183 38229 40300 42536 48218 48945 50361 50417 53260 54495 54533 55560 57217 60300 60692 62959 65241 65292 68108 68651 69035 72419 73487 74491 75082 75716 76573 81921 83002
52 414 1349 4602 8749 10054 10735 11507 14275 15682 16042 16225 16338 17893 18566 18643 20180 22955 25658 27170 27790 29524 29863 31120 31449 36439 36894 38365 39152 44717 45344 47151 52587 54495 55981 58015 58187 58526 60669 61023 62707 64058 64641 68527 71011 74984 75082 78778 78992 79411 80068 81113 81963
52 1 3338 7692 9296 10877 10931 12442 14773 14933 15191 15682 16512 18157 21263 22955 29109 30858 31589 32353 33689 35343 37707 38079 38746 43977 46186 46758 47151 48218 49661 50417 52544 52833 53585 54826 55440 55952 56423 58526 59442 61023 61906 64641 68651 70880 72372 75152 76327 81921 82030 82568 84573
52 674 752 1349 5318 6919 8749 8900 8909 9269 9824 10877 13193 13778 18643 26689 27364 30858 31120 32138 33689 33816 34765 34836 38746 39152 39208 40591 43556 43977 45702 46972 48218 48910 49149 52540 54533 55981 57012 62707 67990 68749 69035 72908 72969 76050 76388 76695 78627 79239 79636 80381 84122
52 1331 5332 5423 5966 8510 9867 11507 13388 16332 18643 22855 23629 25212 25981 27093 30132 31488 32353 32439 33610 35827 36439 38071 38238 43556 45344 47151 48962 51806 54154 54577 55952 57012 59442 61629 62707 66469 68527 70781 70945 72372 72503 73487 74505 74838 75082 75939 76050 76327 78794 80381 82568
52 577 2261 3456 5966 8586 8900 9376 9635 9867 10877 13056 14275 15368 16741 17311 17435 18157 20503 23084 31556 32439 35944 36040 38079 48910 48945 52314 52835 53260 58015 58593 59375 59442 60389 61906 62959 64641 67724 68289 68651 70841 70945 72372 72908 72969 74491 77185 79239 79636 81387 84321 84685
52 1139 1331 2261 4373 5423 6993 8749 13388 14773 14933 15018 15368 15537 18643 20180 21036 25391 25981 29863 31449 32138 34140 37792 39106 40676 43799 43977 52587 54276 58266 58593 62959 63883 65241 67990 68424 69035 71011 71138 72908 73068 73487 75123 75716 76041 78778 78794 79209 79239 83002 84325 84407
53 1331 2248 3456 5332 6369 8851 11604 15519 15682 15998 16971 17435 17893 20180 21827 24508 25981 30126 31556 32255 32353 34836 39152 40356 41821 42800 43361 46186 46741 50417 52314 53585 54164 54474 54495 54577 54826 57429 58015 58076 58266 59299 60309 63883 67574 72372 74491 74518 75082 79411 80381 82030 83002
54 414 1483 6871 7692 8924 9269 9630 9867 12790 13751 14933 15191 17435 18640 22458 24508 25140 27790 28650 30858 32255 32788 34765 40676 42536 48962 50361 52314 52338 52587 53260 54533 55560 55981 57190 58526 64641 65698 67158 67574 67724 68040 69784 73068 75123 76327 76695 78466 78778 79239 79411 79633 79636 82030
54 1349 6509 7692 11760 12629 14796 15518 17311 25127 25981 27790 28650 28695 29524 30126 34140 34836 34856 36268 36894 43361 43556 43977 45407 45702 46186 46928 47604 48218 48910 52544 52587 52833 53297 53585 54164 55952 56136 61629 62959 66469 68040 68527 70260 71011 71192 72503 73068 73487 74483 76695 77900 78992 80068
53 519 577 674 5423 8737 8900 12790 13056 14796 15018 15639 15998 17435 18640 20180 22955 23075 29629 32439 34765 35343 35405 37707 42757 43726 45702 46186 48962 49149 50417 50630 51806 52544 52835 54164 54533 56136 56512 58015 58834 60763 61629 61906 62707 63217 65882 69784 74984 75152 76450 78223 80381 82568
53 519 2261 4187 6883 9824 9867 10950 14933 15518 15519 16338 16741 17311 18970 19414 26689 31449 33689 33816 34204 34647 35423 36268 37923 42546 43615 45344 49071 49149 51806 52587 52835 54276 54533 55981 59442 60639 61374 63217 66469 67990 68527 69784 72969 74491 74962 75939 76041 77900 78466 78794 81921 82030
53 3338 3456 11507 11604 13056 13388 15018 15639 15682 16338 16741 18566 18692 18748 19414 21036 25152 27449 30051 31120 34836 36268 36439 40356 42536 43970 44909 46186 46726 47604 48906 50630 51405 54154 54577 54915 55952 57012 58128 58793 59375 61906 62959 63883 68527 68651 72908 75939 76041 76695 78223 78778 79641
54 1331 3338 4602 6993 8737 8749 8900 8924 13012 13606 14894 15519 18157 19437 20180 21036 24508 25140 28768 29524 30858 31449 31556 33533 38079 40356 40591 44909 47151 47561 47764 48962 50348 53260 53585 54533 54695 56423 59299 59375 60389 60639 61374 61629 61699 61906 67574 67990 70945 74962 75123 78223 80232 84448
54 1 4187 4373 6509 6993 8924 10877 12151 15682 17311 18748 22540 22955 27790 30240 32138 32353 33610 34765 39208 40591 40676 42473 42536 43361 43556 52314 52835 54474 54563 54577 54915 58593 59299 60300 61813 65698 66109 67960 67990 68040 68527 69035 71011 72419 72706 74962 78794 79641 80068 81963 82030 82881 84448
54 673 3456 5332 6509 8909 10054 13606 14796 14894 15018 16042 18155 18566 18640 18643 29524 30126 30148 30858 32439 33610 33689 37707 43726 50361 50417 52544 53260 54474 54577 57429 61906 65292 65698 66383 66469 68425 70672 70841 71192 72419 72592 73068 74838 75082 76041 76695 77892 79636 79641 80232 81113 83002 84573
54 132 281 519 2261 3212 6994 9296 9824 12313 12790 13056 13193 13606 15519 16042 16512 20503 22855 22955 27170 34204 36894 40356 43556 43726 43799 49149 50361 53260 54164 55440 55981 56423 57012 57217 60763 61629 64641 66109 67724 67960 67990 68405 70841 71011 71192 72372 73487 75123 77900 79411 79633 82881 83136
54 673 7692 8924 9296 13778 15518 15639 16338 23694 25127 25658 27449 31449 32439 33689 34140 34204 35343 36040 36894 39208 40831 41821 42536 43361 43799 43977 46972 49071 50417 51681 52835 54154 54577 55952 58015 60763 63883 64058 64934 67765 67960 68108 68424 68425 68749 69784 70880 70945 71011 74505 75939 77892 79239
54 281 1483 2261 3338 6509 6994 8900 10735 13778 14933 15682 15998 18640 24508 25981 27093 27449 29109 29344 29524 29629 31488 33816 35343 35453 35827 36268 41821 43721 45702 46758 49071 50348 50417 50630 53243 53260 55981 57012 57217 58076 58593 58793 59375 60389 61374 63340 65241 68289 68425 74838 76041 76388 80381
55 1483 4373 6993 9867 10950 11507 12442 12961 13751 17435 17893 20503 22955 23084 23629 25658 27790 30858 32475 33816 33948 34836 35827 40356 40591 43726 47764 50348 51806 54915 55952 55981 56010 57217 58793 60300 60639 63883 64058 64934 67574 70945 71011 71138 74483 77185 77900 78223 78466 78627 78794 81446 83002 84122 84685
55 3456 5318 6369 7312 8510 8900 8924 9635 10054 11507 15191 15639 16738 16741 18692 18748 22540 24508 25391 29109 30132 33610 33689 34204 34856 38079 43556 43721 46758 47604 47764 48962 50417 52544 52587 54114 54474 55952 56512 57429 58593 60300 60692 62959 64058 67102 68040 68424 74483 74962 75716 77185 79411 80232 84407
56 1349 6509 7692 8737 8900 9376 10054 14275 14796 14894 16512 16971 17311 19437 20180 21036 21827 22540 24238 25212 27449 27790 29109 32138 32439 33948 35423 36215 38079 44717 46186 49149 49872 50361 54495 55981 56512 57012 58076 58834 61374 66109 67158 67574 70841 72592 75123 75716 76244 78627 78794 79633 79641 83002 84122 84325
56 519 1139 2248 2261 3456 4187 5332 6883 7312 8510 8586 10931 13606 13751 14773 15018 16512 22458 25127 30132 32138 35423 36894 43361 43726 43799 45702 46726 46928 49334 50348 52544 54495 54533 54563 54915 55560 55952 58231 58526 59299 60896 68040 68749 69538 70945 72592 75939 77892 78627 78794 79411 82030 82568 82881 83136
56 673 752 3456 5332 6871 6994 7692 8900 9376 14275 14796 15519 16338 18566 18640 22128 23075 24238 25152 29629 30132 30148 31488 34204 34856 35343 37792 39152 40300 41821 42800 45407 46726 48218 49149 51681 51806 54695 57017 58526 58593 59375 60300 63883 65698 67724 67960 68527 68749 72969 75123 76573 76695 78992 80232 83136
56 132 281 519 1139 1483 3338 6993 9630 10054 10950 13388 13925 14275 14773 16741 18580 23084 24508 25658 27449 28768 31488 33816 34140 34647 35453 38238 38365 42536 43361 45702 48218 51681 54695 56423 58187 58231 58834 60309 61629 61813 61906 62707 66109 67724 68425 70260 71192 75123 75152 75939 76327 76450 77900 78794 83002
56 3456 6883 11507 11760 14773 15639 15998 16338 16512 18640 18692 21036 21263 23084 26689 27790 29524 31556 31589 32475 34140 35453 39152 39208 40300 40591 40831 42800 43361 43615 44222 46758 48067 48906 48910 50348 51806 52338 52835 54474 57217 59375 59442 60763 61813 62707 64934 65292 65882 67990 74483 77892 79411 81387 81963 84407
56 3338 5423 6993 6994 7692 9630 15998 16741 16971 18640 19437 22955 25152 27170 27364 28695 32475 33610 35405 36439 37923 38079 38301 39106 39152 40676 43721 49071 50361 51405 52540 52544 53243 54577 56512 58187 59299 59442 59692 60300 61374 61699 64058 65292 67102 68749 72908 74838 75123 76041 76327 77900 78466 84122 84407 84573
56 1331 2674 8510 10054 11760 12151 13012 13193 15639 16971 18157 20503 21036 22458 25658 27170 28768 29109 30126 31488 31589 32138 33689 33948 35423 36894 38071 40356 40591 42546 42757 43361 45702 47604 48069 48910 49149 49872 53260 54474 54563 54915 58128 58793 65698 67102 70781 70841 70880 72908 74491 74518 76327 77900 78466 81446
57 1331 5332 5423 7312 8737 8924 9376 12790 15639 16512 18640 18762 18970 22458 23084 30051 30148 33610 35343 35405 35944 42473 43799 45407 46726 46758 47561 47604 47764 48910 48945 49202 49872 50361 51806 52314 52540 54114 57012 57190 59299 60896 61374 67574 68424 69035 70880 71011 71192 74505 75939 76388 78627 78778 80232 81113 81963
57 132 1139 4187 4602 5423 6509 8737 15518 16741 17551 22128 22540 23629 24238 29863 30132 33816 35183 36894 38071 41821 42546 43970 45407 50417 52314 53297 53585 54695 54915 55440 58076 59375 60763 60896 61374 65698 66109 67724 68040 68289 68749 70672 70841 70945 72706 73068 74491 75082 76244 76388 76450 77900 79209 84122 84407 84573
56 1 1483 3212 4187 6993 8510 8851 9635 11507 13193 13751 13925 14275 14796 15639 16971 18155 18566 21036 21743 22128 23629 30051 31488 33533 34140 34765 35343 40831 42800 43615 43726 43799 46972 48945 49071 49334 50630 54164 54826 54915 55981 58231 58593 60669 61813 64641 71138 71192 72592 73068 74491 76450 77892 78778 80232
57 414 519 4602 6369 6994 8909 9269 9376 9630 9635 12313 13925 14773 15998 18566 22458 23084 23694 27093 29863 30240 33816 34204 34856 38079 40300 41821 43615 43977 48067 49661 51405 53243 53585 54164 54474 55952 56423 58793 59299 60639 60763 61374 65292 66109 66469 67574 69784 74483 74505 76573 78778 80232 82109 83002 83136 84325
57 1 1139 1483 2248 6919 8900 11507 11760 13012 13056 14629 16338 18748 22855 25658 27170 27449 32138 34765 36268 38301 38365 39152 39208 45407 47764 48067 49071 50361 51405 51681 52833 53585 54826 54915 56423 56512 58187 58834 63340 65698 66109 66383 67158 68040 68108 68289 69784 72503 77892 78466 79411 80381 81446 84325 84407 84685
57 577 674 2248 2674 3338 5332 6871 6883 6994 7692 8909 9269 9867 10735 13012 14796 14894 16332 16971 21263 22540 25391 31449 31589 34765 35405 35423 35453 36040 36268 36894 38079 38301 39208 42473 42800 46758 46928 47604 50348 53088 54114 56010 58793 66469 68405 70880 71138 71192 74483 74838 76327 76450 77892 78223 78794 80232
57 519 2674 3456 6369 6871 6994 8737 9630 12442 13056 15682 16738 18762 20503 21827 22458 22855 23075 25152 25658 27364 32138 32475 35343 40591 42473 42546 43615 45344 45702 46726 47499 47764 48910 52540 54276 56512 60300 60763 62959 65241 66109 66469 67724 67765 70260 70672 72503 72592 74838 74962 76244 76388 78223 82881 84122 84321
57 577 673 3212 4187 5318 5332 5423 8510 10054 11604 11760 13056 15537 16338 17893 18762 20180 20503 22540 23629 25658 28768 28970 29344 30051 30858 31449 33610 33816 34140 34647 35183 35423 36040 36215 38071 45407 46758 49071 49334 51405 51806 54695 55560 65882 67102 67158 68424 68651 70260 70672 70781 74962 75123 77892 79641 83136
57 281 3212 3338 4602 6994 8749 9376 9635 11507 12961 13012 13606 15191 15682 15998 16512 16741 18566 23694 25140 25212 31449 35183 35405 35944 37923 43361 43556 46641 46726 46741 46758 46928 48906 48945 49872 51681 54276 58076 58793 60669 61813 65241 65882 67724 68424 69538 70841 72592 74491 76450 76573 78992 79641 81963 82030 84122
57 1 1139 1349 8510 8586 11604 13606 13751 15682 17893 18640 21036 23075 23694 25658 29863 30858 32353 32439 32788 34140 35453 37923 38079 38229 38365 40591 42473 42546 43615 43799 47764 49661 54695 56423 57017 58076 58128 60669 60692 60896 61699 63340 64934 65292 67960 68749 75152 76695 78466 78778 79209 80068 83136 84122 84325 84573
57 2248 2261 6919 8510 8851 8909 9376 12151 12629 13193 13751 15191 15998 16225 18580 21263 22128 22540 25140 26689 27170 30051 30858 31488 32138 32475 33610 34647 34856 37707 37792 39208 41821 42800 43556 43721 44717 46758 47561 47604 49661 51405 51681 53585 54826 56010 58128 59299 61629 61813 63340 67960 68425 70672 77900 79636 82568
57 414 1139 1349 1483 3212 4602 5332 6871 6919 8737 9269 9376 9630 9824 10931 13012 13925 15639 16332 16738 22855 23084 27364 32439 33948 34765 34856 35453 36439 43556 44222 47561 48906 52835 56010 57217 58834 60309 61023 63883 65292 65698 67102 68425 70841 70880 72592 72706 72969 73487 74505 74838 74984 78466 80068 81113 84122
57 1 752 1139 2261 4187 6883 7312 8510 11760 13388 16332 16738 18155 18157 20503 23694 24508 27170 32439 32475 36040 36215 37707 38746 42473 42800 43799 47604 48067 49872 52338 52833 54154 55440 57217 58015 58834 59692 61374 61699 64058 66469 67724 68289 70260 70781 71192 72503 72706 74483 76041 76388 81921 82568 83136 84321 84407
57 577 674 2261 6883 8737 8909 9376 9630 9824 12151 12313 13056 14933 15537 16971 18155 18566 23629 24238 25152 27790 28695 29109 31120 31556 34140 35405 35944 36215 38238 38301 40356 41821 42800 46972 48069 51681 54915 56512 60389 60763 60896 63340 63883 64058 65241 65882 67102 68424 69035 69538 70672 70880 71138 72969 76050 84321
57 1139 1483 2674 3212 4187 4373 5966 6369 8924 9630 9635 11760 12313 13388 15537 15998 17893 22128 22458 22855 24508 25152 27093 28768 29109 31449 34836 35423 35453 37923 40676 42546 42757 45344 46741 47151 49071 49202 49872 52544 54154 54276 56010 56423 57017 58076 58231 63883 68108 69538 75082 76388 78627 79209 80232 81113 81387
58 6509 8851 10735 10877 11604 11760 13751 13925 15191 15368 15682 16738 17551 18566 18580 18762 18970 23629 23694 24508 27790 28768 30051 30126 30132 31556 32475 32788 35405 36040 39106 39208 40300 42800 45407 46726 46741 48962 49149 55440 57017 57429 58128 58793 60389 60896 64641 66109 67158 67574 68108 68651 74483 78466 78627 81963 84325 84685
58 414 1349 2248 4373 4602 8749 9630 9635 10735 12442 12629 12790 14275 17311 18580 18643 21743 22128 25140 25391 27790 30132 30858 32788 34856 35183 35405 36215 40676 42546 43726 43970 43977 44222 46928 46972 47561 47604 47764 48067 52544 54695 56423 56512 58187 58266 63340 65241 67102 68040 74518 74838 75939 76450 77892 79633 81963 84573
58 1 5318 6871 6994 8737 11760 12442 12629 13193 13925 14275 14773 14796 15018 15518 17893 20503 21827 22540 23075 25127 27093 30051 30126 31589 32255 32353 33533 34204 35423 38301 39208 42546 43556 43615 44222 49149 49872 52544 52833 56010 57190 57429 58834 59375 59692 60669 61813 69538 72372 72706 74984 80068 80381 82109 82568 84325 84573
58 519 674 2248 2674 4187 4602 5318 6883 6993 8909 9867 12790 13193 14629 14773 15191 15519 16738 18155 25212 25658 27449 28650 29629 30051 30240 32439 34647 35405 37707 39152 46726 48067 48069 49149 49661 50630 51405 52540 53297 55560 57017 59692 60896 65292 68424 70260 72592 72969 74505 74838 74984 75939 79239 79633 79636 81921 84685
57 1 1349 2261 4602 6871 6919 8586 9824 10950 12313 13012 13388 15518 16338 18566 18580 18762 20503 22128 22855 25127 25152 25212 25391 25981 27170 31120 36215 38071 38301 39152 42536 42546 45344 46758 48069 48906 49202 50348 53088 54474 54695 56136 58076 59375 60639 62959 65882 66383 68289 73487 74505 75939 76327 78992 81921 83136
57 1 2674 3338 6993 8586 8909 13751 13925 16332 17435 17551 18692 18748 20180 21827 28768 29524 29629 30051 31120 31556 35183 36040 37792 37923 42473 44222 47151 47499 48910 48945 49202 50361 50630 51681 54154 56423 58015 59375 60300 61699 61813 63217 63883 68108 68289 68405 68424 68651 69538 70260 70880 71138 75152 76327 82568 84122
57 4602 5423 6369 6993 8510 8749 8909 10054 10735 10877 10950 12151 14894 14933 17551 18762 19414 19437 21743 22855 22955 24508 26689 28970 29863 34856 35453 36894 37792 39208 40591 40676 47151 48067 48910 52587 54474 55560 57017 58076 58128 59692 60309 60389 60639 60669 65241 65292 65882 67765 70672 71138 72969 76388 81963 82030 84321
58 1 3212 4373 5423 6369 9376 10877 12442 13388 13751 15537 16512 17893 18580 18643 18692 18748 21743 22855 23629 27170 27790 29344 30126 32353 32475 33610 33689 34836 35183 35343 36040 36439 37923 38301 44909 46186 46641 47561 48069 49661 50361 52338 54474 54563 54826 58834 60309 67158 67574 74491 74838 76695 78992 81113 82109 82881 84573
58 673 1139 2674 5318 6883 6919 8909 9269 9635 12790 12961 13193 14629 14894 15191 18157 18643 19437 20503 23694 28695 30148 31556 33816 34856 36040 36894 38229 44222 46741 46928 48962 49202 50361 52338 52544 54533 55440 57012 57429 58128 60669 61629 65241 67102 67158 68040 68749 70841 70880 72372 72706 74491 75152 78778 79636 82109 84448
58 132 281 1349 11507 14629 14796 15518 16225 16332 17311 17551 17893 18155 18762 22855 23075 25152 25212 26689 28695 31488 32788 35343 36894 40676 42757 42800 43799 46928 46972 47561 49149 49661 49872 52835 53088 53585 54563 58834 59692 60692 63340 65241 68424 68527 69035 70945 72372 72419 72503 73487 74505 76388 78778 79239 79633 82881 84325
58 519 577 673 2248 6883 6919 8586 9630 12313 12629 15018 15191 16042 17893 18970 21743 23075 23084 23629 25127 25981 27093 28768 30126 30148 33816 34647 34765 35183 35343 36040 36439 38079 40831 41821 42757 44717 47499 48069 50630 53088 53585 56010 58015 58076 58593 60896 61023 61906 64934 68289 72706 75082 75939 76041 79239 82568 84321
58 132 281 1349 1483 6871 9296 9635 10931 11507 11760 12790 13751 14933 15191 15519 15537 16332 16338 16738 17435 18155 18157 18970 22128 25152 25981 28970 29629 32138 33816 34647 34765 37792 38746 40356 43721 43970 47499 48906 49202 53243 54276 59375 60639 60669 64641 65241 66469 67990 68108 71138 72969 74984 81963 82109 83002 84407 84685
59 752 1349 3338 5332 6369 6993 8924 10735 10950 11507 11604 12313 13056 13388 13778 13925 14629 15518 16971 17435 17551 17893 18748 25391 28768 28970 33533 33948 34836 34856 35405 36215 38079 40831 42536 43970 43977 46641 46741 48906 49661 52587 54577 60309 61699 64934 66469 67574 69035 70260 74483 76050 79411 81446 81921 82568 84321 84325 84573
59 2248 5966 6509 6919 7312 7692 12151 12442 13056 13193 14894 15191 15537 18692 21743 21827 22458 25140 29524 30240 31120 31449 31556 32138 32788 33533 35827 38079 38229 38238 40591 42546 43721 46186 46641 48067 48962 50630 52338 52587 53088 53243 53260 54114 54474 56512 58834 61699 65882 67158 67724 68040 68108 69538 72969 75082 80381 81963 82568
59 1349 5318 5332 6871 6883 9867 10735 12151 12629 13388 14796 15368 15682 16225 16332 17311 19437 22955 24238 28695 30051 30240 31449 32138 33610 33948 34140 35423 37923 38229 38301 40676 43726 45407 45702 46186 46741 46928 47151 47499 50361 54533 55560 57017 60639 64641 66383 71011 72969 74505 76244 77185 80068 81113 81387 81446 82109 82881 84573
59 519 673 2674 4602 5332 7312 10877 12442 13193 13388 14629 15018 15682 15998 16225 18580 18748 23075 25152 25212 28970 30126 30858 31556 32788 33689 34204 36894 37707 39106 42757 43977 46726 49334 50417 51806 54114 54533 54563 55440 58128 58231 58266 61023 62959 66383 67724 68289 68405 68527 70260 70841 74984 75716 76450 78992 81113 82568 84321
60 1 281 5318 8586 9824 12629 12790 14894 15519 15537 16338 16741 18643 18762 18970 20180 24238 27449 28768 30148 30858 31556 32255 34140 34647 35343 38746 40300 40676 43556 43615 43799 44222 46641 46972 47561 53088 54495 54695 55440 55981 57012 61023 61906 65882 67574 67724 67765 68405 68527 71138 72969 74505 74518 75152 76244 76573 78466 80381 81921
60 132 3338 6369 8909 9867 13388 15518 15998 21036 25212 26689 27093 28650 29344 30126 31120 32439 33816 34140 35183 37792 37923 38229 38365 38746 40676 41821 42536 43556 43970 46741 46972 47499 47604 48906 49334 50348 51405 54154 55952 57190 58187 58231 58526 59692 61813 61906 64934 67765 67990 68040 68289 70945 72372 72706 74984 76050 81963 82030 82881
61 673 1483 2261 5966 8586 8737 8900 11507 12790 12961 13012 14796 15998 16225 18155 21263 22855 27093 28970 29344 29524 30126 31556 31589 32439 32788 33533 36439 40300 40591 40831 43721 47151 48069 48218 50630 53297 54577 56136 58128 58593 59299 60300 60309 60389 60669 61699 62959 65292 67158 67574 67990 71138 76050 76573 76695 78466 79239 81921 84573 84685
60 281 519 2261 4187 4373 5966 6369 10054 10877 12151 12313 12629 12790 12961 13193 15368 15518 18157 20180 22955 25391 25981 27170 27364 30240 31120 33610 33948 36040 37792 38079 38365 40676 42473 46641 46928 47561 47604 49202 49661 52338 52540 53243 53260 54577 58187 60639 60692 61023 61629 62707 63217 63883 65698 68040 74483 78466 78794 83002 84685
60 3456 6919 7312 8737 14796 15368 15518 16338 16512 17435 17551 18566 18643 18748 19414 21263 21827 23075 24508 25391 28695 30126 31589 32138 33689 38071 38229 38746 44717 47151 47604 50630 52835 53260 56512 57429 58266 59442 60309 60692 63883 64934 65241 66383 67158 68108 69035 70672 70781 70841 70880 71011 71192 72706 74505 74984 79411 81113 81446 82030
60 519 3212 3338 4187 5332 7692 8737 10735 10877 10931 12790 14894 16225 16332 17893 18155 21743 21827 24238 24508 27364 27790 32255 34647 35423 35944 42757 43721 43799 44717 44909 46928 48945 50417 50630 52338 52540 52587 54114 55440 55560 56423 57012 58266 60639 60763 68289 68405 68749 71011 72372 72908 75082 75123 76041 76050 76388 76695 79633 81921
61 752 1331 4187 5966 10931 12313 12442 15191 15518 16338 18566 18643 18748 18970 23075 23629 23694 25127 27790 28650 28695 29863 31120 31488 32255 33948 38071 39208 40356 40591 41821 43361 45702 46186 46726 46972 48906 49071 50417 52544 55560 55981 58231 60639 61023 61629 64641 67574 67724 67765 70781 70945 71138 76244 78992 79209 79239 82109 82881 84321 84448
61 673 752 1349 1483 3338 5318 6369 7312 8851 8924 9635 14629 14894 15368 15537 18566 18640 18748 23084 25981 27093 28650 29344 29629 33610 34140 34647 35944 38238 38746 40300 42757 43970 43977 47151 48945 49149 49334 50630 51806 52314 52544 52835 54533 54695 54826 55952 55981 56136 56423 58593 58793 61699 63340 68040 68108 72372 72419 74838 75152 78992
61 281 414 6509 8900 9269 10735 10877 10950 12151 12961 14796 14894 15998 16042 16741 17435 18970 20503 24238 25212 26689 29863 33533 38238 39208 40591 46741 47764 48906 49149 53088 55952 56010 56136 56423 58187 58266 60639 61813 63217 67158 68527 70841 73068 74483 75152 75939 76041 76050 76573 77900 79209 79239 80381 81387 82568 82881 83002 84325 84407 84685
62 519 673 2248 5966 8586 8851 8900 9296 9867 12442 15639 16738 16971 18643 18692 18748 19414 21036 22540 25391 25981 26689 30240 31589 32255 32788 33610 36439 38365 39106 39208 40356 43726 43799 43970 46928 47499 52587 52833 54164 54826 56512 58231 59375 60692 61699 61906 63217 64934 65292 67574 68424 72503 72969 74838 75939 78466 78794 79411 81113 81387 82881
62 281 414 577 673 674 3456 5318 6871 6993 7692 8924 9269 12151 12629 13388 13778 14894 15368 16338 17435 18157 19414 19437 20503 21263 21827 22458 23075 27170 28650 28970 33533 34204 35423 36215 36439 37792 39106 40300 41821 43721 44717 44909 46186 47604 52540 55440 58076 59299 59375 61374 62959 66383 67990 68040 69784 70841 72372 72592 74518 74838 78794
62 281 1483 3338 3456 6509 6993 8737 10931 13751 14796 18157 20180 20503 25212 27364 27449 30240 31556 33948 34647 35827 36268 38071 43799 44909 45344 45407 45702 46641 46726 46972 52587 52833 54276 54474 54533 54563 54577 54915 55560 56136 57190 58187 58266 60309 64934 65698 68405 68424 69035 69538 70260 70880 72503 74518 74984 75123 79239 81113 82881 83136 84448
63 519 577 673 674 752 4187 7312 8586 11604 25981 27093 30148 31589 32255 34856 38229 40591 40676 41821 43361 43721 43726 46186 48906 48945 50348 50361 51681 51806 52338 53260 53297 54474 54695 55440 57017 57190 58076 63217 64934 65882 66383 67574 67765 68424 68527 68651 69035 70781 71192 72419 74483 75082 75123 76388 76450 77185 78223 78992 80232 81921 82030 84448
63 132 281 1483 8749 13751 16042 16225 16338 16741 17435 18566 18580 18640 19414 23629 24238 25140 28650 28695 29344 29863 30126 31120 33610 33948 34204 35453 35944 36894 37792 37923 38238 43361 43615 43721 45344 46972 50361 52540 53297 54276 54533 56512 58076 58834 60300 60763 61699 61813 61906 64641 66109 67574 68040 68405 71011 72419 74962 75082 75152 75716 76695 84685
63 3338 6883 7312 9296 9635 10054 11604 12151 12790 12961 13751 14796 16042 18640 21036 25391 26689 27093 27449 32353 32475 33948 34856 35343 35423 36894 38071 40831 42757 43977 44222 44909 47151 49071 50417 51405 52587 54495 54826 56136 56423 58128 58231 60309 61023 61629 64641 64934 65292 67574 67765 67990 68040 68527 68651 70841 74483 77892 77900 79209 79641 80068 81387
63 519 6994 7312 8749 8851 9269 9296 10877 13012 13606 13778 14796 15518 15639 16512 18970 21827 24238 25140 25152 27170 29344 33816 34856 35343 36439 37707 38746 39106 39208 40300 40591 43721 43799 43977 46186 46726 47561 48945 50348 52338 52835 53243 54577 55981 56512 58526 58793 58834 59299 59692 60692 61906 63217 67102 68040 77900 79636 80381 81113 84325 84448 84685
63 414 519 2248 6883 9824 9867 11507 12961 13778 14796 15639 16338 18157 18643 19414 24238 25391 25658 28695 28768 29863 32353 33610 33816 33948 35423 35827 41821 42473 43970 44717 47764 48069 48218 49872 50630 53260 54533 54695 55440 55560 55952 58187 58231 58834 60300 61374 65698 67960 67990 68749 70880 72419 72503 72706 73487 74518 74838 76041 76050 80068 80381 81446
63 519 577 1483 3338 5966 6871 6883 7312 8900 9867 10054 10931 11507 16042 16338 18155 20503 21827 22540 25152 31488 31589 33533 35827 37707 38079 40300 40356 42757 44909 46726 46758 46972 49202 52833 54114 54154 54577 54826 54915 57190 58015 58231 60639 60692 60896 61374 61813 62707 62959 68425 68527 69035 70672 70841 71011 71192 72372 76388 77185 78992 79636 81963
63 674 752 3212 3338 8924 9269 9296 9824 12313 14933 15368 16338 16512 17551 18748 18970 20180 22128 23084 23629 24238 25152 27093 28768 30240 32138 38079 40300 40591 43799 44717 50417 52540 53260 53297 54276 54695 54915 55560 57217 58187 59442 60389 60763 61906 62959 65292 68424 70260 72592 73487 74483 75082 75152 75716 76244 77185 78794 79239 80232 84122 84448 84573
63 3338 3456 4373 5332 6509 8510 9635 10931 11604 13193 13778 13925 14894 20180 21743 23694 25981 26689 27170 28768 31589 32138 33610 34836 38071 38238 40591 41821 43970 45344 49071 49334 54154 54495 55981 56512 58015 58076 58187 58231 58266 61813 64058 64641 65882 66109 66383 67574 67990 68108 68749 71011 72419 72503 72908 75716 78992 80232 81963 82030 83136 84407 84685
63 577 752 1331 1483 5332 9376 10735 13751 14933 16042 16971 17435 25140 25391 29109 31488 31589 32255 33533 33610 35423 35827 36439 37923 40300 40591 43726 43977 48067 48945 48962 50417 51681 52540 54495 54577 55952 57429 58526 58793 60389 63340 65292 66109 67724 68040 68405 68651 70841 70880 74505 75123 75152 76573 76695 77892 81387 81963 82030 82109 82881 84325 84573
63 673 1139 2248 4373 6994 8749 8900 9296 12442 13193 14629 14796 17311 18157 21827 22458 23084 26689 27170 28650 29863 30240 33610 34140 34204 34836 34856 35453 38071 38238 38301 38365 39106 43361 43799 46726 47764 48218 52314 52540 52587 53260 54276 55981 56010 58128 58187 58526 61629 67724 67765 68289 70841 74483 76388 76695 77185 77892 78627 79633 80068 80381 84573
64 281 519 2674 5318 6871 6994 9867 11604 13193 13778 15018 15998 16738 18640 21263 22540 23629 25127 25658 27449 29344 30132 31589 32353 32475 34140 36439 37707 38071 41821 42800 43799 45407 46186 47561 48218 48945 48962 52835 53088 54695 54826 55560 55952 56136 56512 57429 58834 61629 62707 66383 67574 69035 70841 70880 71011 71138 73068 74505 74518 75716 78794 81387 84407
64 1483 3456 6369 6883 8900 9269 9630 9635 9824 12961 14275 15519 15998 16338 16971 17311 18157 18762 25140 25212 25658 27364 29629 29863 35423 35827 36215 39106 41821 43799 46758 47499 48945 50348 50417 52540 52835 54164 54495 54533 57190 59442 61813 62707 62959 63217 64934 67102 68040 68289 68405 70260 72592 72706 74505 75082 76041 76388 76450 77900 78466 78992 79633 79636
64 1483 3338 8586 10950 11760 14773 14796 15018 15639 18155 19414 20180 22458 23629 25127 25152 28970 29863 35183 38071 40356 41821 42536 43615 43721 46726 46758 47604 49872 53297 54154 54826 55981 58526 59442 60300 60692 64641 65292 65882 67158 67765 68289 68527 69035 69538 69784 70781 71138 72503 72908 73487 74483 74518 75123 75152 76041 77185 78466 78794 80068 83136 84122 84325
63 519 577 1331 1483 2248 3456 6369 8510 8737 8924 9269 9635 10054 12313 15519 18692 26689 27170 28768 29344 29524 29629 33948 35405 35944 36268 37707 37792 37923 39152 40356 40591 43361 43977 44717 44909 45407 46641 46928 47604 48218 48945 51405 51681 54695 54826 55952 56512 57017 57190 58015 60389 60669 60896 61374 61906 71138 72908 74483 75082 75716 82030 84122
63 1331 4187 4373 6369 6509 6871 7312 8510 8737 8900 8924 9269 9376 9824 10931 10950 12961 13012 14933 16338 16512 18580 18640 19437 22128 22955 23075 29863 33610 35423 35453 36439 38229 42536 42546 49661 52314 53297 54276 54495 54915 56512 58128 60309 61813 62707 64641 67158 67990 68108 70880 72503 74483 75123 76327 76450 76695 78223 79209 80381 81963 84325 84448
62 577 752 1139 2248 3338 4187 6509 6919 8851 9376 9867 10735 11604 13925 16225 18157 18566 18692 24238 29524 30051 32475 33689 34647 34836 35423 42473 43361 43615 43726 43977 44222 46726 46928 47561 48910 52314 52338 54154 54563 54577 54826 56512 57429 58526 59442 60692 61629 65292 67158 68749 70260 70841 72419 72503 73068 74962 76388 77900 78794 80232 84573
62 414 577 1139 3456 4602 5423 6871 9269 12442 13193 15639 16042 16332 18566 18640 19437 22955 23075 23629 25140 27170 28695 30148 31488 34204 35423 38238 40591 42800 43726 43799 44717 46726 46928 48067 48218 48906 48962 51405 52835 53260 54164 54276 54695 56423 57012 58231 59692 60389 61023 62959 65882 66109 67102 69035 70672 72706 72908 73068 79633 79641 80381
62 1 132 1331 3212 4373 5318 9296 9630 9635 9867 10931 11604 13012 13606 17311 18155 20180 23075 23084 25127 27449 33610 33689 34204 34647 37923 38301 38746 39208 40300 41821 42757 42800 46726 48069 49872 52833 54164 54276 54563 54695 56423 61374 61699 61813 62707 69784 70260 70880 70945 71011 72503 74491 74505 75082 75123 76041 77892 77900 80068 81387 84321
62 577 674 752 1483 2674 6994 8909 9630 11604 11760 12151 12313 13778 15018 15537 15639 18970 23694 25140 25212 27449 29629 30148 34647 36268 37707 39106 39208 40356 40831 42473 43361 48906 49202 50348 50417 52314 54695 54915 57012 57429 58128 58187 58593 59442 60896 61813 62959 64641 65292 65882 67960 68289 69784 70841 74838 76050 76388 78778 82030 84325 84407
62 132 2248 5966 8586 8924 9824 10950 11760 15519 16971 17551 18640 18762 20180 20503 22128 22855 23629 25140 25658 27170 31589 35405 35827 36268 37923 38238 43799 43970 43977 45344 46741 47561 48906 50348 53243 53585 54276 55981 60300 61374 61699 61813 63340 65292 68108 68425 70672 70945 71138 72908 73068 74483 74518 74838 76695 78223 79633 80068 80232 81113 83002
62 1331 3212 6369 6509 6871 9635 10054 10735 11604 12151 13925 15368 18692 20503 21743 22458 25127 27170 32788 33533 34765 35183 35405 36040 37707 37792 40831 41821 42536 42546 46758 52540 54154 54164 54915 55440 55952 56010 56512 57190 57217 58128 58593 60300 61629 61699 65292 66109 68424 68651 70880 72706 74962 77185 77900 78223 79411 80068 80381 81387 81446 82030
62 1483 7692 8749 8900 9824 9867 10054 12151 12442 12629 15639 16512 16738 18155 19437 23694 25140 27170 29524 29629 30051 30240 35423 37707 38071 39106 42546 43726 45407 46972 47561 48067 52314 52835 53243 53297 54114 58076 58266 60309 60389 60669 64058 65241 66469 67158 68424 69784 70260 70880 74962 75716 76388 76695 77892 79641 80232 81113 82109 83002 84122 84325
61 2248 4373 4602 5318 6994 8510 9824 10950 12313 13056 13606 13751 14629 16512 17893 22955 23629 27093 29109 30051 32255 32353 34204 36215 36268 38301 45702 46726 46928 48945 49661 52338 54154 54495 54563 55440 58076 61374 61629 62959 63340 65882 66109 66383 68749 70880 72706 73068 74483 74518 74984 76041 76244 76388 76450 78794 79411 79641 80068 81113 81446
61 1 2674 3456 4602 6871 6919 7692 9376 9635 13606 13751 15191 18155 18692 20180 23075 23629 25212 25658 27449 28650 28695 29863 30148 31449 31488 33689 34856 37707 37923 40356 43615 46972 49334 51806 52835 53088 54114 54154 54164 54695 54915 55440 56010 56512 57190 57429 58526 60389 67960 68108 68405 68749 69538 76388 77892 78223 78627 79636 81921 84685
61 1 132 1139 1349 4373 6994 8586 8909 8924 9635 9824 10735 12313 15682 16332 16738 16741 18762 19437 23084 23629 25391 27093 30132 31120 31488 34647 34856 35423 42757 45702 46758 46972 47499 48218 50348 51405 53297 54826 56136 57012 57017 58128 58834 60389 61813 67765 67960 68425 69784 70260 73487 74962 75123 76041 76244 76573 79633 80232 82030 84325
60 2248 4373 6509 6883 8909 9269 9635 12442 13012 14275 18580 18970 21036 21827 22855 23084 25127 25658 27093 28970 29344 30858 35183 36215 36268 37792 38365 40356 40831 42800 43361 46726 47151 47561 48906 49334 51806 54154 54563 57217 57429 58015 58834 60300 62707 63217 65292 65882 66109 68108 68425 70945 76695 79641 82568 84122 84321 84325 84407 84685
60 2248 5318 6871 6883 8510 8924 9630 10054 10735 10877 12961 13606 14773 14933 15537 16741 16971 18640 19414 21263 22855 25152 25391 27170 29629 30148 36040 37923 42473 43556 43726 43970 44222 46641 46758 53243 54695 55560 57217 57429 58593 59299 59442 60309 60389 60669 61629 61699 64058 69538 72503 72706 72969 76573 77892 78223 79633 84325 84407 84685
60 132 577 2248 4373 6509 6871 6994 9376 10950 11760 12151 12442 13388 16512 16971 18155 18643 21036 21827 22458 25127 25152 25212 25391 27364 28768 29109 32439 33533 34204 34836 36040 38229 38365 39152 44909 46741 49661 52338 52835 57017 58128 59692 60692 61813 64058 65241 65698 67960 70260 70672 70880 72908 74962 77900 78992 79633 81446 83002 84122
60 1139 1331 2261 3212 5318 6871 6919 8510 8586 12313 15639 16225 17893 18580 18692 21263 21827 22458 25127 25658 27449 28695 28768 29109 29629 30240 31556 32788 35405 40831 43726 44717 45407 47561 48069 48962 54114 54276 55560 57429 59299 65241 65292 65882 68425 68749 70260 70781 71192 72372 75152 76041 76327 76388 78627 79411 79641 81113 81963 84448
60 7692 9376 10931 10950 11604 12629 13606 15191 16332 17311 17893 19437 23629 23694 25212 26689 27170 27364 29629 30132 31488 34204 35944 37792 37923 40356 40676 42546 42757 42800 44222 45407 46758 48910 49202 50348 52314 53243 55440 55560 57217 60763 61023 61374 63883 65698 65882 66383 68108 70260 72419 72706 76244 76450 78627 78992 79239 79633 81963 84573
60 752 1139 1349 5423 8586 8924 9630 9635 10735 10950 13193 14275 15018 15191 16042 17551 18155 18692 18970 23084 24508 25127 25140 25981 27449 30051 30126 30132 36439 37923 38746 43615 45702 46972 49071 49334 54563 54915 58128 59692 60300 60309 63340 64058 65882 67960 68405 70781 70880 71192 73068 74984 75152 76450 78992 79209 81446 84122 84321 84573
60 1349 4602 6509 8510 8851 9296 10054 11760 12313 12442 12790 13193 14275 14773 15519 15537 17435 18157 18692 19437 21743 26689 27093 27790 29109 29629 30148 35944 37792 37923 38238 42800 43615 43970 47561 48069 50348 51405 51806 52338 54114 54164 56010 58128 58793 60763 67765 68425 74491 74505 75152 76050 76388 76573 80068 80232 81921 82568 84325 84407
60 1 132 414 2248 5318 5966 9376 9630 10950 13012 13778 14773 15518 16512 16738 16741 16971 19437 23629 26689 28695 29344 31120 33533 35405 36439 37707 38365 39152 42536 43726 46741 47561 47764 49071 49202 51405 52544 52587 54563 57217 58128 60300 60309 66109 68108 68289 69035 69784 72706 72969 74505 76244 78627 78778 79209 81387 82109 82568 84685
60 1139 6871 8851 8909 9635 9824 10054 10735 11760 12961 13012 13388 14629 15368 17551 18155 18157 18692 21036 21263 22458 22540 25212 25391 29524 30132 30148 30240 32788 34204 35827 36215 36268 36439 39106 39152 40831 42473 42546 42757 46186 47151 47561 49149 49334 50630 52338 52833 53585 54563 58793 64058 68289 68749 71138 72706 72969 75082 76327 77892
60 132 414 674 6369 6994 8586 10877 12313 12442 12629 13388 14275 16512 18155 18157 18970 19437 21743 21827 22855 22955 27364 27449 28695 29109 30051 30148 31488 31556 34765 35405 42473 42800 45407 47764 48910 53088 53243 54154 54533 58266 59299 60639 60692 64641 66383 69035 69538 70260 70672 71138 72592 72706 74518 75939 76327 76573 77185 78223 84325
60 132 2248 3212 4602 5318 5423 6369 9630 12313 14773 18155 18643 18748 22540 23084 25658 31556 32255 33689 36040 37792 38365 40676 40831 42546 42757 43970 43977 44717 45344 47499 48910 50348 52833 54563 55560 57017 57190 59375 60389 65698 65882 66469 67158 68108 68405 68527 68749 69035 70672 70781 74962 74984 75082 75716 76450 78627 81446 82109 83136
60 1 674 3212 4373 5423 6871 6993 10735 10931 11760 12313 13056 14629 14894 18580 18970 21263 23694 25212 28650 28970 30051 30126 30132 30148 31488 33533 35944 37923 39152 40676 40831 43615 46758 46928 51681 53243 53297 54114 54495 57012 60300 60309 61906 64641 65241 67158 67765 68108 68651 71192 72372 72592 74491 75082 78992 79641 80381 81921 84407
60 132 752 4602 8586 8749 8909 9867 10054 10735 12442 12790 13606 14275 16971 17893 23075 23084 23694 27364 29344 30126 30240 31120 31449 35405 35453 43970 43977 44222 45344 46641 46928 51405 52338 53088 53243 54474 56136 57429 58128 58526 60763 63340 64641 67574 67990 68108 70260 70945 74491 75152 76244 76327 78778 79209 79239 81446 82881 83136 84122
60 1 673 5318 8510 8851 10735 12442 12790 12961 13012 14773 15191 15518 15682 16512 22458 22855 23075 25981 26689 28695 32353 32475 33533 34647 37792 38229 38238 40831 42546 43977 47151 47499 47561 48218 48910 49071 49334 50361 51681 53585 54114 54577 56010 58593 59692 62959 63217 63340 65882 66383 67960 68040 68651 70781 78778 79633 80381 81446 84407
60 281 414 1349 5318 5423 8749 8909 9376 9867 10877 12442 14796 15518 16225 16738 16971 17435 19414 20180 25127 25212 28970 30051 30240 30858 34647 34765 35453 35944 36040 36439 36894 37923 39152 42473 42757 45407 48069 48906 50630 53243 53260 53585 54114 56010 58793 60309 60692 62707 67102 68405 68425 68749 72706 76244 76573 79636 80381 81387 83002
60 519 1139 4602 5318 8586 9867 16738 18155 18157 18643 18970 22458 22855 25212 29629 31488 32353 32475 34765 35343 36215 38365 39106 43556 44717 44909 46641 47764 48906 49202 49334 49872 50630 52338 52587 52833 57217 58128 59442 60639 61023 61699 62959 64934 65241 66383 66469 67765 70672 71011 73487 74491 76244 76327 76450 79209 79411 81446 82030 82568
60 1 674 3212 7692 8586 8851 10931 10950 12151 12313 13056 16338 17551 17893 18748 20180 21263 22540 23084 25212 28695 29344 32439 33816 36040 36215 37792 38229 38746 42800 43615 43721 43970 45407 46186 47561 48910 49334 50417 54114 58015 60639 60896 61699 62959 64058 66469 67102 68405 69035 69538 72372 72908 72969 74518 76573 76695 78778 79636 84448
60 414 752 1331 2261 3338 5423 8586 8909 9630 11507 12151 12961 13056 13388 14894 14933 15191 16225 18692 18748 20180 21743 22128 23694 27364 29109 31449 33533 33948 37792 38365 42757 45344 45702 49872 51405 53585 54533 55981 57017 57190 60309 61629 65241 67765 68108 69538 72419 72592 72706 73487 75082 76050 76244 76450 76573 79239 81113 82030 84407
60 1349 5966 7312 10735 11760 13012 13925 14894 15682 16042 16971 17893 18155 18580 18970 19437 21263 22855 25981 29344 30240 31449 31556 34765 34836 37792 38079 38238 38365 40591 43615 49334 51806 52314 52338 52833 52835 53297 55440 55952 57017 58015 60309 60692 60896 61023 63340 63883 64641 68527 68651 70781 74491 76695 78627 81113 82030 82109 82881 83136
59 673 674 8749 8900 9296 12313 12442 12961 14629 14933 15191 15368 15682 16741 17435 18580 21263 22128 22458 24238 24508 27364 28695 30132 30858 32138 33610 35405 35944 36040 38746 40676 42473 43970 43977 44222 44717 46972 48067 48962 51405 51681 52338 54563 55440 56010 60309 61629 61906 66383 66469 73068 76041 76573 76695 78778 81387 82568 82881
59 281 673 1349 5318 5332 10931 13012 13056 13778 13925 14275 16738 17311 21036 27093 27364 27790 28695 30126 30148 30858 32353 33533 34836 35453 38301 38365 39106 40356 42546 42757 43556 44222 45344 45407 46972 52338 52587 52835 53088 53585 54164 58231 58266 59692 60692 61629 65241 67990 68108 68405 70672 70781 70841 72969 76050 78794 79209 80381
59 132 281 752 2674 3212 3456 5966 8851 8924 9867 10735 12790 13388 14773 15018 17893 18970 21263 25212 27093 28695 30051 30240 31449 32255 32439 32475 34765 35827 35944 36215 40300 42473 42757 43556 43799 44717 46186 47499 48067 48069 48962 52544 52835 54577 59299 59692 64934 67724 67765 68651 69784 70781 74518 76041 76450 79636 82568 84685
59 414 2261 4602 6509 8586 8749 10931 12442 15191 15368 15518 15519 15682 17311 18762 18970 23694 25391 27364 28650 28970 29344 31556 32439 34140 35944 36268 38238 38301 39152 40356 40831 41821 42757 43615 43721 43970 48069 49149 49202 53260 54533 57190 58187 62959 64934 65698 66383 66469 67102 69538 70672 72969 73487 75123 76041 77185 79209 84685
59 1 752 1349 1483 2261 2674 3212 5318 8851 8924 12961 13056 13388 15018 15998 17551 18970 20180 21827 25391 30858 31589 32353 33533 33948 35183 37792 40356 40676 42536 43361 43721 43726 43970 46641 49202 49872 50630 51405 52833 53243 53297 56136 57017 58015 58266 63340 63883 68405 68527 70781 71011 71192 75716 75939 76327 78223 79209 81387
58 414 674 6509 7312 8851 8909 8924 13012 14933 15519 17551 18580 18640 18762 21743 21827 23694 24508 25212 29524 30126 30240 31449 31556 32255 33533 33948 34204 35944 38229 38238 39106 43556 43970 48910 50417 52540 54495 55560 56010 59375 60309 60639 60669 60692 60763 60896 61906 63217 63883 67765 74483 74962 78466 79636 81446 82030 82568
58 414 5423 6509 6993 7312 8586 12790 15682 16225 16738 18748 19414 21743 22128 22855 22955 24238 24508 27449 27790 28650 29344 30240 32439 33533 34836 35183 38071 40676 42473 42536 43726 44222 44717 45344 47604 49071 49661 52338 52833 54114 55560 55981 56512 58526 63340 66383 67990 72969 73487 74518 76695 77900 78992 79209 79641 81387 82109
58 674 2261 6919 8737 8851 10931 12961 13388 13606 13925 14629 14894 15518 15639 24238 27790 28695 29524 30126 30240 30858 33689 34204 35423 36040 36215 37792 39106 43726 44909 48218 48945 48962 50348 52544 52833 54474 54577 55952 56010 56136 57190 58015 58231 58793 59692 60669 61023 61629 66383 68405 68651 70672 74491 75152 76244 78992 82109
58 414 674 752 3212 4187 8749 8900 12790 14629 14933 16332 16738 17311 22955 26689 27449 29863 31556 34204 38746 40300 42757 43556 45344 46726 47764 48067 48069 49149 49334 49661 50361 50630 52544 52835 53088 53260 53297 57012 58231 60300 60309 60692 61374 62707 63217 63883 65241 66383 67765 67960 68405 69538 74518 75152 78778 82881 84448
57 673 6919 10054 15018 15518 17893 18566 18970 19414 22540 23694 24508 26689 27449 29344 32353 32439 33689 34836 36215 36439 36894 38238 38301 40300 40676 44717 45344 47499 49149 49202 50348 52338 52833 53088 53585 54695 54826 54915 57017 57190 58187 59442 60639 67765 68405 68425 68651 70945 71011 72419 75939 76041 76050 76573 78794 84321
57 281 674 2261 2674 3456 5966 8749 9269 10931 12961 15191 15519 15537 16042 16332 16512 17551 18157 18580 18748 27790 28695 28970 29344 30126 31589 34765 35343 36439 38365 40356 43970 44909 47499 48962 50348 50417 50630 53297 56423 57012 57217 58187 58593 59375 60300 61813 63340 67765 68651 69538 72592 72908 75939 79636 80232 81387
56 752 1331 1349 6993 8749 8924 9296 10054 12790 12961 14894 15368 17311 18157 18762 21263 21743 28970 29344 31589 32353 33533 33816 39106 39208 42536 42757 44222 45344 46641 46741 52540 52544 55981 56010 57017 59375 60300 60639 60692 63883 64058 64934 65292 66109 66469 68749 69035 70945 72503 73487 75123 83002 83136 84321 84448
56 577 6509 6993 10054 11507 12961 13056 13778 15018 15518 15537 16512 16738 18580 18748 18970 24508 27170 27364 29109 29524 30240 31488 32353 32788 35183 38071 38229 38238 43361 43721 44717 46641 49149 51681 52314 52540 54474 55952 58015 58266 58593 59692 60692 68651 69035 72419 74518 74838 75082 77892 79411 79636 82109 82568 82881
56 673 6994 7692 8749 8900 10931 12629 14629 14894 14933 15519 16042 16225 16512 18640 20503 22955 23084 27790 31449 32255 33948 35453 35827 36215 38071 38079 38229 43726 43970 44222 44717 46741 48069 48945 50361 50630 54276 54474 57190 60669 60692 64641 66383 68749 70781 70880 72969 73068 73487 75082 75939 78627 79636 81387 83002
57 281 752 7312 9296 10931 11604 13388 15682 16225 25658 28650 29863 30132 31488 32138 32353 32475 32788 33533 33689 34204 34836 35944 36894 39106 42536 43977 44717 45702 48945 49202 49661 50361 52544 53088 53297 54164 58015 59375 59692 60639 61023 64641 67574 68405 68424 68749 69538 73487 74984 76388 77185 77900 78794 79411 82881 84407
56 673 752 3456 5332 6919 6993 7692 10931 12629 13778 14275 14933 15639 16971 17551 18748 23084 23629 24238 25140 27449 29524 29863 30240 30858 31488 31556 35343 36894 38238 38746 43977 46758 47499 48069 48962 49149 51806 54826 56136 57012 57017 58015 58076 61023 64934 67102 67765 68040 69784 74518 75716 79209 79636 80381 81921
56 281 752 8851 9269 9635 9867 13751 14773 14796 14894 14933 16332 16741 17311 18580 21743 22458 22955 23084 28970 29344 31120 33816 34836 35343 35827 36268 38238 38746 40676 43556 43721 45702 49202 49872 50348 54474 54495 54826 57190 58231 61374 63217 66383 67724 70945 73487 74984 75123 75939 76050 80068 80381 81387 84122 84407
56 414 519 5966 8510 9269 9867 11507 12961 15018 16971 17551 19414 21036 30126 32439 33689 33816 33948 34140 34836 34856 37707 38238 39106 39152 40300 43361 44222 45407 46641 47151 48962 50361 51806 53297 54915 58015 58526 58593 59375 60300 60896 62959 64934 68405 72503 76050 77185 78223 81387 81921 82109 82881 84321 84325 84407
