339 187 98249
86843 41658 59976 17913 38318 83897 59222 52535 92865 49929 82999 81416 54047 41983 16386 27858 73653 41466 82614 87174 35519 6835 34923 75522 94314 98198 22748 39523 21578 84075 7878 16292 7631 3833 90198 93669 89337 4549 25873 49690 62879 85149 80527 83968 34894 76881 59856 51705 40033 28109 30239 33677 42450 68104 3316 87404 21158 57628 25056 85984 41053 80075 10831 1345 77913 39436 97104 72034 39483 24655 34324 96008 8425 84511 87824 76709 75721 6607 5775 5314 995 26021 23565 37798 49768 1712 95093 80703 91622 15236 96664 10187 56135 77296 80060 19922 16954 34670 19257 75579 5147 54977 35297 35176 89575 71020 78387 19077 32449 40166 22238 71916 13629 78410 46941 25756 19552 31575 29788 82590 85756 63202 55578 12654 80113 52198 60328 89060 53789 42601 32728 58230 9736 42154 51180 83920 78951 95156 84743 52202 10138 35100 16447 12705 46599 41178 68820 60793 12644 22920 63445 51601 31382 12852 13709 41468 90207 34153 97553 91114 60273 97688 76681 39090 6910 80571 45445 2295 66057 16082 15753 69714 5450 16064 96947 87515 10509 16573 83172 81762 61825 56188 93229 12335 41142 13725 47360 46326 16532 55002 28970 92526 56412 46812 20343 7257 24548 41963 59087 21962 65982 42016 34842 75046 92279 12885 58222 96055 12599 79292 63773 4807 36630 10279 84477 24051 18696 63258 59925 61176 81612 49105 19588 87659 91809 88473 82657 95700 81668 10544 16654 94362 98228 15222 23187 62965 77459 77405 39172 22196 67668 69526 78775 1279 96365 82942 90579 89185 89259 76124 20288 84719 74045 49891 95508 96839 38360 52141 12231 38080 60137 62655 38926 50309 62219 18220 74033 52097 22083 92420 15993 65980 6254 49225 31431 86799 38822 12800 32283 31901 46852 96234 1783 60385 40749 76337 84230 31299 88083 67602 87670 23305 75366 48896 91729 77267 48700 16930 16473 42695 36192 31637 39723 93972 8435 46525 92272 30770 2324 70373 6945 51995 14730 44626 14984 10276 73724 10993 90212 91540 16481 94699 53771 40810 92652 56071 87520 6836 33687 4634 24143 16326 41427 97686 91930 5430 37075 11235 8150
43 1712 4549 10544 12885 13629 14730 16447 16954 22083 31382 31575 31901 32449 37075 39436 41466 41658 49105 51180 51995 52141 56412 60273 60328 63202 65980 69714 71020 76681 77405 80075 80527 83968 84230 85756 87174 87520 87670 90579 94362 96234 96947 97688
43 1783 5450 6254 6836 10831 11235 12231 12705 12852 14730 16654 19588 23305 25873 29788 31299 34670 34894 35519 39090 39172 40166 44626 46812 46852 55578 58222 59976 63202 76681 78387 78410 82614 83920 83968 87515 89060 89185 92420 95093 97104 97688 98228
43 1345 6835 6910 8150 10509 12654 13709 14984 15222 15993 16064 17913 19077 19257 20343 22196 22238 33687 34894 38080 39090 44626 46599 46941 49225 49690 53789 55578 60385 72034 75366 76681 76881 78951 80703 82590 87174 87659 88083 89259 94362 96055 96234
42 1783 4634 6910 7257 10276 12599 12654 14984 16573 23187 25756 31431 32449 34923 35519 38318 39090 39483 40749 41178 41468 42601 48896 59856 60137 62879 65980 67602 67668 71916 75579 76124 76881 77913 80113 80571 85756 91622 91809 95156 96947 98228
42 5147 6254 6835 6910 10276 13629 15222 15236 19552 20288 24143 24548 24655 32728 39436 40166 45445 51705 52198 59856 60385 62655 62965 63202 68820 69526 73724 75522 76337 79292 80113 80571 83172 83897 84743 85149 86799 87515 87670 88473 90207 91729
42 2295 10509 10993 16326 22238 23187 23305 31575 34153 34324 34923 38822 38926 40033 40749 41963 45445 49225 51705 52198 52202 54977 55578 58230 59222 60328 60793 63773 73724 77267 77459 78410 78775 80527 80571 81762 82657 84230 84719 94314 96664 97104
42 1279 2295 4807 9736 10138 10187 10993 12644 12654 12800 16573 28109 29788 31299 31431 35297 40033 41427 45445 46941 48700 50309 52535 59087 60328 61825 62965 66057 71916 72034 74045 75366 75522 76337 77405 83968 89060 90212 95700 96008 97553 98198
43 2295 8425 13629 16082 16930 21962 22748 22920 25756 28109 30239 32283 34894 35100 35176 36630 39172 39483 42154 46326 48896 49891 53789 56135 56188 62219 66057 77459 80113 81668 82590 83172 84230 86799 88083 89060 90212 91114 91540 92865 94314 96365 97686
43 10279 10544 15753 16082 16447 16473 16481 16532 18220 19552 22196 24655 30239 31299 31901 33677 38822 39523 42601 49929 51180 52198 53789 60273 63445 65982 66057 67602 76881 77296 77405 78410 81762 82942 84511 85756 89575 91540 91729 91930 93229 95508 98198
43 5430 12335 12705 12800 15753 16082 16481 16654 21578 22748 31575 32728 33677 34324 39172 42016 42450 42601 42695 46852 46941 51601 55002 59856 60328 61825 63202 67668 69714 71020 74033 77267 80060 82999 83920 84477 87670 87824 88083 90579 94699 96839 97688
44 5450 15753 19922 22196 23305 24051 25756 28970 29788 31382 32283 32728 34842 36192 37075 38360 39523 41142 42450 46326 46599 48700 51705 52097 53771 55578 56188 58230 67602 68104 69526 69714 76681 76709 78387 78951 81416 84075 89060 89185 94362 94699 96008 96234
44 1783 3316 5450 7878 8425 9736 11235 12654 12852 13725 16064 16532 16930 16954 18696 19077 19552 21578 22083 31637 31901 39090 40033 40810 41178 52141 53771 53789 54047 58230 67668 68104 69714 75046 75366 75721 78775 82590 87670 89259 92526 93229 95156 98228
44 1279 3316 5450 6607 6910 8150 9736 12231 12335 13709 15222 16064 16292 16473 23305 28109 31575 32449 34670 39723 40810 41983 42154 42601 46852 47360 48896 55002 56412 60385 63258 68820 69526 76124 80113 84075 84511 84743 85756 87404 92279 92420 92652 96947
43 5775 7631 7878 12885 15993 16064 16386 19257 20288 21158 23187 28970 29788 30239 32728 38080 40166 40749 41142 41468 42154 42695 46812 51180 52198 52202 56071 59925 60793 63202 75366 78775 80571 86843 87404 87515 87824 91729 92652 93972 96234 96365 96947
43 1279 1783 3833 5314 8435 10138 10509 12644 13725 16292 20343 21158 22238 27858 33677 36192 41658 45445 48896 51180 55578 56071 57628 58222 58230 60137 60328 61176 62965 65980 75579 76337 76709 77267 82590 82942 83920 84719 87515 87520 90207 92526 96947
43 995 2295 5147 6254 6836 7257 7631 9736 10509 12654 16573 22920 25056 31637 34153 35100 42450 46525 47360 48700 56412 57628 59976 60385 62655 71916 73653 74045 75721 77459 78951 81612 83920 84230 85756 87515 87520 89060 90198 90579 91729 96055 96365
43 3833 6607 6836 10509 12599 13629 16447 16573 16930 17913 24548 25056 26021 31299 33687 38926 39723 40749 41466 42154 46812 49105 49225 49891 53789 54977 63202 63445 66057 68104 77267 77405 78951 80113 82942 83172 85984 86843 89185 92272 93669 95156 97553
43 3316 4634 5775 12705 16082 16473 16573 19588 20343 23565 30770 31431 33687 35297 38318 39172 41053 41658 41963 42601 48700 50309 51180 51601 52198 55578 76337 78410 79292 81762 82614 83172 84743 85984 88083 89259 89337 90198 90579 91114 93972 95156 95508
43 2324 4549 4634 5314 7257 8435 12654 15753 16930 22196 24143 31382 32728 35176 37798 41053 42695 46599 46941 52202 59087 59976 60273 60328 61825 62219 63773 67602 76124 80075 81762 83172 83897 83920 84230 84743 86799 87174 87404 87659 89185 93669 96839
43 995 4807 10138 10831 12852 16326 16473 17913 18220 20288 21158 21962 24143 24548 25756 25873 31299 35519 36192 38360 38822 41178 46525 49768 52202 56188 58230 59222 61825 67668 69714 70373 78951 80075 80113 81762 87670 89060 89259 89337 89575 91809 97688
43 1345 1712 4549 5450 6835 6945 9736 10138 10831 12800 13709 16326 19552 23305 26021 31637 35100 36630 38318 41427 41963 42695 49690 52141 52198 52535 53789 56188 57628 61825 65982 68820 69526 71020 74033 76124 76681 84719 88083 88473 92272 93229 95156
43 1345 10279 12231 12335 16064 16447 20288 23565 25056 25873 30770 31575 32283 34923 35100 36192 39090 39723 41427 41468 42016 42154 42601 51995 52097 56188 59087 60328 60793 62879 67602 74045 75366 77913 78387 78775 82657 83897 84743 92865 93229 95093 97686
44 1279 2324 6910 12335 12644 12705 14730 16447 19077 21962 22083 29788 31637 31901 32728 34842 37798 38080 39436 41142 46326 48896 49690 49891 49929 51180 52202 59222 75522 77913 80703 84477 84719 85149 85984 87670 89060 90207 91930 93229 93972 95700 96947 97686
45 5430 8435 10138 12335 12705 13725 16532 22920 23305 24051 32449 34153 39436 39723 41053 41142 44626 46326 46599 46852 49768 52535 53789 58230 60137 62879 65982 70373 74045 75046 80527 80571 81668 82590 82999 83920 87515 91622 91729 91930 92420 94314 95508 96365 97104
45 1712 5430 6945 9736 10509 10544 13725 14984 15236 15993 16532 18696 35100 37075 40166 41142 41178 42016 42601 45445 46525 46599 47360 49891 55002 62655 63445 72034 75366 77267 78951 80075 81416 82942 83968 85149 85756 92279 92865 93972 96234 96839 97104 97553 98198
45 1783 2295 8435 10276 10831 11235 12885 13725 16447 16573 16654 22238 22748 28970 32728 34842 34894 37075 38360 38926 39483 41178 42154 47360 48700 48896 49929 51601 51995 54047 55002 63202 63258 65980 68820 72034 80527 86843 90579 91114 92272 95093 95156 95508 96664
46 1345 6254 8150 10187 11235 12705 14730 16930 24655 28970 30770 31382 39483 39523 41658 41983 46326 46525 47360 50309 51180 52141 55578 58222 58230 59925 60273 60385 60793 66057 68820 71916 73724 75046 76881 80703 82999 83172 83968 84743 86843 89185 91729 92526 94362 96839
46 2324 8150 9736 10993 12231 12644 12654 12852 13629 16082 16386 16473 16532 21578 24655 34324 34894 38360 40749 41658 44626 46326 46599 49225 52202 56135 56412 59856 59976 60793 61176 62219 77267 77913 81416 81762 83920 86843 89259 91622 92272 92279 92526 96055 97688 98228
45 10138 12599 12644 12885 13709 14984 15222 15236 15753 16532 17913 18220 22920 27858 30770 31431 34324 38080 39436 41178 41658 42154 42695 46812 48700 51705 52141 54047 55002 56412 59976 61825 70373 76124 76337 76681 76881 77296 78410 78951 80113 81612 84075 90212 96008
45 2324 6945 7878 8425 10276 12231 16930 17913 20288 20343 22920 23187 28970 35100 36192 38318 39090 40033 41468 41983 46812 46941 49105 51180 52198 55002 56188 58222 59856 59976 60137 63445 68820 69714 73653 74033 79292 80060 84230 86799 91540 95156 96008 96664 97104
46 5450 6910 7257 8425 10187 16292 16386 16447 16473 16481 17913 19588 19922 20343 25756 28109 28970 31299 31637 38080 38318 38822 41466 46326 51601 51705 51995 52097 60328 60793 62655 62965 63445 63773 70373 72034 73724 83897 83920 84511 84719 84743 90207 92526 93229 96055
46 4807 6945 7257 7631 10993 12335 12599 12644 12705 12800 14730 16064 16532 16954 19552 22083 24548 27858 30239 31382 34153 38318 38926 39483 39723 40033 42695 51601 52202 56135 56412 59222 60137 74045 77459 78951 80571 82614 83897 84511 87659 87824 88083 89060 92526 94699
46 3833 10138 12852 22920 24548 24655 28109 31382 31575 32283 33677 34670 36192 36630 41142 41963 44626 45445 46599 46812 49891 50309 51995 52535 53771 53789 55002 56412 59222 62655 67602 73653 76709 77296 77405 79292 83897 87174 87824 90212 91809 92420 93972 95156 96947 97553
46 2295 8435 10279 12852 13709 13725 14730 14984 15993 19257 20343 28970 29788 30239 31637 31901 34324 35100 35519 38926 39172 40810 41178 41466 41963 42450 42601 46812 52535 59087 59222 62219 63445 63773 75721 76709 80060 84743 87515 87670 88473 90198 91114 91540 92865 95508
46 4807 6607 6835 7257 10276 10509 13709 16447 16481 18220 19922 20343 21962 22196 23305 32728 33677 39723 41468 44626 46525 46852 47360 49929 50309 51601 52202 52535 59087 60273 65980 66057 68104 68820 75579 75721 82590 82614 82657 84477 92526 92652 92865 93669 96008 96839
46 3316 5147 5775 6254 6607 7257 8425 10138 12705 14984 16082 16573 16954 21962 24051 24548 31382 34923 36630 38360 41468 42450 49929 56071 56412 58230 60793 62219 65982 67668 73724 74033 75366 82999 85756 86843 87174 89337 90207 92272 92865 93972 94699 95700 96234 97688
46 1783 4549 5314 5775 8435 9736 10276 10279 10993 12644 12852 15753 18220 18696 24548 30770 34153 34670 35100 35519 41658 41963 42016 46599 46812 48896 49225 49929 52097 52141 53771 54977 63202 65982 68104 69526 75522 76681 81416 81668 82999 83172 84511 87404 87520 90207
46 995 2324 3316 5314 6835 6836 10544 12231 13709 16447 19257 20343 21158 22083 22920 25873 31431 34153 34842 35297 39090 40810 41178 41963 42016 42154 46525 54047 55578 59087 59976 60385 63258 69714 73724 74033 78775 81416 81762 82999 84477 87824 90212 91729 94314 97553
47 995 1279 5450 6910 7257 10993 12654 12705 16654 17913 21962 24051 26021 33687 34842 34923 35176 38080 40749 41468 41983 46326 49690 51180 52097 54047 57628 59087 59925 61825 63445 68820 70373 75046 75579 76709 77267 81416 86799 87404 91114 91540 92272 92420 92652 97553 98198
47 4634 5147 6945 15993 16064 16386 16481 16532 18696 21158 21962 22083 22748 23565 24548 25056 26021 30770 38318 38822 41983 46599 48700 51601 54047 56071 56188 60137 60273 60793 61176 62879 65982 75046 75522 75721 76337 80113 80571 83920 89575 90207 90212 91114 92279 94362 96365
47 2324 6607 12644 12800 12885 16386 16930 23565 24143 27858 31382 34153 37798 39523 41178 41963 41983 42016 45445 51995 52198 54977 55002 57628 60273 62655 63258 65980 65982 71020 78951 81612 82942 83897 84230 85149 85984 87520 91540 92279 92420 93229 94314 94699 96947 97688 98228
47 2295 5775 6254 6836 12335 12852 12885 14730 15222 15993 16326 16386 16473 16481 21578 22920 25056 27858 28970 31299 32283 34842 35297 37798 38926 41053 42016 49105 49768 53771 58222 59087 59222 59925 60328 68820 70373 73653 76681 78387 80527 87515 90579 95156 97553 97688 98198
47 1712 5314 6945 10509 13709 19077 19588 21962 22748 23187 27858 31901 33687 34842 35176 39090 40810 41142 41427 41466 42695 44626 49225 49768 50309 52535 58222 60793 61176 63445 65980 66057 73653 75046 76681 80075 83968 84075 84743 85984 88083 89060 89185 91114 92526 94699 96055
47 995 1712 4634 6254 6910 7878 10831 12599 12644 13725 14984 16082 16573 31431 32449 34894 36192 39090 39523 41053 41466 41468 46852 51601 51995 52202 53771 53789 56412 60273 62219 62965 65982 67602 73653 75046 81612 82614 87659 89259 89575 92279 92652 92865 95093 96055 97686
47 1345 6910 10138 10276 12599 12885 14730 15753 16292 18220 21578 22920 24143 26021 31382 31637 40166 40810 41466 42016 42601 46812 47360 49105 49225 49929 56071 71020 76124 76881 77459 79292 80075 80571 80703 82614 83172 86799 87174 87670 90207 91809 91930 92279 95093 96234 97688
47 1783 5430 7631 10831 12852 12885 16326 19588 20288 20343 22238 23305 23565 31431 32728 34153 34842 35100 35519 38822 39723 44626 45445 58222 59856 63445 63773 69714 73724 74033 76681 77405 77913 78387 79292 80571 80703 81762 82614 82999 84075 86843 87174 87520 88473 91622 92652
47 1345 2295 3833 4807 5450 6835 6836 7257 7878 10993 12800 13709 14984 15236 16447 19077 35519 37075 37798 39090 39172 39436 41427 41658 45445 51601 51705 52097 56071 58222 58230 60385 61825 63773 71916 75046 75366 81416 82657 84719 86799 87174 87659 91622 93972 96055 97553
47 2295 4807 6835 6910 8435 9736 10276 11235 12599 12705 13629 15236 16064 16292 22083 22196 24548 31382 32283 32449 33687 34923 35519 36630 38822 40033 40749 41468 48896 49768 54047 56188 59976 66057 74045 77913 87520 90198 90212 91114 91809 92279 95700 96055 96664 97104 97686
48 1712 4634 6835 6836 7631 8150 10187 10279 12599 12800 12852 12885 16082 17913 28109 31901 34923 36630 39436 40166 41963 41983 42154 46326 46525 46599 49891 60273 66057 67668 72034 73724 75522 76337 78410 79292 80571 81668 88473 90207 91540 91729 91930 92420 93229 93669 96664 96947
47 3833 5430 10187 10279 10544 10993 12335 13709 15753 15993 16082 16386 16481 16532 22238 24143 30239 32283 33687 34153 34923 38318 39483 41178 45445 46852 46941 51180 56135 58222 59087 63773 69526 75522 77267 79292 82657 84230 84477 87515 89337 92272 94314 95093 95508 97104 97688
47 2295 4549 4634 4807 10509 15753 16326 16654 21962 24051 24655 25756 27858 30770 31299 31901 33677 37075 41142 41468 48700 55002 56135 63773 65980 68820 69714 71916 72034 75522 76681 77296 78775 80703 83897 83920 84477 90198 90212 94314 94699 95700 96055 96234 96839 97553 98198
47 1279 1783 2324 4807 5450 6254 11235 12599 13629 13725 16573 16930 18696 19552 22748 24051 24143 25873 28970 34324 36630 38360 39090 39483 41427 42450 46852 53771 59222 60793 65982 66057 69714 73653 77296 78951 80060 81668 88083 90207 91114 91540 91622 93669 94314 94362 98198
47 5450 6910 8150 10279 10544 12644 15236 16064 16082 16326 16473 16481 18696 19922 22748 24655 31575 34153 36630 39523 40810 41466 42016 47360 49225 49690 52141 52535 60273 60385 63258 67602 68104 70373 78410 79292 80060 83172 89337 92526 95156 96008 96234 96365 97686 98198 98228
46 1783 3316 4549 6945 8425 10279 12231 15222 15753 16064 16654 16954 19922 21578 22748 22920 29788 31431 34324 34842 39523 40749 41427 42695 46941 56412 59925 62879 63258 63773 80571 81762 82614 82942 84477 84743 86843 87670 91930 92652 92865 94699 96664 96947 97553 97688
46 4807 5430 10187 16954 21578 23187 23305 24051 25756 25873 34670 36192 38080 39523 41658 45445 46812 49929 51995 52202 53771 56071 59925 60385 61176 61825 63445 69714 75046 76337 76681 82590 84075 84477 84511 85149 86799 87174 87404 87515 90579 91114 94362 96008 96947 97686
46 2295 5450 7878 8425 10138 10509 14730 18696 19257 19552 20343 21158 21578 24051 31637 34670 35519 36630 37075 38822 39090 40749 40810 49690 51601 56135 56188 59976 60137 60273 61176 62965 75366 80527 81612 82999 84075 84230 85756 87515 87520 87824 89185 91930 92279 98228
46 5430 6835 6836 6910 7257 7878 10279 10509 11235 12800 12885 15222 16064 16292 16573 17913 18696 19257 31299 31382 31575 35100 39723 44626 48896 49105 57628 62655 62879 63202 63258 66057 75579 76337 76709 77296 77459 81416 81612 83968 84075 84511 89259 92652 93229 97688
46 5147 7631 7878 8150 12335 12852 14984 16082 16292 16447 16573 19588 23187 24548 25056 29788 32283 33687 34894 34923 37075 38318 38926 49105 54047 55578 56071 58222 59925 63258 75579 75721 76124 76681 77405 80060 80571 83172 84230 84477 85149 87824 88083 91729 93972 96947
45 3833 4634 5147 6607 7631 8435 10276 11235 12654 12705 13709 15753 16292 19588 19922 20288 24051 31299 31901 39090 39172 41142 41963 41983 45445 50309 54977 59925 61176 62965 67602 75522 76709 76881 77267 80527 81762 82590 83172 83897 85984 87515 87520 87659 96055
45 2295 3833 5775 6836 6910 7631 8150 10509 12599 13725 16386 16954 18696 22196 24143 35297 41053 41468 46525 46599 46852 48700 54977 59087 59222 59856 61176 61825 62219 69714 73724 75721 77459 80113 81612 81762 83968 84719 85756 87659 87670 88083 90198 91809 94314
44 3833 5314 5450 6607 10993 16326 16573 16930 18220 21962 23305 27858 33687 34670 34894 35176 35297 41178 47360 49105 51705 52198 52535 56188 61825 63202 63258 66057 67602 67668 74045 77405 79292 80075 80571 81612 88473 90198 90207 91809 92272 93669 96234 98198
44 995 1783 4634 5775 10831 16064 16082 16473 19257 19588 22748 30770 34153 35176 39172 40033 41427 45445 49105 49891 55578 56188 59925 60328 63773 65982 68820 69526 73653 74033 75366 76881 82657 83172 86843 87670 88473 89337 89575 90198 90212 92865 93229 93669
45 1345 2295 2324 4549 4807 5314 12335 12654 15753 19588 22196 23305 24143 26021 28109 39523 41466 41658 42016 42695 46326 48896 49929 52097 59856 60385 60793 61176 71020 75579 78775 81762 82657 87659 89060 89337 89575 91540 93229 93669 95508 95700 96947 97553 97686
46 995 1279 4549 5147 12335 12644 16326 16481 16532 21578 22083 23565 25873 30239 34842 36192 36630 40749 41142 46326 51705 53789 59976 61825 66057 67668 69714 70373 71020 75366 77913 78387 80113 81612 81668 82614 82999 87515 87659 89337 91114 91729 91809 91930 95700 96839
46 4549 5430 5450 6945 10279 10509 10544 13725 16082 16532 17913 19077 22920 25873 26021 31637 33677 37798 38360 39436 40033 41142 41427 42601 48896 49105 49690 52198 54977 55002 56188 60273 69526 75046 76337 77267 78387 81416 81668 84075 87174 88473 91809 92420 94699 96365
46 7878 10544 13725 15753 15993 16064 16573 16654 19077 19588 23565 25873 28109 28970 32449 32728 35297 35519 37075 38318 39723 42450 47360 48700 49690 49768 51995 52141 53771 54047 55002 60328 62879 63445 78775 82657 82942 84230 84477 88473 91729 92279 93229 97104 97686 97688
46 1279 1712 6835 11235 12231 12335 12885 14730 16292 16654 16930 24051 28970 30239 31299 32449 35176 37798 40166 40810 41983 47360 49690 51601 58230 62879 65980 68104 69714 72034 76681 77267 82657 83172 83897 85149 86843 87659 89060 90579 91930 92526 93972 94362 95700 96947
46 3316 5430 5450 6254 7631 8150 8435 9736 16386 16473 18696 22238 31382 33677 34923 38080 39090 39483 40166 41142 41658 44626 48700 49768 53789 56412 58222 59222 62879 80527 81668 81762 85149 86843 87515 88083 89185 89575 91809 92526 92652 94362 95093 95700 96365 98228
45 1712 3833 6910 10509 10544 12852 13725 14984 15222 16064 16930 22238 24655 27858 37075 41658 42154 42450 42601 42695 46525 46812 49225 52535 56071 56412 59976 60137 61825 63258 67602 71020 71916 75522 80527 80703 81668 82942 83968 85149 87404 88473 89259 96055 98228
45 10276 10544 11235 12599 13629 13709 15222 16473 16573 16654 17913 20343 21158 23187 31431 32728 34324 34894 36192 46812 47360 51180 56188 59925 59976 62655 68104 71916 73653 76124 78387 80527 80571 82657 83968 87520 87670 90198 90579 91622 92272 92865 94314 95093 96947
45 3316 6836 7257 8150 13629 15236 16654 17913 19077 20288 20343 23187 23305 30770 31637 34894 38318 38926 41466 41468 42695 45445 49929 57628 58230 61176 62965 73724 76881 78410 79292 80703 83172 83920 83968 86799 86843 87515 89185 93229 93669 94362 95700 96008 98198
44 2295 2324 7257 8425 9736 10509 10993 12335 22748 24548 25056 32449 33687 34894 36192 38318 38822 39723 41658 46941 50309 59856 62965 63773 75366 76881 77459 78410 78951 81612 81668 81762 82614 82999 83897 84719 87404 89259 89337 90207 91622 94362 96664 98228
44 4549 4634 4807 10187 10544 12800 15222 15236 16573 21158 24548 25756 31637 34153 39523 40166 41142 41963 42154 46941 48896 49105 51705 59222 59856 59976 61825 62219 66057 70373 74045 76124 76881 77405 77459 81416 83897 84511 85984 87174 90212 93972 95156 98228
44 6945 8435 13725 15222 16082 16654 17913 18220 19552 19588 20288 21578 22238 23187 24143 25756 25873 32283 35519 36630 39172 39723 40033 41053 41963 49891 51180 51705 52535 54047 56135 56188 57628 59087 59222 59856 77405 83172 84743 87824 91540 91729 96664 97553
44 6835 10187 10279 15753 16326 16481 19552 21962 22196 23187 25056 28109 31575 31901 38318 39172 40033 41983 46525 47360 49690 51705 51995 52202 52535 59087 62965 71916 74033 76709 77267 77296 80075 81762 83920 84075 84719 87659 91114 92865 93229 93972 94362 95508
44 7878 8435 10138 10831 12335 13629 14730 16386 21962 22196 28109 29788 30239 31575 34923 40033 41427 46852 48700 49929 52097 56135 60273 61825 62879 62965 65982 67668 69714 74045 75721 77459 78951 80060 83897 84477 85984 86843 91809 92272 92865 94699 96839 98228
44 1345 5450 6607 15222 16292 16930 19922 22083 24051 27858 28109 29788 30239 30770 33677 35100 38360 41053 41142 41658 42016 44626 46525 49891 49929 53771 56188 59222 65982 67668 69526 75522 77296 77405 77459 78410 82590 82999 85149 88473 95156 96234 97686 97688
44 1783 2324 5775 7631 13725 14984 16064 16447 16473 16954 18696 23187 30239 33677 34842 39172 40810 42016 42450 46941 52141 52535 59976 69526 73653 76681 77405 77913 78775 80060 80075 80527 81416 82590 82657 82999 84743 85756 91930 92272 92420 93229 94314 95508
44 1279 3833 5314 5430 10276 10831 12231 12335 12705 15993 17913 19922 22196 25756 30770 33677 34670 34842 39090 39172 39436 41466 42450 42695 47360 52202 54047 60385 62965 63202 63258 68104 70373 75046 78775 81416 83968 85756 92652 92865 95700 96839 96947 98198
44 995 1279 1345 2324 3316 6910 6945 10138 16954 19257 19552 22196 22748 34894 36192 37075 38080 38318 38360 40749 41142 41983 42450 46599 49929 54047 55578 56071 59925 63202 65980 67668 68104 73724 75046 77459 81668 82614 86843 87515 90198 92279 96365 97104
44 3316 6254 10509 10544 10993 11235 12654 12885 13725 16386 26021 31575 31637 34670 35100 39523 41178 41658 41983 51995 52141 55578 60137 61176 67668 68104 69526 70373 72034 75579 76337 76881 77405 77913 80571 82942 82999 83897 87174 87404 87520 92279 93669 96365
44 3316 5147 6836 6945 8150 12231 12654 12885 14730 16386 16447 16573 16654 19257 21158 21578 23565 27858 29788 35519 39172 39436 39483 39723 45445 47360 49225 58222 59222 59856 59976 62655 68820 69526 78775 80113 81416 81612 82942 84230 87404 89337 90212 90579
43 1279 2295 4549 6835 12705 17913 21158 22196 24655 27858 31299 31431 33687 37798 38080 38926 44626 49105 51705 51995 52198 52535 54047 54977 57628 58222 60793 73653 75579 78775 80113 82590 83172 84075 86843 87404 89185 90579 91540 93972 94362 96055 97104
43 1279 4634 5147 7878 8435 12599 12644 14730 14984 16481 19588 21158 25056 25873 34324 34923 35297 38318 40033 41466 41658 41983 46599 49768 50309 52198 57628 60137 60328 66057 67668 72034 73653 81762 85756 86799 88083 89185 89259 92865 96055 96365 98228
44 1712 10276 12599 15222 16082 16292 16386 22920 24143 25056 28109 35176 38822 39483 41178 41466 44626 46326 46525 49690 49929 54977 57628 59976 60328 61825 62219 62655 63202 67602 69526 75522 76124 79292 82614 82942 83897 85984 87659 89060 89259 94699 96008 96365
44 7631 8425 12800 14984 15753 16326 16532 17913 18220 20288 23187 24655 25056 27858 30239 35297 38926 41053 53771 53789 55578 56188 59222 62879 63445 63773 68820 73724 76124 78775 79292 82614 82942 82999 85984 87174 87670 89060 89575 90579 91809 92272 94314 95093
44 1279 3833 4807 10276 10993 12654 20288 23305 30770 32283 33677 34324 35176 35519 38318 40810 41053 41427 42601 50309 51601 52535 53789 55002 60793 62965 63773 69714 71020 73653 74033 80075 80703 81416 84511 84719 85149 85984 87174 88473 89185 90579 93229 98198
44 2324 4807 5450 6835 10831 12335 12644 22748 28970 31382 31901 32728 35519 36630 41053 41466 42450 42601 52097 54047 62219 73724 74045 75366 77459 78387 80075 80113 80527 82657 83897 84719 87824 89185 89259 89575 90198 90212 91622 92652 92865 96008 96365 97686
45 1345 6835 8425 10279 10831 10993 12852 15236 16064 18220 19077 22083 22920 32728 34923 36630 39523 41142 41983 46326 46852 48896 49891 49929 52198 56071 58230 59222 68104 70373 71020 74045 76124 76709 77405 80075 82614 82942 83968 89259 91540 91930 92526 93669 95700
45 1345 3316 5430 6945 9736 10279 10831 13709 13725 16386 16481 16532 20288 21578 32449 34894 34923 39172 49891 52535 56412 58230 60328 63445 74033 75522 75721 76124 77913 78387 81668 82999 84477 84511 87174 87520 89337 90212 90579 91729 92420 95508 96234 96664 96947
45 1345 1783 4549 6607 6836 9736 10187 10544 15993 19077 20288 22196 24051 27858 35519 37075 39436 40166 41468 42154 46812 47360 51601 51995 52097 55002 75522 76881 77267 77913 81416 84075 84477 84719 87404 87515 87824 89060 89185 91540 92865 94314 94699 95508 96839
45 5775 6835 7878 10509 11235 14730 16481 16654 18696 20343 21158 22083 22238 24051 25873 28970 31382 32449 33687 38360 39436 42154 48700 49929 51180 53771 53789 54047 56135 59856 60385 65980 67668 73653 74045 76709 77913 84719 86843 89259 90207 94314 96839 97104 98198
45 4634 5314 6254 7257 8150 12852 16292 16573 16930 18696 22748 34153 34923 38360 39436 40166 40749 40810 41466 41658 41983 42601 44626 49690 49891 51180 51705 52141 57628 63258 69526 71916 72034 74045 75721 76124 77296 82999 83920 92420 92526 94362 94699 97104 98198
45 995 6607 7631 12231 13629 13709 14984 15993 16386 16473 20288 22238 22748 24143 24548 25056 32728 39483 39523 40033 46326 49225 49891 52141 53771 56412 59925 59976 62879 63258 72034 75522 76337 78775 78951 80060 81416 82614 83172 83920 92652 95508 97104 97553 98228
45 1279 3833 5775 10276 12231 15222 16326 16532 17913 19922 21578 24655 26021 27858 28109 31431 38080 39483 39523 40810 41468 41963 42695 46812 54047 56071 58230 59925 61176 65980 71916 72034 78410 78951 81762 84230 84719 85149 85984 87174 91114 94314 95156 95508 96839
46 5314 6254 9736 13629 16954 20343 21578 23187 23565 24655 30239 31299 34324 35519 36192 38080 38318 38360 39483 41053 41427 41983 46326 46941 55002 59087 60137 60273 61176 61825 73653 73724 74045 80527 81612 84075 84743 86799 87520 90198 90207 92652 95156 96365 96839 98198
46 995 6835 6836 7257 7878 10993 16386 16532 21962 22748 24655 25756 28970 31637 33677 34153 34324 34670 37798 38360 38822 41466 42154 49105 49225 49891 52141 52202 56071 56188 60137 62655 62965 78410 80075 81612 82942 83897 83968 84075 84743 88083 93669 96008 97686 97688
46 7878 8425 10138 10831 12231 12800 16292 19257 19552 19588 24548 26021 27858 31431 33687 34324 34894 34923 38926 39523 39723 42450 46941 49105 49768 51180 52141 52202 55002 59222 62655 65982 67602 76681 77459 82614 87520 89337 90212 90579 91930 92526 93229 95508 96008 97553
46 1345 1712 4549 4634 5430 6836 7631 8425 10138 12231 12335 16292 19588 21578 23565 25756 28970 31575 32283 35100 38080 38926 39090 41963 42016 50309 52535 56412 68104 73653 75522 75579 76881 77405 83920 84511 86799 87174 87659 87670 89185 91114 91540 93972 96008 96839
46 3316 3833 5147 6910 7631 8425 8435 16447 16481 19552 23305 24143 25873 29788 31901 33687 34842 35100 35519 37075 37798 38080 38360 38822 39172 41142 41466 46812 50309 59087 59856 60137 60273 62219 77913 78951 84075 84511 87659 87824 89259 91809 92526 92865 94314 95093
46 3833 4634 6835 7878 11235 12705 12800 13725 16326 16447 18220 20343 21962 22196 31575 39436 46525 46852 49690 49768 49929 51705 52141 54977 56412 60137 62219 62655 75046 75366 76124 76709 80571 80703 82590 82614 84511 87404 87824 88473 90198 91809 94699 95156 97688 98198
46 1712 7257 8150 12231 12705 16292 18220 20288 21158 22748 24143 29788 32283 34923 35297 38926 40033 41427 45445 46599 46812 47360 48896 53771 62655 62879 65982 67668 74033 75721 76681 76709 82657 82999 84743 85756 87174 87824 88473 90198 91622 92272 92279 93669 96234 97104
45 1783 2295 6607 7631 12885 15236 16326 20343 24548 28109 30770 31901 35176 35519 38080 38926 39090 39523 40810 41178 42016 46599 50309 52097 52202 57628 63202 69526 72034 74033 75522 75721 76709 81416 82590 82657 84719 85149 86843 89337 91729 93669 95093 95700 97686
46 2324 3833 4549 5775 6607 6835 6910 7257 10138 21578 22083 25056 30239 34842 39483 41178 41427 41658 41963 46326 46852 50309 52097 54047 55578 58222 60137 60385 62219 66057 68820 74045 75721 77267 78775 80527 80703 81668 85756 89337 89575 91930 92652 94314 95700 96664
46 1279 4549 5314 5430 5775 6607 10187 10544 12654 16082 16532 18220 22083 24548 24655 25873 33677 34923 35100 40749 41983 48700 49891 56071 59087 59976 60793 62219 62655 63202 68820 70373 71020 75046 80571 81668 83968 84075 85984 90198 91622 92420 96055 96234 97686 98198
46 995 1783 5314 5775 6945 7878 10544 12599 12644 15236 15753 15993 16386 16447 16654 16930 17913 18220 21962 22748 25873 34324 34894 37075 38926 41053 41963 42450 45445 49690 55002 55578 56135 60793 74033 75522 76337 78387 80113 87520 91930 92279 92420 93669 95508 96365
47 995 2295 5314 5430 6836 11235 12644 12654 12705 12885 15993 16292 16473 16654 19077 22920 26021 27858 28970 38318 39523 46326 49690 50309 51995 52097 52198 59087 60385 62879 65980 65982 68104 69714 74033 76881 77296 79292 80075 82942 84230 89337 94314 94362 96008 96664 96839
47 995 3316 4549 5450 6254 7631 8150 8425 10187 10831 14730 16532 21578 21962 22083 22920 23565 26021 31299 32449 33687 37075 38360 40749 42016 42695 46599 52097 58222 59856 60328 62219 62879 63445 63773 65980 66057 73653 80060 80113 83897 85149 90579 92526 94362 98198 98228
46 1345 3833 4634 4807 6254 11235 15222 16064 16082 18220 19922 22083 22748 23565 25873 26021 34842 36192 37798 40166 41178 41466 44626 49225 51601 51705 52141 52198 55002 56135 56412 59222 63445 65982 76337 80527 84075 84511 85149 87404 88083 89060 89185 92420 96055 98228
46 7878 8150 12231 12599 14984 15222 15753 15993 16954 21158 22238 23187 23565 24143 28970 31382 31431 31637 36630 37798 39523 40033 42016 46812 49225 49690 49768 51601 52535 53789 60328 67602 68820 74033 75046 77296 77913 80527 82614 83968 84230 87824 89259 90198 92420 96947
45 1712 10276 10279 12852 15993 16292 16326 20343 21578 23187 28109 31299 31382 31431 34670 34842 34894 37798 38080 39436 39723 42601 49768 52097 57628 60793 62879 62965 65980 69714 71916 76124 76709 79292 80060 83968 86799 87174 87515 87670 89060 92279 92526 92865 93669
45 1712 5450 6254 7257 7631 10509 12644 12852 12885 13629 13709 19257 19922 20288 22083 23305 25056 30239 32728 34894 35519 38822 41427 49768 49929 53789 56412 60137 62965 63773 65980 73724 75046 75721 76881 77459 84075 84477 85149 86799 88083 89337 93972 95093 97104
45 1712 3833 4549 4807 6254 6607 6835 7878 8435 10993 12800 13709 16064 16573 16954 22920 24051 24548 33677 38822 41468 42601 46812 49225 58222 58230 59856 62655 67602 72034 75366 75579 76881 77405 77459 78410 80527 80703 82999 84719 85984 92279 92420 95093 97686
45 5147 5775 9736 12800 12885 15993 16292 18696 20343 25873 31431 32283 32728 34670 34923 36630 38926 39172 39483 41053 41468 41963 42450 46525 46941 48896 49225 51705 59856 63445 74045 77405 80703 81416 83172 83968 87670 90198 90207 90212 91622 91930 95093 96055 96947
45 5314 5430 7257 7631 10279 12599 15236 19257 22196 23305 24655 25756 31431 31901 32283 34153 34894 39172 40033 42154 49690 49891 50309 51601 51705 54047 54977 58222 58230 59087 63258 65980 68104 75522 80075 80703 81762 86799 87515 90207 91540 91622 91729 92272 93669
45 995 3316 3833 6254 9736 10509 10831 15236 16481 19552 21962 22196 24548 28109 30770 31382 31901 34153 34324 35297 37075 38822 40033 41983 46852 51180 59925 61825 62219 62879 67668 75366 75579 76881 77267 79292 84477 86799 89337 91622 94314 95508 96055 96664 97553
45 1345 2324 4549 5147 10187 11235 12599 12800 12852 15236 16386 16573 18220 24051 26021 28109 30239 31575 35176 38822 41963 42154 46852 48700 48896 49225 56188 59856 61176 63773 65982 67668 69526 83920 85149 87404 90198 91114 94699 96008 96234 96664 96839 97553 98198
46 1783 4807 8150 8425 10187 12800 13709 16930 18696 21158 22748 23565 25873 27858 29788 30239 31431 32283 33677 38360 42016 46326 51180 51705 53771 54977 56135 59087 60273 69526 70373 74033 77913 78775 78951 79292 80527 81612 83172 89575 91114 91729 93229 93669 96234 96664
45 1279 1783 6945 10187 12335 16473 16532 21962 31901 32283 33677 34842 35297 36630 37798 39436 39523 40033 40810 41468 42450 49105 49690 52097 52141 56135 57628 60273 60385 63258 63773 71020 73653 77267 77296 78775 81762 82590 83920 83968 84511 86799 89337 95156 97688
45 1279 4549 4807 10279 12231 19588 21578 22083 25056 28109 31901 34894 35176 38822 40749 41142 41466 42450 42695 46852 48700 49768 51995 55002 56135 59925 60385 61825 62879 65982 68104 75046 76681 77296 78387 78951 80060 84743 85756 87824 90207 92652 96365 97104 97688
45 1712 3316 12800 13725 14730 16930 19077 19922 25873 28970 30239 34153 36192 36630 38080 39090 40749 42016 46852 52202 56071 56188 61176 63202 68104 72034 76337 76681 76709 76881 77296 80060 82614 82942 84075 84477 85149 85984 87659 89575 92279 92420 95156 96234 96365
45 1783 3316 6910 7878 10138 10279 12885 15993 16473 16954 19922 24051 31637 32283 32449 33677 34842 39090 39483 41053 44626 47360 49690 55578 59856 60137 71020 75721 76337 80060 80527 81612 82942 84230 84743 87174 87404 87520 90579 91809 92526 93229 95093 96234 97553
45 1783 6607 6836 6910 12335 12654 14984 16292 16954 18696 19922 21158 24655 31299 31901 34670 35100 35519 39723 40166 42450 42695 49105 51705 52202 56412 58222 60385 62655 62879 65980 75046 78387 80075 80571 80703 83968 84230 84477 86843 87404 88473 89185 90579 91114
45 5775 6254 6835 7631 10138 10276 10831 16447 16954 19077 19257 19588 21158 22238 24051 31299 33687 34324 34670 34894 36192 38926 40033 40749 41142 41658 45445 46812 46852 57628 60273 60385 63258 68104 80113 80571 82657 85149 88083 89185 89259 91622 92279 93972 96055
45 1345 2295 3316 3833 4634 5314 8435 12599 12705 12885 13725 15236 18696 19257 20343 25056 28109 31637 32449 34670 34923 35100 40749 45445 49225 50309 52198 57628 59925 59976 67602 71916 73724 75579 76124 76337 76881 80527 87659 88083 89259 95700 96008 96234 97688
45 995 1783 2295 5147 7257 8425 10993 13629 16447 17913 19257 20288 24143 25056 30239 31431 39723 40166 46525 46599 47360 58222 59856 60328 61176 62219 63258 66057 67602 75522 75579 76124 76337 76681 77913 79292 81668 83968 84230 85984 87404 87670 90198 91809 96664
45 5147 10187 10544 12705 16082 16326 18220 20288 21158 22238 23305 24548 26021 31299 33677 34894 38318 39090 39436 41053 41178 51705 54977 59925 60385 63773 66057 75579 78410 81612 84230 84511 84719 85984 86799 86843 87670 88473 89060 90212 92272 93669 93972 94314 96055
45 4807 5147 6910 8435 12599 15753 16082 16654 23305 23565 30770 31299 35297 38822 40033 40749 41053 41427 41658 41963 42450 46599 46941 49105 53789 54977 56135 57628 61176 68820 71916 74033 74045 75366 76881 80075 82657 83897 84719 87824 88083 89337 91540 97104 98198
46 2324 4549 10831 12800 13629 15753 16481 19588 22748 25056 25756 28109 35176 35297 36630 37798 41178 42601 46326 46525 48896 49891 52097 54977 59087 59222 59856 59976 60793 67602 68104 69714 72034 74045 75366 76337 76709 77296 79292 80075 80571 81612 88083 94362 95700 97686
46 1345 3316 5450 10279 10831 12644 16532 17913 19552 21962 22083 25873 30239 32283 32728 35176 35297 39483 39523 45445 48896 49105 49768 49891 51705 52535 63773 67602 68820 69714 70373 75721 78410 80060 81668 84230 85984 87659 87670 89575 91729 91930 92272 94699 95508 98228
46 1345 1712 2295 4807 5430 5450 6607 6945 10544 15222 16064 19588 19922 21578 22920 23305 24655 30770 31299 31575 31901 33677 35176 38318 40033 41053 46941 49690 53771 55002 58230 60793 65982 71020 77267 77913 84477 87404 87670 89575 91729 91809 92420 92865 95508 96839
46 2324 5775 9736 12644 15993 16064 16654 16954 21158 23187 23305 24051 25756 28109 28970 29788 34324 36630 37075 38360 39436 40810 42016 42450 46852 48700 49929 51995 62879 63445 66057 71020 75366 77267 77913 78387 80075 83897 84075 87659 88083 88473 89575 95093 96839 96947
46 5314 7878 10279 10831 11235 14730 16082 16930 18696 19077 19552 22920 30239 34670 34842 38360 39436 42154 48700 48896 51601 52141 57628 59222 62965 65980 67602 68104 70373 71020 75366 78387 80703 82590 82657 82999 85149 87515 91809 92526 92652 94362 96008 96234 96947 97104
46 995 1345 1783 3316 6254 6945 8150 8425 10509 12231 15753 16292 16473 16930 19077 19257 25056 31382 31575 32449 33677 44626 48896 51180 52141 52535 56071 56412 63258 63445 72034 75046 77459 78387 80527 81416 84477 85756 87515 87670 88473 91622 91729 95700 97104 98228
45 7631 10509 12231 12852 14984 15222 15236 16473 16573 19077 23305 24051 26021 29788 32449 38080 39483 40166 42450 42695 46812 49225 51601 51995 54047 59925 60385 63202 69714 72034 75579 77267 77405 77913 81668 82657 83920 83968 84511 85984 87404 87520 91729 92279 92865
45 3833 5147 5450 6836 10276 10544 12885 13709 14730 16573 18696 20343 21158 22238 23187 23565 24655 31382 31431 32449 34894 36192 38080 39172 39436 39483 40166 40749 41053 41983 42695 48700 49929 55578 60137 61176 68104 75366 77267 78951 82590 83172 87824 95700 96664
45 3316 7257 10187 12654 12852 16064 16386 16654 16930 22196 22238 24655 31637 33687 34324 36192 37798 40166 41468 44626 48700 48896 54977 57628 58222 60137 62655 62965 63258 71916 73724 76337 76709 76881 80075 81612 81668 81762 82999 83172 85756 86799 90198 95156 97104
46 4634 10544 10831 10993 13629 13709 14984 16473 16930 22238 24548 25056 27858 31637 34324 35297 38822 38926 39723 46326 49105 49768 56135 59856 59925 61825 62655 63202 67668 71916 72034 75721 77459 80113 81416 81762 84230 84743 87404 90207 91729 93669 94362 96008 96055 96947
46 1345 1712 6607 8425 10276 12599 12800 13629 16473 16532 16654 19588 21158 24143 31299 34153 35176 38926 39483 39723 41468 41963 42695 50309 51705 52198 52202 54047 55578 56188 61176 61825 69526 71916 73653 77267 77296 77405 78410 85984 87515 89337 90212 93972 96008 98228
46 4549 5775 8425 8435 10138 10509 12654 13629 15222 16326 24655 32283 36192 39172 40033 41053 41466 41983 42695 46941 48700 50309 55002 56188 57628 59087 60328 62219 73724 77913 78410 78775 79292 80060 81612 84511 87659 88083 89575 90207 91540 93229 93972 94362 95093 97553
46 1279 5314 8435 10993 12335 16386 16481 16573 16930 18220 19922 21962 22196 23187 25056 25756 25873 28109 28970 31637 31901 34153 34324 35100 36192 39436 41427 46525 46941 49105 62219 63773 67602 71020 78410 80075 80113 80703 82614 84511 87824 89060 91114 91809 93229 98228
46 995 4807 10831 12335 15222 16447 16473 16954 18220 19552 19588 25756 27858 30239 31637 39723 41142 46525 46852 46941 49690 52198 53789 60273 62965 65982 67668 74033 76709 78387 83172 85984 87174 87670 87824 88473 90212 91622 92272 92526 94699 96008 96365 97104 97553 97686
46 1345 8425 12705 13725 15236 19077 19552 23187 23305 25756 26021 30770 31575 33677 34670 35519 36630 39723 41053 41142 42016 42601 42695 52097 53771 56412 60328 62879 69526 72034 73653 74033 75721 76709 77459 81762 82657 82942 87659 91114 91540 91930 92272 93972 96234 97688
47 1783 2324 5430 6607 6835 8435 10279 13725 16481 19257 19552 22083 23565 29788 30770 31575 32449 32728 34842 36192 39483 40810 41466 42450 46326 46599 46812 47360 52097 60273 61825 62965 75366 75721 76681 77405 77913 78775 80075 84511 85149 89060 90579 91809 93972 95700 96664
47 1279 2324 5775 6607 8435 10187 10831 16532 20343 22083 24655 29788 31575 31637 34923 37075 37798 39090 39172 39436 40166 41178 46525 47360 48896 53789 56188 58230 60385 68104 70373 75046 75579 77459 80527 81668 82590 82614 84477 86843 87824 88473 89185 92420 92652 94699 97688
48 1345 3316 5147 5314 5775 6910 6945 7257 9736 10544 11235 15993 22196 22238 24051 29788 34324 39723 40749 41658 42601 46326 46525 49768 53771 55002 56071 56135 68820 70373 75522 76681 76709 77405 82590 82657 83968 85756 86843 87174 89259 91729 92272 92279 92420 93229 96365 97104
48 995 1712 5314 6945 8150 12335 12885 15993 16532 16654 18696 24548 28970 30770 32728 34894 35519 39090 39172 40810 41658 42154 51995 54977 59976 60793 63202 65980 67668 71916 72034 75721 76124 76337 77267 77296 77913 80571 82590 82942 85756 87404 87520 92272 93972 94314 95700 96008
47 995 2324 6254 6607 6835 6836 6910 8425 8435 12644 13629 14730 17913 20288 21158 22196 26021 30770 35297 39436 39483 41142 41963 45445 48700 51180 51995 55002 55578 58222 58230 59976 63202 63258 65980 69526 76881 80060 81668 84230 85756 90579 92526 92652 94362 95093 98198
47 2295 2324 5775 6254 9736 10544 12654 13725 14730 16930 17913 19922 22748 22920 23565 24655 26021 28970 31299 33687 34923 35176 38318 44626 46525 49225 55578 56071 56412 57628 59087 59856 59925 63202 67668 70373 78410 78775 80571 80703 83920 84511 84719 89185 96055 97104 98228
47 1279 4634 5314 6945 12599 12654 14984 15222 16473 16654 16954 21962 23565 25056 31431 34324 37798 38318 39523 42154 44626 45445 46812 46941 47360 49225 51705 55578 61176 63445 66057 69526 70373 72034 74045 75522 78951 80113 83897 87520 87824 88083 89259 89575 91622 92272 92526
47 995 2295 6836 6945 10276 12654 14984 15236 16082 20343 21578 23187 24143 25756 30770 31431 34670 37798 39483 40033 42695 49768 49891 51180 51601 51995 52198 56412 59222 65982 67602 71020 76124 76709 78775 79292 80113 81612 83897 85984 86799 86843 94314 94362 95156 96008 96365
47 1279 1712 2324 7257 8425 10276 14730 15753 16326 19257 19552 20288 24655 26021 28109 31382 33687 36192 38822 41053 41658 42016 46812 49105 49768 51995 52198 52535 59222 60328 62965 63773 66057 73724 75721 78387 80113 82942 83920 84075 84743 86799 87670 95508 96664 98198 98228
47 1712 4634 4807 6607 7878 10187 10993 12800 12852 14730 15222 16082 19077 19588 20343 22748 23305 23565 24548 30239 31575 31637 34324 34842 38822 41427 44626 52198 52202 52535 59976 60328 69714 70373 73724 75579 77459 78951 80075 84511 84719 89060 90579 92865 95093 96365 96839
48 5147 5450 5775 6945 7257 10138 10831 10993 12800 13709 14984 15753 16292 17913 23187 24143 29788 32283 32449 33677 36630 37798 38360 39523 39723 41963 44626 46326 49929 53789 56135 60328 74045 75046 75366 77405 80703 82942 87659 87824 89060 89185 90212 92865 95093 95156 96008 97686
48 1345 5314 7631 8425 10276 10279 14984 16064 16326 16532 21578 24548 31901 32283 35100 38318 39172 40166 41468 42450 42601 48896 49768 49891 49929 51995 52141 53789 54977 59087 62965 69714 76709 77296 80703 82590 82999 84743 89060 89259 90212 90579 91540 91622 91809 91930 92279 93972
48 995 1712 3833 5430 5450 8435 10276 12231 12885 14730 15236 16447 16481 21962 22196 22238 31901 32728 35297 41427 41963 42601 46852 52202 53789 55002 68104 73724 75721 76124 77459 77913 80060 81416 82999 83897 84075 84477 84511 85756 88473 89185 90207 91540 91622 91729 95508 96947
48 3316 6607 7878 10138 10993 12705 15236 16064 16481 19922 20288 24051 26021 28970 32728 34153 35176 37075 38080 39436 42601 44626 46525 46852 54047 58222 58230 59087 59222 63202 65982 67668 71916 73724 77267 77405 81416 82657 87515 87824 89259 90198 94699 95093 96234 96664 96839 97686
48 1783 5775 9736 10187 10509 10993 11235 13629 14984 16292 16954 18696 21962 23565 32728 35100 38360 39172 41983 42016 46599 48700 52535 53771 54047 55578 58230 60137 69526 76124 76709 80703 84719 87404 89575 90212 91930 92272 92526 93669 94699 95700 96055 96234 96664 96947 97104 97553
48 1783 5314 5430 7631 8150 9736 10187 10276 12599 12654 16386 16447 16573 16930 20288 21158 22196 30770 34670 34842 37798 40810 41178 41983 42154 52141 53771 56135 56412 58230 60385 62655 63258 65982 71020 72034 74045 75721 78410 78775 81668 87515 89337 90212 91114 91540 91622 92865
47 995 1279 2324 3833 4549 6607 9736 10509 10544 12231 12705 15236 16386 16473 16481 19257 27858 37075 38926 39483 40749 40810 42016 42154 46812 46941 49768 49891 49929 51180 56135 57628 59925 60273 60385 67668 68820 73724 75046 77296 78387 79292 80113 83172 84719 91540 92652
47 1712 5775 10993 11235 16481 16573 16654 19077 20343 24655 25056 25756 25873 26021 27858 34842 38080 40749 42154 42695 46599 50309 51180 52198 56071 60793 61176 63773 69526 70373 73653 74045 75579 76337 77296 80060 81762 82999 83920 90198 92279 92652 94699 95508 96365 96664 97688
47 4807 5147 5314 6945 7257 8150 10187 12644 12885 19552 19922 23565 32449 34324 36192 41178 41466 49690 49891 51180 53771 56071 60137 60328 61825 62219 73653 75046 76337 76681 78775 78951 80060 81416 81612 82942 83172 83920 84230 85984 87520 90212 93669 94362 94699 95093 96839
46 995 1279 6836 16954 18220 19922 22920 24548 31299 31575 31637 36630 37798 38360 39090 40166 40810 41053 41466 49105 51995 53771 54047 54977 56135 56188 58222 62655 62879 68820 78951 80703 81762 82614 83920 84230 87520 89060 89337 90579 91540 92279 95156 95508 96008 98228
46 4549 6836 6910 8425 10279 12885 14730 15222 16481 16954 19588 22238 26021 29788 31299 33687 34670 35297 38926 39723 40810 41963 41983 49768 52141 53789 60793 61825 63445 74033 77296 78951 80075 82614 84743 85149 87174 88083 89185 91622 92652 93229 95156 96055 96365 96839
46 1712 4634 10831 12231 12335 12599 12644 15236 16386 19257 23187 23565 25873 33687 34670 35176 35519 38360 42601 44626 50309 51601 52097 52202 56071 56188 58222 59087 67602 71916 80060 80527 80571 82590 82942 84477 84511 84743 87174 87659 88083 89259 92652 93972 94699 95156
46 1345 4634 6835 8435 10138 13629 14984 19257 19922 21962 22083 22920 24051 24143 27858 31382 32728 35519 37798 38080 41142 45445 49690 52141 52202 53771 56071 62219 62965 67602 75579 76124 79292 83968 84743 85756 87520 87670 87824 89575 90579 91809 93229 95093 96055 96664
46 2295 5147 6835 6836 10138 10187 10276 12231 12335 12599 12852 13725 16326 16954 18220 18696 20288 23305 24143 34894 34923 35100 40810 46525 49768 52202 58230 60137 62879 63202 63445 63773 65982 71020 73653 75579 76709 77459 77913 78410 80703 87520 87670 88473 89185 92420
46 1712 4807 5147 6836 9736 10138 13709 15993 16326 16447 23305 33687 34670 34923 35100 38080 39436 41142 41427 41466 42016 46941 47360 51601 54977 55578 56135 62655 63258 66057 73724 74033 75366 75522 75721 76881 77405 78387 79292 82657 84719 85149 89259 91622 92272 92652
46 4634 6607 10993 12654 12705 13725 15236 16082 16447 19077 19257 25756 30770 31382 33687 34842 35100 35297 36630 38926 39172 41427 41468 42154 48896 52097 54977 56071 59856 59925 60137 63773 65980 74045 75366 75522 76124 77296 80527 82614 86843 94314 95093 95700 97104 97686
47 2324 4634 4807 5775 6254 10279 12705 12852 15753 16447 19552 20288 22083 22196 24143 32449 35176 35297 41658 46326 46599 47360 48896 49891 50309 51180 51705 61176 62655 72034 75046 75579 80060 80113 80703 81668 83968 87174 87520 90207 90212 91729 91930 94314 96664 97686 98198
47 5147 5314 5430 6836 10187 10544 12705 13709 16326 16532 19922 22748 24143 31575 34153 34894 35176 35519 36630 38926 39483 40033 40166 41178 46599 49225 52198 59976 62219 67668 69714 70373 77267 81612 83920 84477 84719 86843 89575 91540 91622 91729 91930 92279 92420 95508 98198
47 995 5430 5450 6835 6945 10279 12885 15236 15993 16326 16481 16654 16954 17913 18220 22238 22748 24051 24655 28109 29788 31431 33687 37075 39523 41178 41427 41468 41658 46599 48700 49105 50309 54977 55002 56135 60328 68820 69526 71020 74045 76881 77267 78951 89575 96839 97553
47 4634 11235 16064 16930 18696 19588 21578 26021 28970 30239 34324 34670 34923 35297 37075 38318 38360 39523 41178 41427 48700 49891 51995 58222 59856 59976 60793 62219 65980 68820 71020 71916 74033 77296 78387 78775 82590 84477 86799 89060 90207 91114 94362 94699 95156 96664 97686
47 1279 6254 8150 10187 11235 12644 13629 14730 16473 16930 17913 18220 19077 19257 21578 23565 24051 24143 33677 34153 35176 38822 51705 52097 52141 53771 53789 60273 60793 63258 68820 75522 78387 80060 83897 84075 84743 85756 87659 91930 92526 95508 96008 96055 96947 97686 98228
46 5430 7878 8150 8425 12231 12599 12644 12800 15222 16326 16473 18696 19077 19922 22083 22920 32449 37798 38318 40033 40810 42450 42601 42695 44626 49225 52202 56135 56412 59222 59925 60793 63202 74033 75579 78410 84075 87515 89575 91809 91930 94314 96365 96839 97553 97688
45 5147 5430 7878 10138 10509 12644 14984 16292 16954 22920 23187 28109 31431 32283 32449 32728 36192 37075 38080 38360 40166 41427 42695 46812 46941 49768 52097 52535 55578 61176 63258 63445 68104 71020 76681 77296 79292 82942 83897 84511 88473 91114 92420 92652 98198
45 1712 3316 7631 10276 11235 12654 15993 16292 16573 20343 22083 22238 22748 22920 25756 30239 31637 31901 34670 35100 36192 37075 39090 40166 51601 52141 54977 56071 58230 59222 59925 60137 60273 62965 63445 63773 78387 80060 81612 82657 86799 87824 90579 92865 97686
45 3833 4807 6910 7257 7631 8150 9736 11235 12231 16447 19077 19257 19552 19922 22238 31382 31637 33677 35297 38822 39523 39723 46852 49105 49929 51601 52535 61176 62655 63445 65980 71916 73724 76709 77459 80113 83172 87404 87520 89185 91930 92420 95093 95700 97688
44 3833 5430 6254 6836 8150 10993 12705 12800 12852 13629 15993 16954 19588 21158 21578 24548 31382 31575 32449 35176 36630 38080 38926 39723 42154 42450 51601 52198 71916 75579 75721 76681 77405 80571 80703 81612 81668 81762 82999 89259 90198 92865 93972 96234
43 1783 5147 6607 8435 10279 10544 12852 13629 13709 29788 31382 32283 33687 34670 37075 39090 39172 40166 41963 45445 46599 49105 49225 49929 50309 51180 57628 60137 60328 61825 65980 68104 76124 78410 81416 84075 87659 89575 90198 90212 91622 93669 93972
43 2295 3316 4634 5775 6254 6910 7878 8435 11235 12852 13709 15236 16654 19257 19588 20288 22196 22238 25056 31431 31901 41178 41468 46525 46941 54047 54977 56188 59087 60385 62219 62655 71020 78410 82590 82999 83920 84477 89060 89337 91540 91809 93669
43 4549 5314 8150 13709 16292 16481 18220 21962 24051 24143 25756 35297 38926 40749 41468 41983 46525 46852 46941 49225 53789 66057 67668 68820 71916 75579 78387 78951 80571 81416 84719 85756 85984 86799 87404 87659 88473 89337 90207 92272 93229 94362 96664
43 995 4549 5147 7631 10187 12335 13629 16082 16326 16386 18696 19077 19552 21158 25756 25873 30770 31431 34153 35176 38822 41053 41468 42601 45445 46326 50309 54047 60793 63202 65982 69526 74033 74045 76337 82657 90207 91809 92272 94699 95156 96234 98228
43 1783 2295 2324 3833 12644 12800 15222 15753 16532 19552 25873 26021 27858 30770 31575 32449 32728 34153 41142 41427 41983 42016 49690 49891 52097 53771 54977 55578 56135 57628 62219 63258 78410 78775 80075 84230 84743 86799 88473 89575 90207 95700 97553
43 1279 2324 10831 12654 13725 16386 18220 22083 22920 23187 23565 25056 29788 31299 31575 32283 34153 34842 35297 38822 40166 40810 46941 49690 52202 55002 58230 59925 60385 62879 66057 69714 70373 71020 73653 77296 81668 82657 90198 91114 95508 97553 97686
43 1345 5450 6945 9736 10138 10544 12800 16082 22238 25756 27858 28970 29788 31901 35176 37798 40749 41466 47360 60273 61176 62879 62965 63445 70373 74033 75046 78387 80060 80113 82590 85149 85984 88083 91114 91930 92420 92652 93669 95700 96365 96839 97553
43 5430 6945 15753 15993 16064 16654 19077 19552 19922 32283 35100 38360 41053 42154 46852 49768 51601 51995 52097 52198 56071 60273 67602 71916 73653 76337 77459 77913 80527 81612 81668 82590 82614 82942 85149 85756 86843 89337 89575 91114 92279 92526 97688
