420 152 69616
39566 53855 4910 68189 9130 22340 10865 54824 63491 47317 15052 34694 35830 37635 59263 3572 1209 16082 57108 61506 33963 20584 1140 65861 26553 69423 9666 68313 66113 22601 21962 46770 716 53939 44800 57586 62245 31635 16483 28105 56886 55206 64290 39153 67730 19829 14930 53842 41493 58503 26136 2186 48924 9371 10377 44812 33356 46759 25413 53809 68556 40448 44245 36644 54875 1038 2438 17543 18179 12190 14139 45448 24095 22856 1945 23361 37311 4072 17585 44307 55521 68470 32887 34525 222 13711 26842 27648 13610 54028 21818 52604 14562 36115 21351 33672 24857 40195 17729 52290 38966 17261 24100 18125 21551 175 46804 12521 9232 45014 108 31207 24527 31075 3133 2499 44821 12566 48562 53424 19756 54445 41209 47429 39148 37616 32113 15464 16241 2096 29626 37293 17474 41236 19023 29439 10918 26908 63459 32941 49551 2129 10825 6949 59540 27428 56088 6324 29152 25599 22640 62687 2045 68086 43238 43735 60113 27936 36737 27151 626 39866 65070 25133 24192 35281 31444 18384 40687 35414 36957 28503 4149 20861 25139 37759 55003 31373 62351 54119 64597 9028 43063 60542 52842 6338 20412 32261 9840 32718 17119 44260 47233 24799 38188 39923 7184 29811 43109 59692 24213 31194 2651 52385 25079 45180 34093 31218 63537 13474 48554 913 22869 35819 67183 52242 30308 15788 4359 59753 52234 7001 35004 16149 18230 61417 10263 68409 32242 9846 65278 8837 27227 55106 28987 68257 56264 61219 12230 57614 23744 32191 69141 23442 45444 10109 58330 51478 1257 6060 37648 6102 9607 7074 9272 20754 58090 68664 53000 51632 46962 16008 19729 13174 23685 16210 41980 68162 28172 59255 6238 57897 60904 20923 54800 23977 4698 29817 9474 23529 20739 11109 61683 54988 38605 69346 29428 63885 35749 49007 25888 34032 4598 66563 31288 19475 40313 33500 65457 51831 63991 35519 32058 59156 38196 25723 54421 54133 20869 59339 37322 11032 69603 20373 36880 26090 22082 26670 6883 27692 64839 53516 49305 17373 63004 34090 55026 59931 31969 46300 57177 66791 24726 55846 27990 679 24874 9084 54575 52945 67461 17838 56919 22310 51191 19113 5563 17582 2631 33436 33169 227 13554 62372 9163 38291 3148 58615 3979 22037 4554 64729 39319 13638 45416 1966 26843 42729 10410 63181 45132 63678 55186 4067 19469 29211 42093 7003 57429 60876 51397 53568 41830 7250 15950 63117 2846 57940 23578 2942 34154 7894 66561 3840 56574 15150 43588 17440 5508 13801 35714 5211 51181 56224 11414 39496 56062 47033 33987 64901 68727 62124 48604 55761 49028 62739 51103 8017 22347 17991
75 227 626 1038 1945 2096 2129 3133 5211 6060 9666 9840 11414 13474 13610 13711 14139 14930 15464 16082 16210 17119 17838 19475 19829 20739 22037 22082 22347 23442 23578 23977 24799 25413 26090 27648 31207 31373 31444 32058 32113 32242 33356 34093 35281 36737 36880 37759 39153 40448 41236 43735 44812 45132 46962 47033 48604 52945 54133 55026 56224 57586 58503 59156 59692 60113 62245 63459 63537 63678 66561 66563 68313 68470 68664 69346
75 2045 2438 2499 2942 3840 4554 4698 9846 10825 11109 11414 13474 13554 13610 14930 15464 16008 16241 17991 18384 19023 20869 22082 23361 24213 24527 26090 26136 26670 26842 27151 27936 29428 29626 31218 31288 31444 31635 32718 32887 32941 33356 33987 37648 38188 39496 39866 40313 41980 44245 44260 45444 45448 46759 48554 51181 53000 53809 53842 54028 55003 55186 55761 56919 57108 59156 59931 60113 62245 62351 63678 66113 67461 67730 68313
74 626 913 2045 2096 2186 4067 6102 6883 6949 10109 16241 16483 17119 17543 17838 18384 19475 19729 19829 21818 22082 22310 22601 24095 25413 26670 27648 27936 29439 29817 31075 31194 31373 31635 31969 33500 34154 34525 36644 36737 37293 37311 39496 39923 40687 41493 44821 46759 47233 48554 49028 49551 51632 53842 54028 54119 55186 56062 56224 56574 59339 61506 61683 62372 63537 63885 64729 64901 65070 65278 66113 68086 68162 68556
74 222 913 2096 2129 2651 3133 4067 4072 6883 7184 7894 8837 9163 9474 9607 10918 11414 12566 13174 13474 13610 14930 15150 16483 17474 18179 19469 21818 21962 22601 22856 22869 24799 25133 25413 26670 27151 27692 28105 28172 29626 33963 35414 35749 36737 37322 39319 39866 40313 40448 40687 41493 43238 44260 46300 46962 47033 48924 51191 52604 53809 54875 54988 56062 56919 58330 58503 59540 62351 62739 64597 65457 68086 68727
74 626 1038 1945 2499 6883 7074 9028 9371 10825 11032 12190 13638 13711 14562 16008 17585 19113 19469 20584 21962 22310 22869 23529 23685 24192 26136 26908 27151 27227 27428 27692 28105 29211 29626 29811 33500 33987 35414 35819 36957 37293 38188 38291 38605 39496 41236 43238 43588 43735 44245 46770 47033 47233 48554 48562 49007 51103 51478 51831 52385 52604 53809 53842 54028 54119 56886 57177 58503 59255 62124 64839 65070 66561 68556
74 626 716 913 1140 1257 2186 2438 3148 3840 5563 6238 6949 8017 9272 10377 14139 14562 16210 17440 17474 19023 19729 20739 21818 23361 24799 25079 25133 25888 26136 26842 27692 28503 29211 33987 35281 35819 36115 36644 36957 37293 39866 39923 40448 41493 42093 43063 43109 43735 44307 44821 45416 46770 48604 51191 53424 53516 55106 55206 56062 56088 56886 60113 63459 63991 64597 64839 64901 65457 66791 67183 68556 69346 69603
74 716 1966 2186 4149 5508 6060 6324 7003 7184 9028 11109 12566 13174 17474 17543 17582 19113 19756 20373 20754 21351 22347 22869 24192 24726 27648 27936 28503 28987 29428 29439 31444 32941 34032 35519 36115 37311 38188 39866 40448 41236 41980 42093 44245 44812 45180 45448 47033 48924 49305 51831 52242 52604 53516 53939 54875 55206 55521 55761 56574 57897 58503 58615 59540 59692 60113 60542 64290 64839 64901 65070 65861 67183 68727
74 1038 2631 3979 4072 4149 4598 5563 7003 9371 10918 13610 13801 14562 15150 17373 17991 18179 18384 19023 20861 21351 23685 24095 24213 25133 26136 26553 26843 27428 27936 29152 29811 30308 32058 33356 33672 33987 34093 35281 35819 36644 36737 36880 37648 39153 39923 41236 43063 44245 44800 48562 48924 49028 49305 49551 52242 52842 53516 53939 54445 55846 57429 58090 60904 61683 62124 63885 63991 64290 65070 68162 68257 68470 68727
74 2129 2186 2438 6102 6338 7184 9371 10377 12190 15788 16210 17373 17582 17585 19023 20861 20923 22037 22856 24192 24857 25133 25139 25599 26090 26908 27151 27990 28172 29439 30308 31194 31218 31444 32887 33436 33672 35519 35714 35749 36115 36644 36737 38196 39153 40687 41209 42729 43109 43588 44800 46759 48604 49305 53424 54028 54875 54988 56088 56264 57429 57586 59156 60542 60876 62124 62739 63004 64901 66563 67183 67730 68664 69423
74 626 679 1038 1945 2045 2631 2651 4359 4554 5211 6324 9607 9666 10377 10410 10825 10918 14139 15788 17373 17440 17543 18384 19756 19829 20412 21351 21818 22082 22640 24192 24857 25139 25413 25723 27151 29439 29811 31288 32058 33169 34090 34525 35281 35414 37759 38605 40195 41980 44307 44812 47429 48604 48924 49007 51103 51397 52242 52842 53000 54800 54875 55761 57586 59255 59692 60876 61219 62245 63004 63459 63537 67730 68727
75 222 227 626 1038 2438 4359 5508 6238 6338 6949 7074 8017 9371 10918 12230 13474 14930 17729 18179 19475 19829 23361 23977 24213 24874 25888 26670 26908 29152 30308 31444 31635 32261 32941 33356 33436 33672 34090 35281 36957 37759 38196 39148 39866 40195 40687 43109 44812 45448 49028 51181 51397 51632 52385 52604 53568 53809 54421 54445 55003 55026 55521 55761 59156 59753 62124 62245 62687 63004 63181 64729 68086 68162 68313 69346
75 2045 2438 4698 6883 9084 9272 9840 10377 12190 13554 13711 13801 14562 14930 15788 16483 17543 17729 18384 20412 22347 24095 24857 25079 25599 25723 26908 28172 28503 29428 31194 31373 31444 31635 33169 33356 34032 34090 35414 37311 37616 39319 39566 39866 40313 41209 41830 43238 45132 46759 46962 48554 48604 49028 49551 52234 52290 53568 53842 54133 55003 55026 56224 57614 57897 59540 59692 59753 59931 62739 63459 65070 66113 68470 68556
76 227 913 2129 2651 4072 4149 4359 4598 7001 7250 11414 13638 14139 16008 16483 17543 17991 18179 18384 20754 20869 22601 22640 22856 23744 24213 25133 25413 26842 27428 27692 28105 29817 31373 31969 32113 32261 32718 32887 32941 33500 35714 36115 36957 38196 38966 40195 40448 40687 41493 41830 43735 44812 45180 46759 47429 51103 52234 52290 53842 53855 54421 54575 55026 55761 59255 59931 60904 62351 62372 62739 63459 63678 63885 65070 68086
75 1945 4910 5211 6238 7001 7250 8017 9163 9474 9840 10825 12190 13554 15464 15950 17119 17261 17585 17729 18179 19729 20861 20923 21351 21962 22869 24192 25133 25413 25723 27648 28105 28503 31194 31969 32191 32941 33356 34093 34525 35004 35414 35749 38966 39148 39496 40687 41493 43238 44245 45416 45448 46300 49028 49551 51103 52385 52945 53809 54119 54133 55186 56088 56886 58090 58503 59339 59753 59931 60113 62351 62687 64839 65457 66563
75 222 1966 2129 2651 4067 4149 6324 6949 8017 12190 13174 13610 14139 15950 16149 16241 17261 20869 22347 23361 23529 24095 24100 24192 25079 25139 26136 27936 31218 31288 31969 32718 33672 35004 35281 35414 35819 36644 36957 37322 37616 38291 39566 43735 44260 44307 46300 46759 46770 49007 49551 51181 51831 52234 52290 53516 53809 54119 54421 54800 55206 56062 56886 57177 57897 58503 62372 62739 63117 64597 67461 68189 68556 68664 69141
75 716 2096 2129 2186 2846 3148 7001 9028 9130 9163 10825 11032 13711 14139 16149 17119 17838 17991 18125 18230 19469 19475 20739 20861 22347 22856 23442 23685 23977 24100 24857 25413 25888 26136 26843 28503 29152 31444 32113 35281 36737 36957 37311 37759 38966 40448 45180 45448 46300 47033 47233 49305 51103 52385 53000 53855 54028 54133 54875 55206 55521 56224 57177 59339 59540 60113 60904 63117 63537 63991 64290 64597 66791 67183 68556
75 1038 1945 2186 2846 4072 4149 4698 4910 6949 8017 9028 10825 11109 11414 13474 15464 16210 17261 17373 17991 18125 18230 18384 20869 20923 21551 21818 22340 24095 24726 24799 25079 25139 25599 26842 27151 27428 27936 28503 29211 29626 31444 33987 34032 34093 35004 35519 37322 38196 38291 39153 40195 40313 40448 42729 43063 44245 44260 45444 45448 48924 51632 52242 53809 53939 55003 56919 57177 57940 58615 61417 64290 66791 68470 69603
74 175 626 2438 3148 3979 4149 4598 6949 9371 10109 10263 10410 10865 11032 16149 16241 17585 17729 18384 20373 20861 21551 22310 22347 22640 22856 23361 23578 24095 24100 24726 25723 27648 29817 30308 31218 31373 32058 32887 33500 36644 36737 37293 37759 38188 39153 39496 40687 41980 42093 43063 44245 44800 45180 46962 47233 48554 48924 52604 54800 55846 56088 57940 59339 59540 60542 61417 61683 63004 64901 66791 67730 68189 68556
74 175 913 1945 2096 2942 6324 7003 9130 9371 9474 10263 10377 13610 14562 15788 16008 17474 17543 17991 18125 18230 19829 20861 22037 22856 23578 23977 24726 24799 25139 27151 27428 27990 34090 34093 34525 35414 36644 36880 37311 37322 39866 39923 40448 40687 44307 46804 51191 52290 52842 54421 54824 54875 54988 55003 55846 56062 57586 58330 58615 59156 59540 60542 62351 62687 63181 63537 65457 66563 67730 68162 68409 68727 69603
74 222 626 679 1038 1945 2045 2942 3979 4072 4359 4554 4698 6338 7184 10377 11032 12521 13474 14930 18179 19113 19729 19829 20373 21551 22340 22869 23361 23529 25139 26090 27428 27990 28172 29152 29626 31218 31288 31373 32242 34154 35414 36115 36957 37759 38188 38196 38605 38966 39566 41236 44245 44812 45132 46804 47033 51478 51831 52842 54028 54119 54133 54875 55026 55521 55846 56088 57429 61417 62124 62245 63491 65070 68409
75 175 679 1038 1257 2438 5563 6324 6338 7894 9232 9846 10263 10865 12190 12521 13174 13711 14930 17261 17585 19023 19475 20412 20739 20869 21351 21818 22037 22082 23361 24874 25133 25599 25723 27990 28503 29811 29817 31635 32242 33356 33987 34154 35819 36644 36880 36957 37293 37311 37759 38196 39866 39923 44812 47317 48554 48604 53842 53855 55003 56088 59255 59753 59931 60876 62351 63537 63678 63991 64597 64729 68086 68470 69346 69603
76 679 913 2438 4072 4149 4554 4910 6060 6238 6324 7184 7894 9028 9084 9232 9474 9846 11109 13474 14139 15052 16483 17474 17543 17582 20373 20412 22640 23685 24100 24192 24874 25723 26090 26670 26842 28503 29152 29428 29439 31373 31969 32261 32887 33356 33672 35519 37311 38196 39319 40313 41493 43109 43238 44307 45014 46759 46804 51397 52234 52604 53842 54119 54421 54824 54875 55003 55186 55761 59339 64901 65070 65278 66561 67183 68409
77 108 1038 2631 3840 4067 4072 4149 6883 7001 8837 9084 9840 10918 12521 13638 14562 16210 17543 17585 18125 18179 20861 22082 22869 23529 24857 24874 25133 25413 25599 25723 27648 28105 29152 29811 31373 32058 32242 32261 33500 34525 34694 35281 36880 37322 37648 38196 41236 41493 43063 43735 45014 45448 46300 46759 48554 49028 52242 53568 54133 54421 54575 55521 57897 58503 59692 61683 62351 62687 63491 63885 64597 64729 65278 66561 68189 68727
77 108 222 913 2438 3840 6102 8837 9028 9084 9130 9232 9840 9846 11032 12190 13610 17585 18179 19023 19469 20739 20861 20869 21551 22640 24095 24192 24213 25139 25413 25599 25723 26090 26136 26670 26908 27227 27692 30308 31207 31444 32718 33436 35004 35749 35819 35830 36115 39319 39566 40195 41830 41980 43109 44307 45416 47317 52945 53809 54119 54133 54421 54575 54988 56574 56886 57177 58503 59156 60113 60542 60904 62124 62351 62739 65457 68470
77 175 1966 2045 2186 6883 7250 9607 11109 12190 13638 13711 14139 15052 15150 15788 16149 17119 17543 17729 18384 20869 20923 21351 22082 22340 22640 22856 22869 24527 25139 26136 27227 27936 29211 29439 31194 31207 32718 32887 33169 35281 37635 37759 38605 43063 44307 45014 48604 49007 51103 51831 52842 52945 53809 53855 54028 54119 54133 54421 54575 55106 55206 55521 56574 59339 59692 62687 63459 64597 64839 65278 66791 67183 67461 68162 68556 69603
78 108 227 1945 2186 2651 4359 4910 6338 7074 8017 8837 9028 10865 10918 14139 15150 15950 17119 17838 18179 18230 20373 20869 21818 24213 24527 24726 25888 26670 26842 26843 27692 28172 28987 31075 31444 32941 33672 34525 34694 35819 36737 37322 37759 38196 39566 40448 40687 42093 43588 44260 45416 45448 46804 48924 52242 52290 52945 53516 54133 54800 55003 55106 55521 55761 59263 59339 60542 61683 62687 63991 64290 64597 67461 68086 68470 68556 69346
78 222 1966 3133 3572 6883 7003 9028 9272 9371 11032 12190 12521 13554 17440 17838 18384 20412 20869 22347 23361 23977 24095 24857 25723 26908 27151 27227 27648 28987 29428 30308 31075 31194 31207 31373 32887 34032 35414 35519 35830 36880 37322 38966 39153 39566 40448 42729 43063 43238 43588 44245 44260 45448 47233 48924 49028 49305 49551 52385 52604 52842 53855 54824 54988 55003 55846 56919 59255 59339 59753 61417 63117 64839 67183 67461 68189 68257 68470
78 626 1209 2129 2499 2651 2846 3133 4598 4698 4910 5508 6238 6338 9130 9232 9371 10263 10377 10410 11032 13610 13711 14139 14562 15788 17261 17373 17440 17838 17991 20754 22310 22856 24095 24527 24799 25079 26090 26843 27692 27990 31373 32058 32261 32887 34525 36644 36957 37311 37322 37635 38605 40195 40687 43063 43735 44245 47233 52234 52242 53516 53855 54421 55106 56264 56919 57429 59339 60542 62351 62372 62739 63459 63491 63885 67730 68257 69603
77 222 679 1945 2499 4072 4359 4910 5508 7001 9163 9840 10377 10825 11032 13801 16082 17729 19829 20373 20412 22082 22310 22340 22856 24100 24799 26842 28503 28987 29817 30308 31075 32941 34525 35414 35749 36115 36644 37322 38188 39866 42729 44812 44821 45014 45180 45448 47317 49305 51103 51191 52385 52842 54028 54119 54133 54875 56264 56919 57897 57940 58090 59156 59263 60113 60542 60876 61219 62351 63004 63181 64839 66563 68189 68409 69346 69603
77 108 222 1038 1945 2045 3133 3572 4149 6338 6949 8017 9130 9474 10410 10865 11032 12230 12566 13711 13801 14930 15052 15788 17373 17585 18125 19113 20373 20869 21351 21818 22310 23361 23578 24095 24874 25079 26670 27648 27936 29428 31288 32242 32261 32718 33356 34090 34093 35004 35714 36880 36957 38188 38291 39923 44812 44821 45132 49007 49551 51191 51397 52290 52842 53516 54119 54875 57108 59753 60904 61219 64597 65070 68189 68257 68664 69603
77 1038 1209 2129 2438 2499 2942 3148 4359 5211 5563 6338 6883 7184 9028 9084 9130 9840 9846 12230 12566 13610 13711 16149 17119 19113 19475 20373 20412 20861 20923 21551 22340 22347 22856 23361 23529 25133 25888 26090 26842 28503 31207 31218 33356 33672 34694 35714 36737 36880 37311 38966 39923 44307 45180 46759 48562 49305 51191 52234 52604 53000 53568 53842 54824 55026 56264 57614 59339 59540 61506 63004 63181 63678 63885 64597 68086 69603
77 175 1945 2438 4072 4149 5211 5563 7001 7184 9028 10825 10865 14562 16082 17261 17373 17543 17582 17991 18230 19113 20373 20412 20739 22082 22340 23744 24192 24527 24857 25139 25413 26090 26842 27151 27428 27648 27692 29811 32261 32718 33963 34032 34090 34093 34154 35749 35830 36880 37311 37322 40313 41493 41830 43063 43238 44260 44821 45132 46759 48562 51181 51632 53424 54028 54575 54800 55186 55521 57614 58615 59753 59931 61219 63491 63537 65278
76 626 2631 3979 4067 4072 4598 5563 6949 7250 7894 8837 9840 10865 11032 11109 12230 12566 13474 13610 17119 17543 17582 17585 18179 19756 20584 20861 21818 22082 23361 23744 23977 24100 25413 26090 26670 27648 29811 31075 31218 31969 32191 32261 33500 35004 35281 36115 36880 37635 37759 40195 43063 43109 43735 46804 46962 47233 47317 49007 51181 52234 52945 53424 53809 54824 55026 56088 56224 57108 58503 60542 61417 63004 63678 64839 68470
76 1140 2631 3133 4698 6324 6883 7001 9840 10263 11414 12190 12521 13610 15052 15950 16008 16149 17582 17585 17729 18125 18179 19469 19756 21351 22037 22082 24799 25139 25888 26090 26136 26670 27227 31444 32191 32718 32887 33436 34090 37311 39866 43109 44260 44307 46300 48554 48562 52604 52842 53516 53809 54028 54445 54824 55003 55186 56224 57614 59263 59540 59692 59931 60113 60542 61506 61683 63491 63537 65457 66561 66563 67461 68556 69141 69603
76 913 2186 2499 2631 3572 3840 4067 4072 4554 6338 6883 9232 11414 12190 13474 14139 14562 17119 17838 18230 18384 19729 20373 21551 21818 22082 23442 23744 24213 26670 27428 27692 27936 29152 29211 29817 31288 31373 31969 32718 33169 33436 33672 33963 34032 34525 34694 35004 37759 38188 39496 40448 41209 44307 47233 47317 49305 51831 52290 52842 53424 54028 54445 54988 55026 55106 55521 57177 59692 63117 63491 65070 65861 68409 68556 69141
76 175 222 227 1209 2846 4598 6338 6883 9474 13174 14139 15052 16149 17119 17373 17585 19469 19475 19756 20412 20584 21818 22869 23442 24213 24799 24857 25133 25599 26553 26670 27692 28987 31194 32191 32242 33169 33436 35830 36115 36737 36880 38605 38966 39496 39923 40448 40687 41209 42093 44245 44260 44821 45014 45444 45448 46300 47317 47429 48554 48924 52604 55003 55521 56062 56088 56574 56919 59931 61417 62351 63991 64729 64839 66791 68470
76 108 227 913 1140 2651 6324 6883 7003 7184 9371 9846 10109 10263 12566 13554 13711 14562 15052 15150 16082 17261 18230 20412 21351 22310 22640 23529 23685 24095 24192 24726 26090 27151 27692 29211 31194 31373 31969 32261 32887 33169 34694 35414 35519 35819 36644 37635 38188 39148 39319 40195 40313 44245 44260 44307 45444 45448 46804 47033 47233 47429 52604 53516 54119 54445 56062 57177 57940 63004 64839 66563 68257 68470 69141 69346 69423
76 227 626 2651 9666 9840 10109 10377 12521 13554 13638 14562 16210 17729 20739 22082 22856 22869 23442 23578 24095 24100 24799 26842 27692 29152 29428 29811 31207 31288 32058 32261 32887 33500 33672 33987 34090 34525 34694 35281 35830 36115 36644 36957 37616 39148 39923 41209 42093 43588 46300 47033 47233 48562 49305 51191 52385 53516 54875 55521 55846 56264 57108 57429 58330 59263 61417 62351 62372 62687 64597 64839 65278 65861 66791 67183 68409
77 222 1038 1945 2942 3572 7003 7184 8837 9028 9163 9232 9840 10263 11109 13554 17373 17440 18125 19113 19475 21351 22856 24527 24726 24799 24857 25079 25599 26553 26670 27648 27990 28503 31444 32113 32242 32718 33987 34525 35819 35830 36115 37616 37635 38188 38196 39566 39866 41980 43109 44812 45416 45444 47429 49305 51478 52242 52290 52385 53424 53516 54119 54875 55026 57177 58330 59156 60876 61219 61506 62372 63885 64839 64901 65457 68313 68470
77 222 679 1038 1209 1257 1945 1966 2045 2438 4149 5508 5563 6883 9163 9846 10109 12230 13610 13711 15464 17119 17373 18384 19756 21351 21551 22640 23361 25079 25723 27227 29811 30308 31075 32113 32718 32887 33356 33672 33963 34154 35749 37635 38188 38291 38966 39148 39923 40195 40313 43063 45014 45180 49305 51397 51478 51831 53516 53855 55846 57429 59263 59692 59931 61683 62372 63004 64597 64901 65070 66113 66791 67183 68162 68409 68727 69423
77 108 175 1257 2438 3133 3148 3572 4910 6060 7184 7894 9028 9163 9666 13711 13801 15464 15788 16082 16241 17119 17261 17373 17543 17582 17729 20584 20861 22601 23361 24213 24726 24857 24874 25133 26842 26843 27692 27990 28172 31969 32242 33500 33672 34090 34093 34525 37311 37616 38291 39923 40687 43109 44260 45180 46759 49007 49305 52242 53568 54028 54421 54445 54988 55106 57614 58330 59263 60542 60876 62124 62687 63004 63991 65278 68086 68727
77 222 679 1140 1209 2096 2499 2631 3148 3572 4072 4359 6060 7184 8837 9084 9846 16241 17373 17543 18179 21818 21962 23744 24100 24192 24857 25139 25413 25888 26842 27648 28987 29811 30308 31194 31207 31218 32113 34090 34093 35414 35519 35714 37311 37648 38291 38605 39566 40195 41209 41830 42729 43063 43238 44260 46300 46804 47233 48604 51397 51478 52290 52842 54133 55026 55846 57108 58615 59255 59692 62124 63004 64839 65457 66561 68189 68313
77 1209 1257 2096 2651 3148 3840 3979 4072 5211 6102 6238 6338 7250 9130 10410 12190 12521 13610 13711 15464 15788 16082 17585 17729 18125 18179 20869 24213 24527 24799 24874 27227 27648 27990 29626 29811 31218 32058 32191 33436 34032 34090 35281 36957 37648 37759 38966 40195 43109 43735 44821 46770 47233 47429 48604 51831 52604 53516 53568 53809 53855 54575 55026 55761 57177 58615 59753 59931 60542 61506 63004 63537 65278 65861 66113 68257 69346
77 679 716 3979 4359 4598 4910 6060 6102 8837 9084 9232 9607 12190 12566 13474 13610 14139 14562 15950 16082 16241 17261 17585 17729 20412 21551 22037 22340 22601 24799 26553 26842 28503 29428 29626 31075 31194 31444 31969 33169 33963 34090 37293 38188 39148 41830 43109 44307 49028 49305 51181 52234 52290 52385 52842 52945 54028 55003 55026 55106 55761 56264 56574 57108 57897 58615 59156 59339 59692 59931 60113 63181 63537 63991 66791 68556 69141
78 175 227 2045 2096 2651 3133 3979 4149 4554 6338 7001 7074 7250 9607 10865 13474 14139 15150 17373 17474 18384 20584 21818 21962 22037 23442 24100 24213 24726 24874 25079 27227 27648 27936 28987 31373 31969 32261 35519 36115 37293 37322 37616 37648 38188 38196 38966 39923 40448 44307 45014 45132 45448 46300 48554 48562 49028 52290 53939 54028 54575 55026 55521 56224 57108 59692 59753 59931 60904 61219 61506 62739 63117 63885 66563 67461 68189 69423
78 108 913 1140 2499 2846 4554 6102 7074 7184 9084 9130 9272 9666 9840 11032 11414 12230 13554 13610 15950 17261 17474 17838 18125 20412 20861 20923 21351 21818 22037 24095 24213 25723 29626 31194 31288 31969 32058 32113 33963 35004 35749 36737 38966 39923 40687 41236 43588 44245 44800 45180 45444 45448 46300 46770 46804 48554 51103 52234 52385 52604 52945 53424 54824 55106 55521 55846 57177 59931 61506 62351 62739 63004 63678 64729 68086 68257 68470
78 716 913 2651 4554 7001 7184 8017 9272 9607 10109 12521 14562 15464 16149 17261 17440 19023 19475 19756 20584 20754 21551 22340 22856 22869 24095 24100 25079 25139 27151 27990 28987 29811 31194 31207 31969 32261 32718 32887 33672 33963 34090 34093 35414 36644 37293 39319 39496 41236 43238 44821 46300 49007 51103 52604 54028 54119 54421 54575 54800 55186 56264 56919 57177 57586 57614 57940 59156 62372 63117 63491 64729 65861 66791 67461 68313 68470 69603
78 175 626 679 1140 1945 2045 2651 2846 4067 5508 7074 8017 9163 9232 9840 10865 12566 13638 14562 16241 17119 17474 17838 18125 18230 19023 20373 20584 20754 21818 22310 22347 22856 22869 23578 23744 23977 24100 24527 24726 24857 25888 26553 29439 29811 31218 32887 34525 35004 35819 36115 36957 37759 39319 40313 43109 43735 45180 46300 47317 52385 52945 53939 54133 54445 54875 55026 56062 57177 58090 58330 61219 62245 64597 64729 66113 66791 68257
78 222 1038 1140 1945 2096 2942 4698 9028 9272 10918 12230 13638 13801 15052 16149 17991 18125 19469 20869 21351 21551 22347 22601 23361 24726 24874 25079 28503 29439 31075 31635 32191 32718 33500 34032 34093 34525 35819 36115 36880 38291 39319 39866 40195 41209 41236 43109 44260 44800 45014 45416 46804 47033 48562 51191 51478 52385 52604 54824 55003 55846 56264 56919 57177 57940 58090 59692 59931 60113 61417 63537 65861 66791 67183 67461 68086 68664 69423
78 108 175 222 1257 1966 2438 3133 3148 4149 4598 9084 9666 10263 10918 12521 13474 13638 13711 14562 16483 17119 17729 17838 17991 18230 19023 19113 20754 21351 21551 21962 22310 23361 23578 24213 24726 25079 26090 26553 26908 27936 27990 29211 29626 29817 31218 31373 31969 33672 33987 34154 34694 35714 37311 38196 43063 43238 45180 45416 47233 47429 52242 53000 53424 55846 57586 57614 59339 59692 61219 63491 65070 65457 65861 66791 67183 68664 69141
77 175 679 1966 2499 2942 4072 5211 5563 6060 7894 9232 9474 12230 13711 17543 19756 20861 22082 23442 23744 24213 24726 24799 24857 25133 25723 26553 26842 26843 26908 27990 28105 29439 30308 31194 31207 33672 34093 35830 36115 36737 37293 37311 37322 39148 42093 43735 44260 45180 45416 46300 46770 46804 47317 48554 51191 51632 51831 52242 52290 53000 54575 55846 56919 58090 58615 60542 61417 62245 62351 63459 63537 64901 66563 68313 68409 69423
77 679 716 913 1966 2651 3979 4072 7003 9666 10263 10918 11032 12521 13474 15052 15788 17474 17582 17585 18179 19113 21351 22310 23529 24192 24527 24857 24874 25139 26670 26842 26843 27151 27648 27990 30308 31194 31218 31288 31635 32191 32242 32941 34093 34154 37616 37635 37648 38188 38966 40195 42729 44821 45014 45444 46804 46962 47233 51181 51632 52842 52945 54119 54421 54445 55846 56886 57177 57614 60113 63459 63991 66113 66561 68664 68727 69423
78 108 626 679 2631 2651 3840 4359 5563 6102 6338 6883 7894 9084 9232 9666 9846 10109 10410 12190 12521 12566 13610 15788 16008 16483 17261 17585 17729 19475 20739 22037 22601 22869 23744 24799 24874 26843 26908 27648 27936 27990 31075 31218 32113 32941 33672 34694 35281 35519 37759 38196 39923 40195 41209 41236 42729 44307 46962 48554 49551 51191 52385 53000 53939 54133 55206 56224 57429 59263 62124 63537 64597 66791 67461 68313 68409 69141 69603
79 679 913 2129 3133 3572 4359 4554 7184 9028 9084 9232 9607 10410 11109 11414 13474 13610 14139 15464 16008 17582 17729 17838 19023 19113 19729 20373 20412 20869 21962 23442 24100 24726 24857 24874 25079 25723 27692 28105 31207 31444 32058 32191 32242 33436 35819 35830 36737 38188 38196 39866 40313 42729 44307 44800 45014 47429 48562 48604 49551 51632 52290 52385 54028 54575 55003 55521 56574 58330 59753 60876 63181 63459 63537 64290 65278 66113 66561 68313
79 108 1209 2129 2499 2631 3840 5563 7074 8837 9084 9846 10410 10825 13174 13474 15150 16241 18125 18384 19729 21818 22601 22869 24527 24874 25079 25723 27151 29439 29811 31373 32261 32941 33169 33500 36880 37635 38966 39148 39153 39496 39923 40195 43063 45014 45132 45180 45444 45448 46770 46962 48554 51397 51478 52234 52290 52945 53424 54028 54421 54575 55521 55761 55846 56886 56919 57586 59156 59339 59753 61683 63181 64729 64839 65070 66113 67183 68470 69141
80 108 227 626 716 913 1257 2045 2096 6949 7001 7184 9084 9272 9840 10109 10825 10918 13174 16008 16082 17261 17582 17729 19756 21551 21818 21962 22310 22601 23442 23685 24095 25133 26090 27227 27990 31075 31207 32887 33436 34093 35819 37322 37616 38196 38966 39319 40687 43109 43588 44821 45132 45180 48554 49028 49551 52234 52242 52604 52945 53516 53568 54133 54421 54575 54988 55206 56062 56574 59263 60542 62245 62351 63181 63678 65278 65457 67461 67730 68470
80 175 679 913 2129 2631 3133 3572 6060 6949 7001 8837 11032 12566 13554 13638 14562 15150 16210 17261 17440 17838 19729 19829 20754 20869 21962 22082 22856 22869 23685 24100 24192 24527 25723 26908 29626 29811 30308 31207 31218 31635 32113 32718 32887 33169 34093 34525 35004 35414 38605 39866 41830 45132 45444 46770 47033 49305 51191 51831 52290 52604 52842 52945 53939 54119 54133 54445 54575 55106 55186 57108 58330 59540 59692 62739 63678 64290 67183 67461 68086
80 222 227 716 1209 1945 2499 4067 5508 6338 7250 10109 10825 13174 14562 14930 15464 15788 16149 16210 16483 17119 17373 17838 18125 19113 20869 22869 24100 24213 24527 24874 26670 27227 27428 28987 31075 31218 33436 33987 34525 35004 35281 35819 36115 36957 37293 37648 38966 39153 41209 41980 43109 43238 43588 44800 45416 46770 46804 48562 51103 51478 52242 52945 54421 55186 56919 58090 59339 59540 61506 62372 63459 63537 63678 63991 64597 65070 67461 69346 69603
80 222 716 1257 1966 3133 4067 4359 5563 6102 6883 6949 8017 9028 9084 9163 12521 13474 13554 13711 13801 15950 16082 16149 16241 17261 17440 17474 17838 18125 18230 19469 20373 20412 21351 21551 22310 23361 23685 25133 27428 28105 28503 29428 30308 31075 31194 31444 32941 33169 33963 35519 35819 36115 37322 41980 43735 44260 44821 47429 53424 53842 53939 54133 55106 55186 56088 56919 57586 58330 59339 59692 63004 63537 64901 67183 67461 67730 68162 68257 68664
80 175 227 2096 2499 2651 3133 4067 4149 5508 6060 6324 9232 9607 11032 12566 13474 13711 15788 16210 17582 17838 18230 18384 19469 19756 19829 20584 20869 21351 21551 22310 22347 24100 24192 24213 26842 26843 27692 28172 28987 29211 32058 32261 33672 34090 35714 36880 37311 37322 38291 39148 41236 41493 43063 44800 47233 48554 49551 51191 51478 52242 53000 53939 54575 56088 56264 56886 56919 57108 59540 59753 60113 61417 62245 62372 63117 63885 67183 68162 68727
80 175 913 1140 1257 2129 2499 2631 2846 3148 4072 4359 5211 6324 7074 9163 9840 10263 11032 13554 13801 14930 17991 18125 19023 19113 19469 20861 22310 24799 24857 26090 26842 27428 27648 27936 28172 29152 29211 29626 30308 31194 31635 33672 35281 35749 37616 37648 40687 41980 42093 42729 44800 44821 45014 46804 48554 48562 51191 51632 52234 52242 52385 52945 54445 55026 55206 56919 57586 58503 59156 59255 59339 60542 61219 61417 61506 62124 64839 68257 69603
79 108 913 2045 2651 5563 6060 6102 6238 7001 7003 9272 10263 10410 10825 12230 12521 12566 13610 15788 16483 17585 19113 20373 21551 22082 22310 22869 24857 25079 25139 25599 26136 27648 29152 29211 29439 30308 31444 32113 32718 33436 33963 35414 35714 36737 37293 37322 38188 38291 40195 41209 42093 44821 46804 46962 48604 49007 51181 51191 52842 53424 53516 53842 56088 56264 57586 57940 58615 59255 59753 59931 62245 62372 64290 65861 67461 68162 68409 69603
79 175 2186 3148 3979 4359 5211 5563 6238 6324 6338 6949 7003 9163 9232 9607 10918 11032 12521 12566 13610 15464 15788 16008 17119 17474 17582 17729 17838 18384 19113 19756 20373 20584 20754 22640 22869 23578 25599 25888 26553 26670 27151 28105 28172 31207 31635 31969 32242 33169 35004 35819 36880 36957 37648 37759 39153 39923 40195 41493 42093 44307 45180 47429 48562 49305 51191 52234 52385 54028 55761 56224 57429 57614 57897 61219 62245 63181 68086 68409
79 227 626 1140 2631 2942 4359 5563 6102 6883 7001 7003 7074 7184 9232 9846 11414 12230 16149 16241 16483 17373 17582 17729 19113 19729 20412 21818 22037 22640 23744 24527 25079 26090 26908 28503 29152 31635 32242 34032 34093 35819 36880 38291 39148 40687 41236 43238 44260 45014 45132 46300 46804 48562 48924 49028 51181 52290 53424 54028 54445 55003 55521 56886 56919 57429 57897 58090 58503 58615 59255 59540 59753 60876 60904 62687 67183 67730 69423 69603
80 108 2096 2631 3148 3979 4149 4554 4598 5563 6238 9272 9371 9607 9666 9846 12521 13174 13554 16483 17582 18230 19023 19756 19829 20373 20923 21818 22082 22310 25599 26090 26136 27428 27692 28105 29811 31075 31218 31373 32191 32261 33436 34154 35004 35414 37616 38196 38966 39496 39566 39866 41209 43735 45014 45180 47233 51397 52234 52242 52290 52604 53424 55206 56224 57177 57429 57614 59753 60876 60904 62687 62739 63004 63459 63678 65278 65861 67183 68470 68664
80 108 2186 2631 3133 7001 7074 7894 8837 9232 9840 10377 11414 14562 14930 16149 17261 17582 19756 20754 20861 20923 22037 22082 22640 23685 23744 24799 25723 26553 26670 28105 29439 29626 30308 31207 32113 32887 32941 33169 33436 34090 34093 36880 36957 38966 39566 43109 47429 51103 51191 51397 52234 52242 52604 53000 53568 53855 54445 54800 55186 56062 56088 56886 57897 58615 60113 60876 61417 62351 62372 63537 64290 64729 64839 65070 65278 66563 66791 68313 69141
80 227 2499 2631 3979 4067 4554 4910 6324 6883 7001 8017 8837 9163 9272 10263 10918 13474 14562 15464 15788 16210 17261 18230 19113 23442 23977 24100 24527 24726 25133 25139 26090 26670 27227 27936 28503 30308 31207 31218 31288 32191 32718 33169 33436 34525 35004 36115 37293 38188 39148 39153 39319 39496 41209 41830 44812 45014 47033 48924 49551 51397 51632 53516 53568 53842 53855 54119 54421 54445 54800 55026 55206 56886 58090 59692 60904 62687 66113 66561 69423
80 108 222 227 2129 3840 4149 4359 4698 4910 5563 6883 7250 9371 9666 13554 13638 15788 16149 16241 17119 17474 18125 19469 19475 20754 20923 21351 22037 22082 22347 22601 23977 24100 24192 24213 24527 26908 27227 27692 29152 31075 33169 33356 33436 33987 35004 36115 36737 37616 37759 38291 39566 39923 41209 41493 41830 41980 44821 45444 46962 47429 48554 49305 53568 54133 55106 55206 55846 56062 59931 61417 63537 64290 64597 64729 67730 68189 68409 68664 69141
81 227 913 2096 3133 3148 4359 4554 4698 7184 7250 9028 9130 10109 10263 10377 10825 12566 13474 13554 13711 15950 16008 16149 17373 17582 17991 18125 18230 19829 20861 20869 21351 21551 21962 23442 25599 26670 27151 27692 27990 28987 29211 29817 31075 31194 31207 31969 32113 32242 33169 33672 35281 38196 39148 39153 39319 40313 41236 41830 44260 45416 46759 47033 47429 53000 53855 54800 55003 55106 56574 58090 58503 59753 62372 63459 64290 64839 64901 68162 68189 68313
80 175 227 626 679 1966 2499 2631 2651 3133 4910 6883 6949 7250 9130 9163 9474 9846 13554 13638 14930 15150 15464 15950 18230 19023 19729 21551 22340 22640 22869 23977 24527 24857 25139 25413 25723 26136 26842 28172 28987 29626 29811 29817 31373 31444 32941 33500 33672 33987 37616 39148 39153 42093 43063 44812 45444 46300 46770 47233 48554 48562 51632 52234 53516 58330 58615 59339 59753 61417 62372 63004 63117 64729 64839 66113 67730 68257 68409 68664 68727
80 175 716 913 2186 2499 2846 3979 4698 7001 7003 9163 9474 10109 10263 10865 13174 13554 15950 16241 18384 19829 22340 22601 23529 24799 24857 24874 26843 27648 27692 29439 31075 32113 32242 33356 33436 34090 35819 37293 37322 37616 37759 38291 39319 39866 40195 43109 43588 44821 45416 46804 46962 49305 49551 51478 52234 52385 53000 53424 53516 53809 53842 54421 56264 57177 59255 59540 60542 61417 62124 62351 62372 62687 63117 64901 65278 65457 67730 68189 68257
80 1257 1966 2096 2129 2846 3133 3148 6238 7001 8837 9084 9130 9163 9846 10263 10865 10918 11032 12521 12566 13610 13638 14930 15464 16008 17373 17440 17474 17729 19756 19829 20739 21962 22037 22869 23529 23685 25079 27428 29817 32113 33169 35004 38188 38291 39566 40195 40687 41493 42729 44821 46759 46804 48604 48924 49305 51632 51831 52842 53939 54119 54133 54824 55003 55026 56264 57429 57940 58330 59692 61219 62372 63117 64839 65070 66791 67183 68409 68556 68727
80 227 2499 2846 3148 4554 5508 6060 6338 9163 9232 9371 9474 10410 10825 11109 12230 12521 12566 14930 15464 16149 16210 16241 17373 17729 19729 20739 20869 22340 23578 24213 24726 25133 25413 26843 26908 27227 29626 31373 32242 35004 35414 35819 38291 39923 40448 41236 44800 45180 45416 46770 46962 48562 51478 52242 52290 53516 53842 53855 54028 54445 54575 54824 55761 56088 57897 57940 58503 58615 59931 60876 61219 62124 63004 63491 63991 64597 65278 68409 69603
80 716 1257 1966 2096 2942 3148 3979 4910 6324 6949 7184 8837 9028 9232 9846 10377 10865 11109 12230 13174 13554 13801 16008 16149 16241 18230 19023 20373 20412 21818 23529 23578 24192 26136 30308 31194 31969 32242 34090 34093 35519 36957 37293 37648 38291 38966 41209 41493 41980 42729 44245 44821 45014 47317 48562 48604 49028 49305 51397 52290 52945 53424 53809 53842 55106 55846 57586 57614 57940 58615 59339 60904 61683 62351 63004 63181 63459 63491 64729 67183
80 108 2096 2186 2651 2942 3148 3979 6060 6102 9846 10410 12566 15052 15788 17261 17373 17474 18230 19729 19756 20739 20923 22037 23578 23685 23744 26843 27227 27990 28503 28987 29152 29439 29626 29811 31218 32058 32261 32941 34090 34154 35281 35714 36644 36880 37322 38966 39319 41493 43063 44812 45014 45132 46300 47317 47429 52242 52604 53424 53568 53939 54119 54824 54988 55026 55761 57614 58503 58615 59540 61417 61683 62245 62372 62739 65278 67461 68162 68189 68556
80 108 679 2942 3979 4149 4359 4554 5211 7894 8837 9130 9163 9607 9840 10263 10918 11032 11109 13174 13638 14562 15052 16210 17261 17838 19756 22037 23744 24100 25599 26090 26136 27428 28172 29626 30308 31207 31444 31635 32191 33356 34154 34694 37293 37648 38605 39148 40448 41236 41830 42729 43109 44800 48562 48924 49028 49551 51103 52385 54445 54800 54875 54988 55026 55106 57177 58503 58615 59156 59931 60542 61417 63004 63181 63491 63537 63678 64597 65278 68257
80 1038 2045 2129 2186 3979 4554 6102 7074 7250 7894 8017 8837 9028 9371 10263 10410 13474 15788 16483 17474 18125 18384 19023 20861 22037 22082 22340 22640 23685 23977 24100 24527 24874 25079 26136 26908 27227 28987 31207 31969 32191 32718 34090 34154 34694 35830 36115 37293 37616 38291 38605 41209 41980 44245 45132 45416 46759 47317 51181 52842 53424 54445 55186 56088 56264 56919 57586 59255 59692 59753 59931 61683 62739 64729 66561 66791 68409 69141 69346 69603
80 1966 2186 2438 3148 3840 4067 4359 4554 4698 6238 6324 6338 7894 9084 9272 9607 10377 10825 10865 15052 15950 16210 17119 17474 18125 19756 20373 21351 21551 22037 22310 22347 23442 24213 24527 24726 25139 25413 26670 27227 28105 29428 29439 31075 31969 32113 32242 35830 36644 37635 39319 40687 41209 41236 43063 45180 46300 47429 48554 48924 51103 52234 54988 55026 55106 56224 61219 62245 62687 63181 63459 63678 64729 66561 68086 68162 68257 68409 69141 69346
80 175 913 3133 3840 4554 6883 6949 7001 7074 8017 9371 9846 10918 11414 12230 13638 15464 17543 17991 19023 19469 20412 20754 21551 23442 26843 28172 28987 29152 29428 29817 31075 31194 31635 32242 32941 33672 34093 34694 35414 36880 37635 37759 38605 39148 39319 39566 41236 41980 43238 44260 44812 45132 45444 46300 47429 48924 51191 53809 54445 54575 54824 54875 55106 55186 55846 56264 56574 56886 57177 57897 58615 59263 59753 59931 60542 63117 63885 64729 66561
79 175 1038 2499 2651 2846 3133 3572 3840 3979 4067 9272 9371 9474 9846 10109 10377 13638 15150 16241 16483 18179 19023 19113 22347 22869 24857 25599 26090 26908 27692 27990 28987 29211 29439 31218 31969 32261 33356 35004 35749 35830 36957 37616 39148 39319 39496 41209 42729 43735 45416 45444 46804 47233 49551 52234 52842 52945 53855 55003 55206 56574 57177 57614 58090 59255 59263 59540 60904 61219 63491 63678 63885 64729 65278 66791 68162 68257 68556 69346
79 679 1209 1966 2096 2129 2438 2499 3572 4910 5563 6238 6338 7001 8837 9840 10109 10377 10410 10918 12190 12230 12521 13638 15150 16149 17991 19469 20754 20923 22037 22082 22640 23529 23744 24726 24799 27428 28105 28172 28503 29428 29439 31373 32113 35749 35819 37616 37635 39319 40195 40448 42093 43588 44812 44821 45416 46300 46759 46804 47317 47429 49007 52385 55186 56062 56264 56574 57940 58330 60113 63459 63537 64290 64839 65278 66791 67461 68257 68664
78 1209 1966 4067 4149 4554 7003 8837 9232 10825 10918 12521 12566 13474 13638 14139 15052 15150 15464 16082 17440 17543 17582 17729 17838 18230 20412 20739 23578 24726 24874 25079 25413 25888 26670 26843 26908 27227 27936 29211 29626 32113 32191 32718 32941 33356 35004 38188 39148 39153 43588 44245 44812 44821 45416 47033 49007 51478 53000 53516 54800 55846 56088 56264 56886 57177 57614 57897 58090 58330 59255 59263 61219 62351 62687 63181 63885 67183 68189
78 1257 1966 2631 2942 3572 5508 6238 6324 6883 6949 9084 9130 9232 11109 12230 12566 15464 16082 16149 16241 17119 17440 18179 19469 20861 23744 23977 25888 26843 26908 27227 27990 32261 33356 33987 34032 34694 35749 36644 36737 37293 37616 39566 39923 42093 42729 43588 45014 45132 45180 45416 45448 46759 48554 48562 49305 49551 51478 51632 52242 52290 53809 54119 55106 55206 55846 56919 57108 57429 60904 61219 61417 63459 64729 66791 67730 68664 69141
78 108 679 913 1209 1257 1966 2096 2129 4598 4698 5508 6060 7003 7184 9840 10263 10410 12190 12230 13801 16241 17373 17440 17474 18230 19829 20923 22310 22340 23442 24095 24726 25139 25413 26843 27151 27692 27990 28987 29152 29211 30308 32113 32191 32941 33436 34032 34093 34154 35830 38966 39319 42729 44260 45014 46759 46962 48562 49007 53000 53424 53855 54575 54875 55106 57108 57614 57897 59540 60876 61506 61683 63459 63678 64290 64597 64901 68556
78 108 626 679 1038 2096 4598 4910 5508 6060 7894 9028 10410 10825 10865 13638 13801 14139 14930 15464 15788 16008 16082 17261 19756 22856 22869 23744 24874 25413 25599 25888 26843 27428 28987 29626 29811 29817 31207 31218 32718 32941 33169 33963 35714 37635 37648 37759 39153 40448 41236 42093 42729 45444 47233 49551 51191 51397 51632 52945 53424 53809 54800 54988 55186 55846 57429 57614 60904 61417 61506 63004 63181 64839 66563 68257 68409 68727 69141
79 227 1945 2129 2438 4067 4359 5211 6102 6949 7003 9084 9474 10109 10263 10410 13801 16241 17119 19023 19113 19729 19756 20584 20923 22640 23442 23744 23977 24100 24527 24799 24874 27990 29626 31207 31288 32191 32242 33963 34032 34090 35714 35819 37293 37648 38196 38605 39866 42729 43063 43109 44245 45132 45416 45448 46962 49551 53516 53568 53809 53842 54445 54824 55003 56088 56264 57108 59263 60876 62124 63181 63537 66561 66563 67461 67730 68189 68257 68556
80 679 1140 1966 2096 2129 3572 3840 4598 4698 5211 5563 6102 6324 9084 9130 9607 9846 10410 10825 13174 13474 13554 16008 17474 17543 17838 18125 19469 19475 19829 20584 23361 23529 24095 24527 25723 29439 31075 31288 31373 32191 35714 36644 37293 38188 38196 40448 41209 41493 41830 44260 45132 45444 48604 49305 51181 51397 54445 54575 54800 55026 56264 57429 58330 59540 59692 59753 60542 61219 61506 62687 63181 63491 63678 65070 67183 68409 68556 69141 69346
80 1140 1209 3133 5211 6949 7074 7250 9607 10109 10825 10918 12230 14930 17373 17474 17582 18179 19475 19729 20739 21551 22340 22856 23442 23685 23977 24213 24874 25133 25723 26843 27428 29152 29211 29428 29626 29817 31075 32242 33963 37311 39566 39923 40313 40448 41209 41236 44245 45132 47233 47317 47429 48554 51181 51478 52234 52242 52842 52945 53568 54421 54575 54875 55186 55761 56224 56574 56919 58503 59931 60876 61219 62351 62372 63181 63678 65278 65861 66563 69141
80 175 913 1038 1257 1945 2499 2631 3133 4067 4072 4698 6338 6949 7001 7074 7184 8837 9084 9163 9272 9474 9846 10865 11109 11414 12190 12230 13174 15052 15150 15950 16082 16210 19023 20584 22310 23442 24192 24799 25599 26136 26553 26908 30308 31194 31288 31969 33500 36644 37293 39148 40313 41236 41830 42093 42729 44245 45132 45444 47429 49028 51181 51397 52945 53842 53855 54119 54133 54421 55186 56088 56224 57614 58330 59540 63004 63678 63885 65861 67461
80 1140 2186 2438 2499 2651 4067 4910 6060 6324 7003 7250 9272 10109 10410 11414 14139 15788 17474 17585 17838 19023 19469 19475 20412 20754 20869 22640 22869 23361 23529 23685 23744 26553 27227 27428 29439 29811 29817 33436 33500 34090 34694 35004 35281 35749 36644 37616 38188 38291 39148 39496 41493 41980 43588 44821 45444 46300 46804 51191 51478 53568 54133 54575 54824 54875 55186 56224 57108 57614 59540 61683 62739 63117 63459 63678 64597 65278 65457 67461 69423
80 1038 1257 2846 3148 4067 4359 8837 9028 9474 9666 10109 10918 11414 12521 12566 15950 16149 16210 17440 17543 17838 19113 19469 20739 20754 20869 23744 27428 29152 29211 29439 31444 32113 32191 32261 32941 33169 35819 35830 37311 37616 37648 39496 39923 40313 41236 41830 43109 44307 44821 45448 48924 49007 51103 51831 52385 52945 54875 54988 55026 55106 55186 56062 56088 56919 57177 57429 58090 58330 58503 59339 61506 62687 63181 63491 65457 65861 68162 68189 69423
80 227 1038 2438 4067 4072 5508 5563 6060 6102 6324 7184 7250 8017 9130 9232 9371 9666 9840 10918 11109 12566 15464 18179 18230 18384 19023 19469 22310 23529 24095 25079 25599 25888 26136 26553 26908 27227 28172 28987 29211 32113 32191 33500 33963 37322 37635 38605 39496 39566 41980 42093 43063 45132 47033 47317 48562 49551 51478 51831 55521 56062 56088 56919 57940 58090 58330 58615 59339 59692 59753 59931 60876 63117 63991 66791 67183 67461 68313 68664 69141
80 1257 2129 2186 2438 2846 3979 6324 7003 9607 10377 11032 12190 13554 13801 15052 15464 15950 16241 17543 17582 17585 17838 19469 20584 20739 22310 22340 22347 22640 22856 23442 23578 24213 24726 26908 29152 29211 29439 29811 31969 32718 33987 34032 35519 37322 37648 40687 42093 45014 45180 47033 48562 51191 51397 51478 52234 52242 53000 53424 53855 55106 56062 59255 59263 60542 61417 61683 63459 63678 63991 65457 66113 68162 68257 68313 68470 68664 69141 69346 69423
80 108 1140 1257 1945 2096 2631 2942 3572 4598 4910 6060 6102 6238 7001 7003 7074 9666 10263 10825 10865 10918 11032 11109 14139 16241 17119 17543 17991 18179 19113 19756 22037 22601 23442 25599 28172 28987 29152 29211 29428 30308 31194 32058 32887 32941 33987 34093 34694 35414 35519 35714 42093 43109 44307 44812 45444 46300 47033 48924 51191 51632 51831 52842 53000 53424 53568 54988 55186 55846 56264 56919 57429 57940 62372 62687 63117 63459 64901 66113 69603
79 1209 2096 2651 2846 4067 4554 5211 5563 6060 6338 6949 7003 9163 9272 9371 9607 10109 12190 15788 18179 19113 19756 20373 21962 22310 22601 22640 23361 23578 25599 26908 27990 29626 31207 31218 32058 32941 33356 33436 33987 34154 34525 35004 35830 36957 37648 38605 39566 41830 42093 44260 45444 45448 46962 49551 51632 54445 54824 55521 57177 57429 57897 59156 59255 59692 60876 61219 61683 63885 63991 64901 65861 66563 68189 68257 68313 68409 68727 69603
79 222 679 2045 2129 2942 4359 5563 6102 6238 7003 7074 7250 7894 9130 10109 10377 12190 12230 14139 16008 16082 16149 17582 19469 20373 20412 20754 21962 22640 24095 24213 24527 26553 28503 29626 31288 32242 33169 35519 35749 36880 37293 37311 37635 37648 38291 41209 46759 46770 46962 47233 49551 51181 51191 51397 52385 53855 54445 54988 56264 57429 57940 58330 59156 59540 60876 60904 62124 62687 63459 63491 63537 64729 64901 66113 66791 68470 68727 69346
79 227 716 2045 2129 2631 3148 4072 4149 4910 6102 9272 9607 9846 10825 13474 13711 14139 15950 16008 17474 17582 18230 19113 19475 19729 20923 22340 22601 22856 23578 24726 24799 24874 25079 25413 26090 27428 29211 29428 31075 31194 32058 32261 32887 32941 34154 36880 37293 38605 39319 39566 41209 44812 45448 46770 47317 47429 48604 49007 51397 51478 53568 56224 57108 57429 57614 57897 58090 58330 59263 59753 60876 61219 62124 62687 66561 68086 68727 69423
80 716 1257 1945 2631 2651 2942 3133 3572 3840 5563 6949 7074 7894 9084 9607 9666 9840 10825 10865 11414 12230 13174 13554 13638 15052 17474 17585 19729 20754 20861 21962 22082 23744 24095 25888 26090 26842 33356 33436 34525 38188 38196 39148 39566 40313 41236 41830 42093 43238 45180 45448 47429 48554 48604 49551 51397 51478 52234 53568 53809 53855 53939 54800 55761 55846 56088 58615 59156 60876 60904 61417 61506 62124 63117 63885 65278 68086 68189 68664 69346
80 222 913 1209 1257 2045 2129 2499 2846 3979 4910 6060 6324 6949 7001 7003 7074 7250 8837 9130 9272 10263 13174 17582 19023 20923 22082 22856 23361 23685 23977 24095 25139 25723 26670 27648 27990 29428 32191 32718 33169 33436 33500 33963 34032 34093 34154 34694 35749 37616 39148 39496 39923 41236 41830 43238 43735 44307 44800 45416 46759 46770 48604 49028 51397 52385 53000 53568 53855 53939 54575 54824 55761 56574 57614 58090 59540 62372 66561 68313 68556
80 227 679 716 1945 1966 2631 3840 4598 4698 4910 6060 6883 7184 7250 7894 9163 9272 10825 13610 13711 15150 15950 16082 16210 17119 19023 20584 20754 22037 22340 22856 22869 23685 23744 25079 25413 26670 27227 27428 29152 29439 31218 32113 33169 35004 35830 37311 37616 37648 37759 40448 41830 43735 44800 44821 49007 49028 51632 52945 53568 54421 54800 55521 55761 56062 57429 57586 57940 59540 60113 62739 63491 63885 65457 66113 68086 68189 68409 68664 69141
80 227 1140 1945 4072 4554 6102 6883 6949 7250 9130 10865 10918 12566 13554 15464 15950 16149 16210 20754 22601 23361 23442 23578 23977 24874 25599 25888 26842 26843 27428 27692 27936 29439 29811 29817 32113 32191 32242 33436 35749 35819 37635 37648 38291 41830 41980 43238 43588 44245 44260 45180 46962 47033 47317 49028 51103 51831 53000 53809 53939 54028 54133 55003 55106 56088 56574 57108 57586 58090 60113 60876 62245 62739 63117 63537 66561 66563 67461 68189 68470
80 2846 2942 3148 3840 4698 6102 6324 7250 8017 9084 9130 9474 9607 9846 10918 13474 13554 15052 15150 15464 15950 16008 16241 17440 17585 17838 18230 20869 21818 21962 22340 22640 23361 26908 27648 27692 27936 28987 31288 31373 31635 32887 33169 33987 34032 34093 36644 36737 37311 41980 42729 43109 43735 44800 45444 47233 48562 49007 51103 51397 51632 54824 56088 58090 59263 59540 61506 62245 62372 62739 63117 63991 64729 64839 65861 67183 68162 68556 68664 69141
80 227 2096 2846 3572 4072 4598 5508 6324 7074 8017 9163 9607 10109 10410 10865 13610 15950 16241 16483 19475 19729 22340 22347 23442 23529 24799 25888 26553 26908 27151 27428 28172 29152 29817 31218 31635 33963 34154 34525 34694 35519 36737 37311 39319 40448 43588 44307 46770 46962 48554 51103 52242 52604 53000 53424 53516 53568 54575 54875 56574 56919 57586 57940 58615 59339 59692 60113 61417 62351 62372 62687 63117 63459 63491 64839 64901 65278 68162 68257 68664
80 222 626 716 913 1038 1209 2096 2846 3979 4072 7074 7894 8017 8837 9163 9272 9474 10263 10865 13174 13554 13638 13801 14562 15150 16008 16483 17440 17585 17991 19756 20584 20739 22310 22347 23578 24213 25599 27151 27936 28105 28172 29152 29626 30308 32058 32941 34032 35830 37322 38188 38291 39566 40313 41830 44245 45444 47317 49305 51632 52945 53000 53516 54028 54119 54824 55521 56088 56264 57940 58330 59255 62245 63117 63181 63459 63537 66563 68727 69423
79 626 1140 2438 2846 2942 3148 4598 5508 6238 6324 7250 9272 9666 10109 11032 11109 13474 13711 15052 15788 16082 17373 17585 17991 19729 20754 21818 22037 22347 22640 22869 23529 23578 23685 25599 27227 28105 29626 31194 31288 31635 32941 33500 35714 36115 36644 36737 37293 37635 38291 39866 39923 43588 44307 45132 45416 46962 49305 49551 51191 51478 51632 53855 53939 54445 54824 56886 57940 59156 59255 61219 62124 62372 63491 64597 66561 67461 68409 68470
79 1257 1966 2045 2129 2651 2942 3148 3840 4359 4554 4910 5211 6238 7184 9028 9163 12230 13174 13801 15950 16008 16210 16483 17373 17440 17474 17543 17838 17991 19113 19475 20739 20754 21351 22640 23578 26842 27151 29152 32242 32887 34154 34694 35819 37293 38196 39866 41209 44307 44800 46962 47317 48554 48604 49551 52604 54875 55106 55206 55521 56886 57108 57897 57940 58090 58330 58615 59263 61683 62687 63004 63491 63678 65070 65457 65861 66563 68313 69603
78 626 913 1038 2129 2942 3572 3979 5508 5563 6060 7894 9846 10825 11109 14562 15052 16008 17474 18179 19729 20373 23578 23685 25133 25599 25723 26553 26843 27648 28105 28987 29811 31288 33672 34090 34154 34525 35714 35830 38291 39566 40313 41236 41980 43063 47317 47429 51181 51478 51831 52385 54988 55186 55206 55521 55761 56574 56919 57586 57614 57897 58090 58615 59753 60904 61506 62687 63004 63117 64290 64729 65070 66113 67183 68086 68189 68470 68664
78 222 1209 1257 2438 2846 2942 3148 3979 4067 5211 6949 7894 9130 10825 12190 13174 13610 13801 15052 15150 16210 17582 19023 19475 19729 20923 22037 22310 22601 22640 22869 23744 24192 24857 25079 25133 32887 33500 33963 34090 34154 34694 36115 36880 37635 37648 38605 39148 39153 39319 39566 39866 41236 42729 43109 43238 49028 52234 52242 53000 53855 54421 55026 56224 56886 60542 60904 61683 62245 63991 64290 65278 66561 68162 68257 68470 68664 69423
78 2631 3840 4554 4910 6060 6102 6949 7001 7894 8837 9666 10410 11414 13174 13638 13711 14139 16082 17543 19023 19469 20584 20923 21351 21962 22037 22340 23685 24192 26090 28172 29439 30308 31635 32191 32887 34154 34525 34694 35281 35519 35714 35819 35830 37616 39153 40195 40313 41980 43588 43735 45180 51181 51191 51632 52842 53000 53855 54028 54133 54800 54988 55026 55206 56264 57940 58615 59263 59540 59692 59931 62687 62739 65070 65457 66561 67730 69346
78 222 1140 3572 3840 3979 4554 4910 5211 6338 7894 9607 10865 10918 15788 16210 16483 17440 17729 18179 19113 19829 20869 21818 22082 23578 23685 23977 24213 25133 26842 27227 27428 29211 29428 29439 31444 31969 32058 32113 33436 33500 33672 34093 34525 35004 35281 35830 37635 37648 38605 39496 39566 45416 45448 46770 46962 51103 51632 51831 54800 56224 56574 57108 59255 59540 59931 60113 61219 63181 64290 64729 66561 67183 67730 68162 68189 68313 69141
78 222 716 1209 1966 2942 3840 4359 4698 5508 5563 6102 6238 7074 8017 9130 10918 11414 12190 12230 13711 14930 15150 15464 16008 16149 16210 18384 19829 20412 22037 23442 23977 24095 24192 24857 26670 26908 27428 27648 27936 28105 28172 31194 31218 31444 31969 33169 37635 39153 39319 41980 42093 45132 46300 46962 51181 52242 52290 52604 53855 54824 55106 56062 56088 56574 59156 59263 59339 61506 63885 63991 64729 65457 65861 66113 66561 68189 69346
78 227 2045 2651 3572 3840 4554 4698 4910 6324 6883 7003 9130 9272 9607 13610 13638 13711 13801 14139 14562 14930 15150 16008 16082 16241 17582 18230 18384 19729 22340 22347 22601 22856 26553 26842 26843 26908 28987 29428 29817 30308 32261 33963 34154 35281 35519 35749 36737 37322 38966 39319 39496 40195 40687 41980 43588 45444 46300 47033 51831 53842 53939 56088 56224 56574 56886 57177 57614 57897 59255 59263 59753 63459 63491 63537 63678 67730 68162
78 1209 1945 2096 2631 3572 6238 6324 7074 7894 9474 9840 10109 10865 11032 11414 13174 13474 13554 13638 15150 15788 17261 17440 17729 17991 19729 19829 20584 20754 21962 22340 23744 26842 27151 27648 27692 28172 29152 29817 31444 32058 32941 33987 35414 35714 36115 40687 41493 42729 43588 44800 45416 45448 47317 49007 52234 52385 53842 54028 55186 55206 56062 56574 57108 57177 57429 60904 61417 63459 63885 63991 64729 66791 68086 68162 68189 68257 69423
77 626 1140 1209 1966 4067 4359 5211 5508 7001 9130 9272 9474 9666 10263 10410 10865 13174 13610 14930 15052 15150 16082 17440 18384 20923 21351 21818 23361 23529 23685 24095 24100 24726 25079 25599 25888 27648 28172 29152 29626 32191 32718 32941 33436 35414 35519 35749 36957 39319 39496 41493 43238 43588 45416 46770 47033 48554 49551 52290 54824 56264 57586 57897 58090 58330 58503 59156 59255 60876 61506 62372 64290 64839 64901 66561 66791 69603
77 716 913 1966 2045 2129 3840 5508 6238 9163 13610 13638 13801 16082 16210 17119 17440 18125 19469 20373 20739 20754 22340 22640 22856 23529 23685 24726 25599 26136 26843 28503 32058 33169 33672 33963 33987 34032 34694 35004 36957 37293 37311 38966 39153 39866 40687 43588 43735 45180 49007 49551 51181 51397 51478 52604 53516 53842 54028 54800 54824 55846 56062 57108 58503 59255 59753 60904 61219 62245 63181 63491 65861 68313 68409 68664 68727 69141
78 227 1257 1945 2129 2186 4072 4149 4598 5508 6238 10825 10865 11109 12230 13801 14562 16149 16210 17261 17440 17474 20584 20739 20923 21551 21818 22640 22869 23442 23977 24857 25888 26136 26553 26843 27990 28503 29211 31635 32242 34093 35414 35714 35830 36880 38196 38291 41493 41980 42729 44260 45132 45416 47033 47317 49305 52234 53000 53568 53939 54028 55846 56224 56574 57108 57897 58090 59156 60113 61506 62124 62687 63491 64901 65070 66113 67730 68086
78 175 679 1140 1966 2045 2186 3148 4149 4698 5211 5508 6060 6949 7001 9846 10410 10825 11109 11414 13554 13801 15052 15150 16483 17373 17585 18230 19829 20861 21818 22601 23361 24100 25133 25723 26090 27936 27990 31218 33963 33987 34032 35714 35819 36115 36957 37635 39566 40195 41236 41830 41980 42093 42729 43238 44800 45444 47233 47317 48604 48924 51632 52604 54800 54824 57614 57897 58503 60904 61506 61683 62687 63678 66563 68162 68664 68727 69423
79 679 4598 5211 6949 7003 7250 9371 9666 10109 10410 13801 14562 14930 15052 17729 18125 19023 20584 20861 20923 21351 21962 22082 23744 23977 24192 24799 24874 25139 26136 26843 28105 28172 28503 29817 31288 33963 34694 35004 35714 36737 37311 37648 38196 39496 39566 43588 43735 44307 46804 46962 48924 51181 52604 53000 53855 54421 54988 55186 55761 57586 58615 59263 59540 60904 61417 61683 62124 62372 63004 63181 63491 63537 64901 65278 65861 67183 68086 68162
79 1140 2186 3572 3979 4067 4072 4149 4698 4910 5211 6102 8837 9084 9163 9371 9474 10263 10377 12521 13474 14562 15950 16008 16149 17440 19475 20584 20923 21551 24874 25139 25723 26553 26670 27151 27428 28172 29439 32191 33672 34090 34694 35281 35714 35830 36115 37759 38188 38605 42729 43238 45132 46770 47317 48604 49028 51181 51632 52242 52290 53842 53855 54133 54800 54988 55521 56062 56224 56886 57429 58330 59255 59540 60113 62245 63181 66563 68313 68727
79 175 626 716 1140 1209 4910 5211 5508 6238 6883 9084 9232 9607 10377 10410 10918 11414 15052 17585 18230 19469 19729 20861 20869 21351 22037 23529 23977 24857 27227 27428 27936 29817 30308 31288 31444 31635 35830 36115 37635 37759 38291 38605 38966 39923 40313 41493 43735 44812 45132 46962 47033 48554 48924 51181 51478 54421 54575 54800 55003 55026 55206 55761 56088 56224 59255 60876 62124 62739 63117 63678 65861 66113 68189 68409 68470 69141 69346 69423
79 913 1257 2846 3148 4554 4698 6238 6324 7074 7184 9130 9371 9474 9666 11414 13174 13801 15788 16008 16082 16483 17261 18384 19475 20739 21351 22601 23442 23977 25139 26553 26908 27692 29211 29428 31373 32242 32887 33356 33500 33672 33987 34694 36737 37635 39496 39866 40195 44307 44812 45014 46804 48604 49028 51103 51181 51397 52945 53939 54133 54575 55003 55106 55186 56088 56224 57897 58503 59263 59339 59931 60113 61417 63181 63678 64290 65861 68189 69346
79 108 3572 4067 4359 4698 6060 6324 8017 9130 9272 9846 10263 10377 11109 11414 12521 17729 19729 20869 21962 22340 22869 23529 23685 24100 24857 26136 26553 27151 27936 28105 28987 29152 29428 29811 29817 31373 31969 33356 33672 34525 35714 35830 37322 37759 39153 39496 40313 40687 42093 44800 45132 45444 46759 52945 53568 55186 55521 55761 56062 56224 57108 57897 57940 58615 59263 60904 62351 62739 63459 63885 64729 64839 64901 65070 65457 67461 68313 69423
79 222 626 1209 2186 3572 3979 4067 5211 7003 9232 9474 9666 10109 10865 11032 11414 13174 16210 17838 18125 19469 20739 20754 20923 22340 22347 23578 24857 25133 25413 25599 29152 29817 31207 32941 33500 35414 35749 35819 36737 37635 37648 39319 39496 40195 41830 43109 44812 46300 46759 46770 47033 49028 51103 51831 52290 53516 54119 55003 56062 56886 57586 59339 59753 60904 61506 61683 62351 63678 63885 65278 66113 67461 67730 68257 68409 68470 68727 69423
79 716 1209 2942 6102 7250 8017 8837 9474 9666 10865 11109 13638 13711 16082 17729 17838 17991 19469 19829 20923 21551 22037 22601 22640 23529 23685 24192 24527 25413 25599 27151 29211 31373 32242 32887 33356 33963 33987 35749 36957 37322 38966 39496 39866 40195 41980 45014 47033 48924 49007 49305 49551 51181 52234 53809 54119 54800 54824 54988 55186 55206 56062 56264 56919 57177 57429 58090 58330 59263 59692 62124 62245 62739 63991 64597 65457 67183 68313 69603
78 108 175 626 2129 3572 4067 4554 7001 9028 9371 9607 9846 11032 14930 15950 16082 16210 17261 17373 17729 20373 20584 20739 21962 22310 22347 22640 23529 23977 24213 25888 26842 27227 28503 29211 31075 31635 33987 34154 34525 35281 35519 38605 42093 45416 46759 47033 48604 49007 51103 51478 51831 52242 52290 53809 53939 54800 54824 56062 56224 56919 57108 60876 61219 61683 62351 62687 63491 64290 64597 64901 65070 66113 66791 68162 68313 68556 68664
78 222 1140 1209 1257 1966 3133 4149 4698 7003 7074 7894 8017 9028 10377 10825 11109 11414 12230 16483 17991 19469 20739 22310 22601 23977 24100 24726 25133 25413 25888 27648 28172 30308 31194 31207 31444 32058 33987 34032 35004 36880 38966 39153 39566 39866 40448 41980 42093 43063 44800 46770 46804 47033 47317 51191 51397 52290 53000 53842 54119 54988 55106 55761 57108 61506 62687 63004 63117 63491 63991 64729 64901 65278 66113 68556 68727 69346 69603
77 716 2499 2651 2846 4598 4698 6060 6949 7003 8837 9272 11109 12521 13610 13711 15052 15788 16082 16149 17261 18125 18384 19113 20373 20861 21962 22347 22601 24192 24527 26090 26843 28105 28987 29211 29428 29817 33963 33987 34032 34090 35519 38605 38966 39319 39496 39566 40448 41493 43063 44245 44812 47317 49028 51191 51632 53568 53809 53855 55846 57429 57586 57614 59156 59255 60542 61506 61683 62124 64597 64901 65070 65861 66561 67730 68162 68727
77 2045 3840 4359 4598 4910 5563 6238 9028 9232 9474 13638 15052 17261 17991 18230 19113 19829 20584 20754 21551 21962 22082 23744 24100 25133 25139 26553 26842 27227 27990 28172 29817 31075 32058 33356 33963 34694 35281 36644 36880 37648 40687 41830 42093 42729 44245 44821 46770 46962 48604 52385 52842 53855 53939 54028 54988 55026 56062 56886 57108 57429 57940 58503 59540 60542 60876 61683 62124 62245 62739 63885 64901 66563 68257 68556 68727 69346
76 175 679 716 1140 3133 4910 5563 6102 6338 7003 7250 9474 10410 12566 14930 16008 17582 18125 20584 21818 23529 23578 24100 24192 25079 26090 26136 26670 27428 27648 29428 31288 31444 31635 32191 34694 35414 35749 35830 36644 37759 38605 40448 43063 44800 45014 45416 46759 46770 47033 48604 51103 51397 52842 54875 54988 55106 55206 55761 56264 56574 57897 58090 59156 59255 59753 59931 60876 61417 61506 62124 66563 68086 68189 68727 69423
76 108 716 1038 1140 1966 2045 2186 2499 2631 2942 6238 6338 6883 8017 9130 9607 9666 10263 13610 15150 15950 16483 17582 18125 18384 19475 19729 20412 20739 21551 22082 23529 24874 25413 28987 31288 31969 33963 33987 35281 35830 36957 37635 38605 43238 44245 45180 46804 48562 48604 49007 49028 51397 52234 52604 53568 53842 53939 54875 55003 55761 56088 57429 57586 60542 60904 61219 62124 63181 63885 64290 65861 68189 68664 69141 69346
77 175 1038 2438 2631 6324 7001 7074 9084 9130 11109 12230 12521 13174 14562 19475 20412 20584 20739 20923 21551 22340 22347 23442 25888 26553 26670 26843 27692 28105 28503 29428 31207 31373 31444 32261 33436 34093 34154 35749 36644 37635 38196 39153 40313 40687 41493 41830 43588 43735 44800 44821 45132 46300 48604 48924 49028 52842 53000 53424 53568 53809 53939 54028 55761 57897 59263 60876 62245 62739 63117 64901 65861 68086 68257 68313 68409 69346
77 175 1140 2438 2846 3572 4149 6338 6883 7250 7894 9232 9272 9371 9840 10865 11109 12566 17440 17543 17991 18384 19756 21818 22340 23685 24527 25723 26553 29152 29428 31218 31635 32242 32261 33169 33436 33500 34032 35004 35414 36115 40313 41830 42729 43238 44800 45444 46804 49007 49028 51103 51397 51632 54575 54800 54875 55761 56264 56886 57177 57586 57614 58503 59263 60113 60904 61683 62351 62739 63678 63885 64839 66113 67730 68556 68727 69423
76 227 1038 1209 3572 4598 5508 7250 8017 9666 9840 9846 10109 10377 10410 10865 12521 15950 16149 16210 16483 17543 18179 19829 20412 20754 20861 20923 21351 22601 23744 23977 25599 25888 26136 27692 27936 31075 32718 33169 33500 35749 36957 40448 40687 43735 45014 46804 46962 48562 49028 51103 52604 52945 53516 53568 54119 54421 54445 54824 54988 55186 55206 57586 57940 61219 61683 62124 62245 62739 63537 63885 65457 65861 66561 66791 69423
76 108 227 1209 2186 2438 3133 3840 4067 4698 8017 9232 9666 12190 12230 12521 13474 13554 13801 14562 14930 15950 16008 16082 17119 18179 18230 21962 22347 22640 23578 24726 25139 26553 28105 28503 31635 32191 32261 32718 33672 34032 35414 35749 36737 38605 41209 41830 41980 44245 44812 48604 49007 49305 51103 51831 53424 54133 54800 54824 54988 58090 58330 60113 62245 62739 63117 63181 63491 64290 64597 64839 65278 65457 66563 67461 68313
76 2499 2846 2942 4149 4598 7250 8017 8837 9028 9232 9840 12190 13554 14139 16082 16483 17119 17373 17543 17838 17991 19469 19729 19756 20869 22347 23977 24857 25888 27151 27936 29817 31207 31288 31635 33356 35714 36115 36644 36957 37759 38605 39153 44260 45014 45132 46770 47317 47429 48554 48924 49007 51103 51478 51831 53516 53842 55761 55846 56574 56886 57108 57614 61417 62372 62687 63117 63491 63991 66113 68162 68313 68664 69141 69346 69423
75 108 626 716 913 1257 2846 4698 5211 8017 9163 9371 9474 9666 10263 13174 14139 15052 15150 15950 16483 17991 18179 19475 20861 21351 22347 22601 23442 23744 24527 25888 27227 27990 28105 28172 28503 29211 29428 32718 34032 34154 35519 36737 39148 39566 40195 41493 43063 44260 44821 45014 45448 46759 47233 47317 49028 49305 53000 54445 54875 55003 55206 56919 57108 57940 59339 61506 62372 63004 63678 63991 66113 66563 67730 69346
74 108 679 1038 4149 4598 6060 7894 9163 10377 12190 12566 15052 17119 17373 17729 17991 19829 21962 22310 22347 22601 22869 23529 23578 23685 24095 24799 25139 25413 27151 28105 29428 29817 31075 31207 31288 31373 32058 32191 33672 33963 34032 34090 34694 35519 37322 37616 38291 39866 40313 41209 42093 43588 45444 45448 47233 51181 51632 53855 53939 55106 55186 56886 57940 58503 59255 60542 61506 62739 63117 63885 64290 68313 68409
73 626 2438 2846 2942 3133 3148 4067 4598 4910 6238 7003 9474 10109 11032 14139 14930 16210 17440 17991 19475 20584 20739 20861 21962 22856 23578 24095 24527 24799 24857 24874 26136 28987 31207 32058 32113 32242 33500 33963 34694 35749 35819 35830 37648 37759 38188 38291 39153 44260 44800 44812 46770 46962 47429 48562 51103 51191 52290 52842 53809 55026 55206 56224 56886 59156 62351 63004 63885 65070 66113 66561 66563 69141
72 716 1140 1945 2045 2186 2499 2942 3148 3840 5508 6102 6338 8017 9084 9846 11109 11414 15464 16008 17543 19113 19469 20584 22601 22856 23442 23529 24527 25133 25139 31075 31288 33356 34090 34154 35749 35830 37635 38188 38966 39148 39866 39923 40195 40313 41980 45448 46770 47233 49007 53424 53842 54119 55003 55206 57429 57586 57897 57940 58330 58615 59156 59931 64290 65457 66563 67183 67730 68189 68257 68556 69603
72 716 1140 1945 2045 3133 3979 5563 7184 7894 9130 9607 13801 16241 17261 17729 18179 19475 19729 19756 19829 20373 20412 20739 21962 22347 23361 23578 24095 24192 24799 25888 29211 31075 31288 31373 31969 33500 34154 37616 37635 37759 39153 39496 39923 40448 41493 44821 45444 46759 48924 49007 51478 51831 52242 53939 54575 55026 56264 56574 58615 59263 60876 60904 61683 62245 64290 64597 65070 65278 65861 68086 68162
73 1257 2096 2499 2942 3133 3572 3979 7074 7184 7894 8837 9028 9371 10109 11109 12190 12566 13174 14930 15150 17582 17991 19475 20923 22037 22340 22856 23361 24100 25133 25413 25888 26553 28172 29811 30308 31635 32113 32261 34032 35281 35714 36880 37311 38188 38196 39153 40313 42093 43238 44245 44800 46300 46770 51397 52290 52945 53939 54445 54988 55003 56062 58503 59263 59931 61219 62351 63991 65457 65861 66561 67730 68086
73 716 1209 1945 2499 2631 3572 3840 4072 4554 4598 5211 6060 7003 9272 9840 10377 10865 12230 14139 15464 15788 16483 18125 19829 22037 23685 24192 25723 26090 26136 26553 27227 29626 29811 31373 31444 31969 33500 34032 34154 35519 36644 37311 38196 38605 38966 39923 40313 41209 43063 43109 43238 43588 43735 44800 44821 47033 48562 51831 53568 53809 53842 54119 54800 57177 57586 58330 59255 61683 66561 67461 67730 69423
74 1209 2186 3840 4072 4359 4554 4598 6238 7184 7894 9666 12566 14930 16082 16210 16241 17261 17440 17585 17838 18384 19829 20754 21551 22082 23361 23977 25723 28105 32058 32718 33436 33500 33987 35281 37293 37648 38196 41493 41830 43109 43735 44812 44821 45448 46300 47429 51181 51478 53424 53939 54421 54824 54875 54988 55106 56574 57429 57586 57614 59692 60113 60542 62245 62351 63991 64597 64729 65457 66563 66791 68556 69346 69423
74 175 1038 1257 2096 4698 5508 6102 7250 9028 9666 12566 14930 15150 16082 17119 17474 17585 19756 23744 24095 24100 24213 24726 25723 26670 27936 28987 29428 29811 31288 31444 31635 33169 33356 35519 37311 38605 39148 39319 40448 40687 41980 44307 44800 48562 48924 51831 52842 53842 54119 54133 54421 56224 56574 56886 56919 57108 57177 57897 58090 58503 59156 59692 59753 60113 60876 62245 63491 64729 64901 65457 66561 66563 68313
74 227 2045 2438 3840 4072 6060 6338 6883 9371 9607 11414 13638 13801 15150 15950 16483 18125 18384 19475 20869 22310 22856 24213 26136 27936 29626 29817 31194 31288 31635 32058 32191 35414 36737 37616 39319 41236 41493 43063 43109 43588 44245 44260 44307 46759 46804 47317 48562 51397 51831 52234 53424 53842 54133 54421 54445 55206 55521 55846 57108 57586 60904 61506 63885 63991 64597 66113 66791 68162 68257 68313 68664 68727 69346
74 1945 2186 2651 7001 7074 9028 9474 10377 12521 13554 13638 15052 16483 17440 17543 17585 19023 19475 19756 20412 20869 20923 21551 22601 24726 25413 27151 27692 27990 28105 28172 29428 31194 32113 33963 35519 35714 35749 36644 36737 36957 37293 37648 39496 40313 40687 41209 41493 43588 45416 47233 51191 53000 53424 53568 54133 55521 56264 56574 58503 59156 59339 59692 60542 61506 62124 62245 63117 63991 64290 66113 68086 68470 69141
74 175 626 679 1966 2045 2651 2846 5211 5508 6102 9232 9272 15150 15464 17440 17474 18179 19113 19756 20584 20869 21962 22601 23361 23442 23529 24213 24799 26136 27151 28105 28503 29439 31635 32058 32261 32887 33500 33963 34694 35004 35414 35519 37322 39153 40313 41830 43063 43238 44307 44812 45416 47429 48604 48924 49007 51632 52385 52842 53809 54445 54800 54875 55846 56062 56886 58503 59255 59339 61219 62372 63885 64839 68470
74 626 1038 1140 1966 2186 4149 5508 5563 6238 6338 7250 9163 9371 9607 9840 10918 11032 12190 12230 13801 16149 16241 16483 20584 20739 20754 21962 23977 24874 25079 25888 26136 26843 27990 31194 32058 32887 33356 33500 34525 35749 35830 36957 37311 37322 38188 39148 39866 41209 41236 43588 43735 45014 45444 46770 46804 46962 47033 51181 52385 53516 54445 55206 55521 55761 56886 57940 59156 59339 60542 65457 67730 68086 68556
74 108 222 679 716 1140 2045 2096 2186 2438 2651 4072 4698 7074 9084 10109 10377 11032 11109 12521 13801 14139 15950 16008 17440 17582 18230 19023 19829 20412 20861 23578 25079 26843 26908 28105 28503 32718 33987 34032 34525 35714 37322 37616 37635 38291 39866 39923 40448 41209 42729 43238 45180 46759 46770 47429 48924 49007 49028 49305 51831 52842 55206 56224 57614 57897 58090 59156 60113 64290 65070 65457 65861 68470 69603
75 222 716 2045 2631 2942 3148 4149 4598 5211 5508 6338 7184 9232 9272 9371 10410 11032 11414 13711 14930 17119 17373 17543 17585 19729 20373 23744 24874 25133 25139 25413 25888 26553 27936 29439 29626 29817 31207 32113 32261 32887 34093 35714 38196 39148 39153 42729 43735 44245 44812 45180 45448 47429 48924 51831 52385 53939 54575 56886 58330 59263 60904 61417 61683 62739 63117 63459 63991 64290 64901 65070 65861 68086 68664 69603
75 2846 3572 5211 9084 9371 9474 9840 10263 10377 10410 10918 13174 13711 13801 15464 18179 20373 20412 20754 20861 20923 24095 24192 24527 25079 25133 25723 26553 26842 29811 31218 32191 32941 33356 33436 34032 34093 34154 34525 35519 36644 36737 36880 37293 37616 37759 39148 39153 39496 43238 44260 44307 44800 45014 51103 51181 51478 52945 53000 53809 53842 53939 54988 55206 58615 60113 63004 63181 63991 66563 67730 68086 68727 69423 69603
75 108 222 1209 1257 3979 4598 7894 8017 9666 10377 12190 16241 17474 19829 20373 22856 23529 23685 24192 25139 26090 26842 26908 27151 27648 27936 31075 31218 31288 32058 32113 32261 32718 33169 34090 35281 35519 35714 36880 37616 38605 41493 43109 43238 43735 44800 44812 45132 45180 46759 47233 49551 51181 51632 54421 54575 54800 54875 55003 55521 56062 56224 57586 57940 58090 62124 63181 63537 64290 67461 67730 68409 68556 69141 69423
