500 198 100000
65857 17439 77011 92939 30455 50969 14165 42723 5587 28043 27452 55636 22433 26403 56469 91261 60413 78778 66312 27104 10265 17369 44153 20136 75568 61248 89484 3109 98799 14986 72926 44407 67215 94989 27685 92946 77435 20913 97724 63603 39119 76030 9548 20172 58102 10822 67969 65555 77099 79035 79234 77162 86003 11996 78651 1010 75839 22964 42096 75124 7801 37357 70196 25993 24934 54727 48700 83685 54210 92918 87694 60043 33655 41370 51695 25726 11798 79610 91195 72282 12344 90913 37350 20974 29747 91883 79071 35928 10150 72757 23040 54119 2030 53613 37418 64871 26161 74210 83100 87104 89874 56012 50379 93723 61382 40468 25913 87753 94276 8724 66523 31176 91643 62057 29246 56637 44661 50785 90998 35185 99746 25230 70732 4244 28499 21826 24816 64953 96637 3073 63829 16519 28629 1662 73327 95017 99384 88162 33901 9263 66835 31244 21026 36282 33264 38280 54651 62350 23814 7025 79898 46838 73118 38211 39301 19814 73708 70162 85950 15565 75646 82570 44815 7126 23124 92181 7457 38444 19356 62616 13715 67368 97034 82513 52885 11095 19189 6488 49480 83788 18564 92165 3623 51363 45190 97119 73385 47082 49582 43855 39367 4766 93285 15713 84455 54746 36185 73722 52411 24648 30154 74023 13515 83732 86249 33889 20154 33359 36279 89227 74065 83290 23049 4142 62257 16543 52215 44252 74551 95277 41102 40839 20121 84060 4598 41532 62337 67925 88067 92481 50503 74890 26555 48967 68618 51253 87783 27506 26743 90624 64154 34073 18638 80190 31198 71434 30205 96129 71166 35517 80940 7832 67285 52135 95166 97660 78974 58723 27493 4723 90362 28091 55887 8387 85624 93441 42676 55791 11975 93598 15991 58825 21088 80813 24797 51376 26518 3422 42098 26104 97668 16530 94358 75207 72595 46099 64985 28508 25163 84823 18 65978 32225 46440 87658 91981 29543 1930 24471 88060 10307 53396 95559 7223 46604 48210 61498 85601 51026 72642 29766 42609 73652 62122 55580 89730 84104 48665 25791 80437 60834 90808 59300 84170 21810 72696 49612 41247 69214 182 26716 99492 1883 56848 43183 33315 96773 36979 51865 1060 27061 82752 52067 46759 1943 85378 21396 78219 80444 18660 78962 85578 56053 74783 7724 43814 11037 87258 46021 61952 28653 24507 34579 77149 60731 14504 68049 70059 49480 45917 36002 87286 46038 82230 70556 2577 67044 70629 66469 29053 90825 92855 17081 71586 78941 17743 20857 2050 3524 11157 93290 10747 8533 98589 93855 41099 21058 50466 31956 89943 37643 22983 99335 53081 5133 97673 76838 92827 19345 65012 48075 58345 61290 72213 68413 53276 62067 40796 44022 19295 48216 39588 37960 43856 82422 47999 89515 66154 66958 83022 19376 69253 73725 16084 41870 50990 44984 45206 98082 17808 7172 74170 85770 22919 74285 41851 49854 58913 55146 66897 47923 51241 85739 92272 24163 54683 21097 23388 62711 290 77413 92694 42351 67665 27909 58445 19036 89527 12716 26396 55428 83259 31902 83777 7362 65258 16390 63142 68921 21968 10954 8284 13204 97140 1563 62682 51231 96885 94417 21785 51649 96529 75968 56104 25024 56574 27222 43845 48389 54792
5 11381 13815 53189 71314 75713
9 104 618 24308 30574 41327 58846 61942 78601 84464
4 3664 6915 76804 97219
6 12488 20097 28818 29268 29377 93143
3 773 20133 57087
6 5871 6593 12059 52880 57589 70901
1 43690
3 47327 74114 82449
2 19434 57968
2 16716 49255
7 3106 25533 28719 37998 48454 76412 94503
3 3776 28915 61218
5 19107 21131 30353 77040 93303
5 729 44562 48292 90567 99159
2 63892 78411
6 14598 35867 50844 75222 88112 97328
2 12730 66988
5 31828 43915 73305 79190 96235
6 13894 37229 38851 41351 45870 72831
5 2509 63220 69618 86023 96557
3 45206 79925 90362
9 41852 44807 59343 63724 76419 83247 91277 93483 98340
5 21227 31384 38476 56117 89436
2 39601 86026
6 8348 19194 22261 24307 67628 90673
5 34101 40479 50851 66886 95077
4 14961 60393 67509 97158
3 11575 37379 41005
9 9947 12532 37263 47242 49467 85280 85800 88054 92380
4 5912 44385 46167 77944
7 23016 29525 62980 94865 96661 97653 98799
9 420 808 2086 32922 41624 56684 74555 85859 94550
4 30250 30921 40185 70532
9 16860 31077 44829 45629 47718 60279 74620 80773 80956
4 46666 76678 81077 81451
7 10156 22193 32807 44868 48542 65936 70808
6 1876 42090 43005 53545 66137 66803
5 20347 35682 51610 83709 87985
5 16449 57602 60222 78298 97954
2 61950 83108
7 1147 24063 27831 45909 70286 70781 90496
6 2869 44900 64520 72407 99206 99398
5 4011 58211 62364 71416 79911
7 6187 6499 31840 45118 49628 77668 92233
4 24470 40285 72737 73253
8 18260 44106 63028 66021 70505 73576 85423 97352
4 28215 28479 70509 94342
3 19115 75618 83761
6 3011 11481 15712 61285 85497 96071
7 18627 24441 50303 73762 81901 84755 91801
7 9239 16173 28217 42338 70084 74275 87753
4 7032 53987 82318 99603
5 5108 27083 35835 41807 71361
6 22185 36402 59677 61021 62196 85613
7 2564 7187 23563 41453 52927 69556 87815
7 15496 39966 55948 65419 76838 92936 95613
7 23488 26339 31399 43230 53203 55631 74626
5 6173 20412 22968 44672 48371
6 4224 20356 30206 42685 71651 84203
5 7367 32917 47709 54396 56785
6 11085 26248 36722 55293 64154 88269
6 15866 16613 34680 40384 65211 93929
5 1341 5951 15745 29916 78692
4 5155 46856 48088 90321
7 7459 20430 22408 35173 74934 75594 82759
7 10292 24305 26417 44467 78984 83765 92303
3 7175 10288 78897
5 9529 25193 48593 49642 77477
2 15003 68157
6 7946 22720 23701 40456 82933 89728
5 18156 19309 26872 74758 92311
7 497 8747 24067 33403 48600 49517 85240
2 20821 53621
4 27980 66113 92248 99607
6 17099 20953 62580 62664 67592 92401
6 8669 31764 34421 35112 68537 75540
5 14275 23285 54422 86915 97075
4 278 66494 77933 93218
8 27410 38922 51460 51862 57194 60114 84550 85037
5 4141 61563 77921 85793 87293
6 9198 13234 31950 38226 70480 97917
4 42311 78698 79884 95781
6 10434 43124 48727 56870 67099 76046
6 8444 29662 37509 44045 61595 92525
8 23019 25841 41533 60571 61392 82258 98658 99281
4 6712 15787 18567 34933
6 19765 35345 35721 68528 70007 75033
5 40510 62486 64222 98234 98603
4 1109 28434 47761 84509
4 1102 5879 44489 54988
5 39171 43229 61774 87170 94408
6 11883 20210 24042 37850 50683 94121
5 13064 32388 34815 39925 91951
15 2660 4491 6458 22766 23139 23881 26302 27634 59723 62506 68060 73748 77524 85478 96214
6 6950 9504 11913 75139 78040 95289
5 10056 19033 26121 68979 83339
10 2227 14437 15902 28687 31087 39477 52890 58718 70290 90640
4 25472 37221 37463 82084
3 54187 57104 75849
5 22084 25817 62782 71459 93272
6 23705 25049 32512 57566 64393 82514
4 2141 30134 43118 49578
1 70319
6 18246 25876 44457 64675 68366 74471
5 14467 21656 39963 84936 92120
5 12661 51373 57811 64649 99769
6 12988 26511 38612 58250 70681 83417
5 22107 27995 54773 73673 80522
3 32678 53794 88799
3 3832 45442 62691
3 4318 9726 96681
3 17315 53320 53787
3 24058 55873 64606
3 52151 70714 77068
9 10786 21086 35913 36996 59180 63751 81493 85595 86760
9 10294 31618 42131 47339 63194 66515 83933 86702 94771
4 27255 33823 40224 70709
7 20365 40704 50738 81197 86476 96919 99044
6 18043 39778 83825 85818 89010 94208
5 8557 11216 40275 85349 88891
3 27607 48922 75766
7 16900 27882 48695 49566 76018 90456 94328
2 17482 59179
5 30865 32395 48376 75277 78005
3 18808 42600 43773
9 4980 11362 15063 17745 27966 29195 40653 67394 95264
6 349 17360 22406 35002 38991 89762
3 20860 41283 86467
6 18529 41850 54255 63511 63604 79162
6 23895 60842 72259 89923 90694 95787
1 4197
3 17982 31259 79464
3 14335 25886 99958
6 1837 27933 61184 79612 87557 93082
5 37630 64496 78560 92446 99284
4 515 37915 96417 99227
6 11468 36662 43175 70600 77890 91479
9 1094 29498 30090 52602 58499 59114 68411 86823 89043
4 40217 41378 45382 97396
3 10612 17870 84788
6 6108 40610 61891 67948 68708 89399
5 12231 12980 14158 42534 45887
7 11595 17115 18703 23724 53589 71009 80460
5 32758 35302 44737 91821 95114
2 16156 29825
3 29432 72880 87969
3 12775 17534 81534
7 2349 29800 39076 44929 83380 85516 91866
6 16757 47045 67589 69801 71572 94551
10 816 2908 23106 30154 39181 43007 52792 72341 78965 97581
2 35044 35363
6 6531 16301 16432 44626 81097 82974
9 24220 30536 38168 50670 60965 76636 76900 89978 92553
5 19300 20908 21382 38549 60011
7 23823 24265 29831 44734 50724 57845 91585
5 14825 45753 46064 60916 61552
8 20227 24167 27190 27478 53989 64084 88298 88624
5 39683 54767 70892 73916 99514
4 4199 22337 42860 99787
2 9050 79057
6 3123 29427 45173 51876 69147 94918
4 14270 14804 50191 57337
4 38060 38584 61191 91209
3 1112 75637 76637
5 1883 24601 26333 52171 60716
4 34501 49547 73542 94331
4 1503 13039 25132 28307
7 2145 36744 40896 41886 85388 88021 98923
4 6585 47873 51006 79642
3 12578 48099 66806
9 6261 42196 64207 70951 71954 72302 81843 82308 92521
2 14979 95160
5 47158 49589 51322 52687 90793
7 5420 12546 13365 37932 38501 77636 96638
5 56201 69905 88158 89440 91472
3 41056 94599 99930
1 455
7 844 14402 14612 16076 25167 25401 82769
5 33045 48002 70378 82486 92980
2 3450 8606
5 3028 20286 62129 67100 80646
4 14706 35779 70442 76563
9 5699 17712 17751 25200 27675 29938 65278 71778 84208
8 13369 24439 28281 29026 50292 51607 54822 62743
3 14698 22183 60107
8 12595 15617 31973 34835 36458 83722 85078 91748
1 88013
5 16955 32143 52952 62212 63276
3 18727 44435 54509
4 33368 38774 54408 73102
1 79101
8 503 3967 16651 38372 41947 75475 80886 96845
5 33371 56559 66331 87578 99856
5 28678 53392 75818 76474 91011
3 31116 79276 93315
3 14625 27282 73885
3 26430 33722 80298
4 7264 30500 32123 69459
