500 200 100000
56109 75760 39107 56917 5240 16975 70913 31922 87259 28039 56100 9401 95179 96144 50296 2783 53719 40350 23516 17272 95775 14412 67086 76063 41769 83919 8879 19009 87724 79646 89865 82026 72884 74244 40319 32399 11006 98966 64755 64649 72776 55705 3131 93584 78515 24303 11778 65185 56411 38469 28191 17063 54027 7697 52790 11280 39688 59256 92560 40334 30662 39232 6553 88658 85923 75752 32413 49259 63748 22667 24507 48895 96347 66169 84857 85116 39792 79588 57585 66697 76849 36095 41820 52837 7667 74529 58868 97334 21044 58152 36071 29518 43593 26678 45895 66611 82357 50879 39700 52164 37209 96045 48318 82990 69345 99797 19415 90182 98842 97851 71730 23990 43941 2720 68478 10420 26281 61325 8965 81821 51285 83510 53207 37046 85550 188 61416 57843 69745 60094 65502 66934 6151 63335 42007 91500 46114 48840 48799 55549 41259 34088 8557 82871 46544 6824 85925 20752 76091 92743 15695 41485 77386 74860 12666 33449 96265 41050 49860 1074 96606 6776 4671 16846 11833 41844 97236 86683 87777 23034 66814 22751 93407 87630 35274 83939 6230 63738 70709 39464 36612 96029 59873 68095 80496 60386 24462 7916 75278 4368 27970 33168 11278 9515 70259 53872 50727 72229 9844 77949 53221 60028 22067 54779 6322 26232 32724 81812 79736 75265 11122 322 14915 67826 12911 26831 21753 43753 57483 1183 95907 78490 50112 80057 66931 78507 66859 12833 50770 77609 94919 22847 46427 83236 73702 47768 77403 99631 26719 88436 78133 60560 54620 43399 16496 86152 53754 90502 40746 78547 21484 19556 25561 44481 23057 97627 91529 41689 28014 53436 70101 82675 80298 77171 67297 49372 99612 81543 17951 8339 53634 5723 97035 98408 54016 93713 97710 20005 68831 76661 9876 49198 2172 61289 191 79320 52936 21238 86814 23837 94256 38240 93632 37056 25203 70492 946 24638 29167 69853 44901 75622 72746 16067 76855 65720 29668 28658 40021 43425 20661 24191 75492 78116 92261 54581 22032 39984 27671 9335 26867 44351 61453 46162 4635 93646 70988 9124 79312 63741 9042 96596 44727 99381 39083 74613 2015 33947 68479 96531 1490 72138 46235 21675 77647 10289 61745 77881 58320 6293 82148 62281 66032 38241 84450 38764 71329 87243 44106 72549 4407 20315 95745 3110 21269 68653 19049 92029 18719 6541 37346 59265 680 94937 85089 76805 7543 79890 92028 67547 24685 94380 98582 67919 76171 91954 67052 9321 86597 89507 31350 43559 83799 24014 96973 38354 46228 9861 10116 42373 33943 44655 99962 32742 89517 36263 14152 55484 22409 10849 8474 21549 54968 46805 21386 21184 57368 6782 58119 81299 93974 5115 18759 81782 26522 8494 72673 58609 99421 52496 39518 20252 45171 1399 83333 88232 58467 63040 26007 68238 65652 82352 57845 93780 69200 64384 70037 90462 6727 36775 8824 52683 22199 42669 18352 24630 62361 40933 4252 92025 81521 47703 15235 65678 93332 43075 40331 86433 10966 73307 54878 85209 98540 13721 59283 76163 7604 11339 31645 50760 81924 17007 70183 16226 39840 17669 16212 93964 89576 90129 28569 48548 52411 10682 26026 59396 67983 62767 34054 49133
2 63335 99381
2 39083 42007
2 74613 91500
2 2015 46114
2 33947 48840
2 48799 68479
2 55549 96531
2 1490 41259
2 34088 72138
2 8557 46235
2 21675 82871
2 46544 77647
2 6824 10289
2 61745 85925
2 20752 77881
2 58320 76091
2 6293 92743
2 15695 82148
2 41485 62281
2 66032 77386
2 38241 74860
2 12666 84450
2 33449 38764
2 71329 96265
2 41050 87243
2 44106 49860
2 1074 72549
2 4407 96606
2 6776 20315
2 4671 95745
2 3110 16846
2 11833 21269
2 41844 68653
2 19049 97236
2 86683 92029
2 18719 87777
2 6541 23034
2 37346 66814
2 22751 59265
2 680 93407
2 87630 94937
2 35274 85089
2 76805 83939
2 6230 7543
2 63738 79890
2 70709 92028
2 39464 67547
2 24685 36612
2 94380 96029
2 59873 98582
2 67919 68095
2 76171 80496
2 60386 91954
2 24462 67052
2 7916 9321
2 75278 86597
2 4368 89507
2 27970 31350
2 33168 43559
2 11278 83799
2 9515 24014
2 70259 96973
2 38354 53872
2 46228 50727
2 9861 72229
2 9844 10116
2 42373 77949
3 33943 53221 56109
3 44655 60028 75760
3 22067 39107 99962
3 32742 54779 56917
3 5240 6322 89517
3 16975 26232 36263
3 14152 32724 70913
3 31922 55484 81812
3 22409 79736 87259
3 10849 28039 75265
3 8474 11122 56100
3 322 9401 21549
3 14915 54968 95179
3 46805 67826 96144
3 12911 21386 50296
3 2783 21184 26831
3 21753 53719 57368
3 6782 40350 43753
3 23516 57483 58119
3 1183 17272 81299
3 93974 95775 95907
3 5115 14412 78490
3 18759 50112 67086
3 76063 80057 81782
3 26522 41769 66931
3 8494 78507 83919
3 8879 66859 72673
3 12833 19009 58609
3 50770 87724 99421
3 52496 77609 79646
3 39518 89865 94919
3 20252 22847 82026
3 45171 46427 72884
3 1399 74244 83236
3 40319 73702 83333
3 32399 47768 88232
3 11006 58467 77403
3 63040 98966 99631
3 26007 26719 64755
3 64649 68238 88436
3 65652 72776 78133
3 55705 60560 82352
3 3131 54620 57845
3 43399 93584 93780
3 16496 69200 78515
3 24303 64384 86152
3 11778 53754 70037
3 65185 90462 90502
3 6727 40746 56411
3 36775 38469 78547
3 8824 21484 28191
3 17063 19556 52683
3 22199 25561 54027
3 7697 42669 44481
3 18352 23057 52790
3 11280 24630 97627
3 39688 62361 91529
3 40933 41689 59256
3 4252 28014 92560
3 40334 53436 92025
3 30662 70101 81521
3 39232 47703 82675
3 6553 15235 80298
3 65678 77171 88658
3 67297 85923 93332
3 43075 49372 75752
3 32413 40331 99612
3 49259 81543 86433
3 10966 17951 63748
3 8339 22667 73307
3 24507 53634 54878
3 5723 48895 85209
3 96347 97035 98540
3 13721 66169 98408
3 54016 59283 84857
3 76163 85116 93713
3 7604 39792 97710
3 11339 20005 79588
3 31645 57585 68831
3 50760 66697 76661
3 9876 76849 81924
3 17007 36095 49198
3 2172 41820 70183
3 16226 52837 61289
3 191 7667 39840
3 17669 74529 79320
3 16212 52936 58868
3 21238 93964 97334
3 21044 86814 89576
3 23837 58152 90129
3 28569 36071 94256
3 29518 38240 48548
3 43593 52411 93632
3 10682 26678 37056
3 25203 26026 45895
3 59396 66611 70492
3 946 67983 82357
3 24638 50879 62767
3 29167 34054 39700
3 49133 52164 69853
2 37209 44901
2 75622 96045
2 48318 72746
2 16067 82990
2 69345 76855
2 65720 99797
2 19415 29668
2 28658 90182
2 40021 98842
2 43425 97851
2 20661 71730
2 23990 24191
2 43941 75492
2 2720 78116
2 68478 92261
2 10420 54581
2 22032 26281
2 39984 61325
2 8965 27671
2 9335 81821
2 26867 51285
2 44351 83510
2 53207 61453
2 37046 46162
2 4635 85550
2 188 93646
2 61416 70988
2 9124 57843
2 69745 79312
2 60094 63741
2 9042 65502
2 66934 96596
2 6151 44727
