500 200 100000
55001 52914 54089 90937 51297 56717 89440 78548 87457 86237 16284 15899 15998 77469 33032 72098 12721 70392 66311 74072 45484 88354 97688 36517 92398 2390 14453 82746 38889 81838 93578 95500 39884 16191 85905 56475 67931 25934 24252 28449 84062 84909 83737 87218 74357 8781 89747 10423 34262 39762 69560 16771 18906 99369 7170 55026 49402 45995 53163 83963 25188 82716 40029 52954 36481 81755 2524 69698 93313 16912 30141 11755 40984 13116 7046 89421 24174 23331 11393 60627 82033 58239 3965 41974 67025 42410 96010 66110 80482 70945 51130 63544 20012 25273 84342 27134 97691 96777 87951 80844 80107 15903 73083 95521 90870 47811 19225 78919 54527 17598 3817 78439 21742 24115 12271 20697 18784 50944 68850 74104 19447 31201 85584 97269 80577 36924 75382 90052 42180 54331 36716 13964 62533 2725 45574 2793 60568 85947 73353 11115 28408 68360 71245 97526 3577 8105 32833 53658 24392 25094 72895 45410 25161 85526 83828 37639 36867 22911 63542 90809 2014 25711 66077 30728 20968 80491 22078 4988 81295 61786 4486 30330 29583 45911 72160 57494 86873 94235 16039 83006 21088 83010 66236 7741 43125 42258 20691 63903 4213 86316 90667 95703 66390 46502 65009 11353 89600 57756 18250 43167 3501 80639 62419 40604 25623 81717 88940 49472 67526 31600 93315 47522 28961 35 14915 85868 39868 64009 63503 66258 63504 56024 70398 74200 61880 58454 93669 42480 32309 35067 52975 37339 13127 52391 28784 39397 50728 48152 54924 20286 51798 14853 88088 71082 39448 11480 71531 84438 11064 71903 93402 60122 11717 90697 30702 45354 87136 89746 17535 65228 51259 86248 9059 87127 8174 40563 25407 45013 27133 64399 27566 10428 56345 55640 18940 22335 28321 3826 27890 30423 30633 26017 10037 18544 54859 27554 58762 31184 70964 20305 59178 91182 46479 22841 52154 73960 92418 27065 91395 67073 94356 108 81622 84391 80093 58282 13644 28921 95595 70641 41465 78072 11409 21218 6362 17859 76829 33876 99817 34095 9140 60777 16502 76447 92021 96636 69745 63085 47333 55636 44588 46367 16031 8000 34114 9689 1070 77093 75249 47459 61847 63357 29098 84735 32149 95516 11732 8644 69421 96004 21451 75291 93709 82750 9045 36626 28344 42039 44084 32101 39364 26187 20205 90456 15603 86036 96376 19776 61791 48929 24209 23817 34261 62874 98243 38118 86569 38863 49982 98546 57605 22082 46973 31513 19350 15950 24832 39513 42201 85585 98559 57876 81360 95750 99144 98954 22234 38747 30345 9212 95891 84163 46736 50381 26728 50361 67609 52416 54004 66797 22206 19243 83125 4345 51729 455 60793 50992 42175 39444 62876 58916 2001 66465 87772 30974 64040 57708 8593 83572 59857 10277 18839 6339 79485 59622 33856 43760 15236 44720 78868 26010 15203 77930 10056 54105 96672 7205 66921 50222 63573 55912 69018 61307 74314 91155 56642 44271 83766 36520 40368 17461 51056 12419 85919 26652 51381 85599 96227 85719 46243 99326 57282 45886 9617 99201 3944 95792 55674 18587 25684 89795 39188 86210 78637 30439 97112 67616 15557 49873 44396 86484 82672 76163 497 5975 42048 96698 62924 77648
3 44396 51130 59178
3 63544 86484 91182
3 20012 46479 82672
3 22841 25273 76163
3 497 52154 84342
3 5975 27134 73960
3 42048 92418 97691
3 27065 96698 96777
3 62924 87951 91395
3 67073 77648 80844
2 80107 94356
2 108 15903
2 73083 81622
2 84391 95521
2 80093 90870
2 47811 58282
2 13644 19225
2 28921 78919
2 54527 95595
2 17598 70641
2 3817 41465
2 78072 78439
2 11409 21742
2 21218 24115
2 6362 12271
2 17859 20697
2 18784 76829
2 33876 50944
2 68850 99817
2 34095 74104
2 9140 19447
2 31201 60777
2 16502 85584
2 76447 97269
2 80577 92021
2 36924 96636
2 69745 75382
2 63085 90052
2 42180 47333
2 54331 55636
2 36716 44588
2 13964 46367
2 16031 62533
2 2725 8000
2 34114 45574
2 2793 9689
2 1070 60568
2 77093 85947
2 73353 75249
2 11115 47459
2 28408 61847
2 63357 68360
2 29098 71245
2 84735 97526
2 3577 32149
2 8105 95516
2 11732 32833
2 8644 53658
2 24392 69421
2 25094 96004
2 21451 72895
2 45410 75291
2 25161 93709
2 82750 85526
2 9045 83828
2 36626 37639
2 28344 36867
2 22911 42039
2 44084 63542
2 32101 90809
2 2014 39364
2 25711 26187
2 20205 66077
2 30728 90456
2 15603 20968
2 80491 86036
2 22078 96376
2 4988 19776
2 61791 81295
2 48929 61786
2 4486 24209
2 23817 30330
2 29583 34261
2 45911 62874
2 72160 98243
2 38118 57494
2 86569 86873
2 38863 94235
2 16039 49982
2 83006 98546
2 21088 57605
2 22082 83010
2 46973 66236
2 7741 31513
2 19350 43125
2 15950 42258
2 20691 24832
2 39513 63903
2 4213 42201
2 85585 86316
2 90667 98559
2 57876 95703
2 66390 81360
2 46502 95750
2 65009 99144
2 11353 98954
2 22234 89600
2 38747 57756
2 18250 30345
2 9212 43167
3 3501 55001 95891
4 52914 55001 80639 84163
3 46736 54089 62419
3 40604 50381 90937
3 25623 26728 51297
3 50361 56717 81717
3 67609 88940 89440
3 49472 52416 78548
3 54004 67526 87457
3 31600 66797 86237
3 16284 22206 93315
3 15899 19243 47522
3 15998 28961 83125
3 35 4345 77469
3 14915 33032 51729
3 455 72098 85868
3 12721 39868 60793
3 50992 64009 70392
3 42175 63503 66311
3 39444 66258 74072
3 45484 62876 63504
3 56024 58916 88354
3 2001 70398 97688
3 36517 66465 74200
3 61880 87772 92398
3 2390 30974 58454
3 14453 64040 93669
3 42480 57708 82746
3 8593 32309 38889
3 35067 81838 83572
3 52975 59857 93578
3 10277 37339 95500
3 13127 18839 39884
3 6339 16191 52391
3 28784 79485 85905
3 39397 56475 59622
3 33856 50728 67931
3 25934 43760 48152
3 15236 24252 54924
3 20286 28449 44720
3 51798 78868 84062
3 14853 26010 84909
3 15203 83737 88088
3 71082 77930 87218
3 10056 39448 74357
3 8781 11480 54105
3 71531 89747 96672
3 7205 10423 84438
3 11064 34262 66921
3 39762 50222 71903
3 63573 69560 93402
3 16771 55912 60122
3 11717 18906 69018
3 61307 90697 99369
3 7170 30702 74314
3 45354 55026 91155
3 49402 56642 87136
3 44271 45995 89746
3 17535 53163 83766
3 36520 65228 83963
3 25188 40368 51259
3 17461 82716 86248
3 9059 40029 51056
3 12419 52954 87127
3 8174 36481 85919
3 26652 40563 81755
3 2524 25407 51381
3 45013 69698 85599
3 27133 93313 96227
3 16912 64399 85719
3 27566 30141 46243
3 10428 11755 99326
3 40984 56345 57282
3 13116 45886 55640
3 7046 9617 18940
3 22335 89421 99201
3 3944 24174 28321
3 3826 23331 95792
3 11393 27890 55674
3 18587 30423 60627
3 25684 30633 82033
3 26017 58239 89795
3 3965 10037 39188
3 18544 41974 86210
3 54859 67025 78637
3 27554 30439 42410
3 58762 96010 97112
3 31184 66110 67616
3 15557 70964 80482
3 20305 49873 70945
