500 200 500
209 420 107 453 417 88 281 61 200 362 468 373 292 40 485 365 476 485 173 49 477 51 352 483 13 17 27 119 104 354 3 36 134 129 99 188 74 252 121 112 306 64 485 84 279 486 328 414 110 354 116 305 393 471 302 198 261 468 179 45 359 364 313 205 113 396 89 112 275 328 355 55 255 325 11 381 419 341 165 34 425 376 217 62 477 276 498 301 210 94 476 275 436 149 453 147 375 232 394 433 311 300 475 137 59 114 92 273 343 478 245 445 331 172 444 49 327 82 180 380 49 15 470 46 300 408 201 1 260 348 132 76 264 135 13 0 480 324 117 431 309 48 65 261 475 144 90 459 433 49 463 376 309 169 40 308 403 280 232 181 63 60 495 12 354 68 174 455 403 244 223 116 218 250 261 370 437 186 497 0 108 434 309 168 463 166 81 410 426 17 496 496 389 21 398 254 349 107 411 228 132 134 382 271 370 199 291 350 121 225 419 441 472 274 156 349 176 293 187 197 463 211 432 440 391 221 153 468 82 380 453 426 118 19 458 346 144 469 7 32 333 416 489 229 63 114 121 220 193 93 80 197 146 52 43 86 49 63 454 107 4 323 302 138 479 453 446 229 242 18 481 200 91 308 90 69 373 348 297 373 53 321 24 175 423 453 428 124 58 388 32 252 249 309 392 29 295 255 200 316 173 181 162 470 129 34 236 368 84 487 281 405 142 202 86 458 461 159 393 91 260 482 8 314 441 122 269 19 425 426 154 61 47 363 95 367 139 231 234 98 464 322 107 345 281 4 56 57 163 303 489 366 432 12 479 110 360 134 55 463 346 221 322 280 130 2 26 411 164 397 336 288 409 277 151 388 127 14 116 458 364 268 153 196 177 110 478 376 163 111 388 490 270 98 227 74 271 223 67 225 338 166 351 125 90 59 434 177 427 282 247 76 46 40 238 54 431 99 435 165 390 174 72 277 186 100 397 453 266 340 125 82 107 181 385 199 409 374 55 359 456 490 169 430 404 190 161 116 104 256 408 304 388 169 317 446 142 157 479 91 380 167 46 389 321 257 119 73 429 337 266 68 464 440 459 23 195 375 37 304 292 457 452 98 118 25 10 315 102 220 32 472 186 54 392 99 336 253 221 375
3 4 359 380
3 167 323 364
3 46 302 313
3 138 205 389
3 113 321 479
3 257 396 453
3 89 119 446
3 73 112 229
3 242 275 429
3 18 328 337
3 266 355 481
3 55 68 200
3 91 255 464
3 308 325 440
3 11 90 459
3 23 69 381
3 195 373 419
3 341 348 375
3 37 165 297
3 34 304 373
3 53 292 425
3 321 376 457
3 24 217 452
3 62 98 175
3 118 423 477
3 25 276 453
3 10 428 498
3 124 301 315
3 58 102 210
3 94 220 388
2 32 476
3 252 275 472
3 186 249 436
3 54 149 309
2 392 453
3 29 99 147
3 295 336 375
3 232 253 255
3 200 221 394
3 316 375 433
2 173 311
2 181 300
2 162 475
2 137 470
2 59 129
2 34 114
2 92 236
2 273 368
2 84 343
2 478 487
2 245 281
2 405 445
2 142 331
2 172 202
2 86 444
2 49 458
2 327 461
2 82 159
2 180 393
2 91 380
2 49 260
2 15 482
2 8 470
2 46 314
2 300 441
2 122 408
2 201 269
2 1 19
2 260 425
2 348 426
2 132 154
2 61 76
2 47 264
2 135 363
2 13 95
2 0 367
2 139 480
2 231 324
2 117 234
2 98 431
2 309 464
2 48 322
2 65 107
2 261 345
2 281 475
2 4 144
2 56 90
2 57 459
2 163 433
2 49 303
2 463 489
2 366 376
2 309 432
2 12 169
2 40 479
2 110 308
2 360 403
2 134 280
2 55 232
2 181 463
2 63 346
2 60 221
2 322 495
2 12 280
2 130 354
2 2 68
2 26 174
2 411 455
2 164 403
2 244 397
2 223 336
2 116 288
2 218 409
2 250 277
2 151 261
2 370 388
2 127 437
2 14 186
2 116 497
2 0 458
2 108 364
2 268 434
2 153 309
2 168 196
2 177 463
2 110 166
2 81 478
2 376 410
2 163 426
2 17 111
2 388 496
2 490 496
2 270 389
2 21 98
2 227 398
2 74 254
2 271 349
2 107 223
2 67 411
2 225 228
3 132 209 338
3 134 166 420
3 107 351 382
3 125 271 453
3 90 370 417
3 59 88 199
3 281 291 434
3 61 177 350
3 121 200 427
3 225 282 362
3 247 419 468
3 76 373 441
3 46 292 472
2 40 274
3 156 238 485
3 54 349 365
3 176 431 476
3 99 293 485
3 173 187 435
3 49 165 197
3 390 463 477
3 51 174 211
3 72 352 432
3 277 440 483
3 13 186 391
3 17 100 221
3 27 153 397
3 119 453 468
3 82 104 266
3 340 354 380
3 3 125 453
3 36 82 426
3 107 118 134
3 19 129 181
3 99 385 458
3 188 199 346
3 74 144 409
3 252 374 469
3 7 55 121
3 32 112 359
3 306 333 456
3 64 416 490
3 169 485 489
3 84 229 430
3 63 279 404
3 114 190 486
3 121 161 328
3 116 220 414
3 104 110 193
3 93 256 354
3 80 116 408
3 197 304 305
3 146 388 393
3 52 169 471
3 43 302 317
3 86 198 446
3 49 142 261
3 63 157 468
3 179 454 479
3 45 91 107
