290 129 55950
49626 26041 49517 260 27571 33120 43881 51515 54468 22867 42272 51549 1453 23089 30785 53037 53681 25726 27142 2176 47027 50981 42378 42031 33247 4248 47735 6953 11159 15961 33410 48732 25505 287 6601 16149 51533 27210 12686 2212 11717 49057 33173 39702 17961 23472 5395 19129 50732 55373 40084 45543 4703 46601 25318 7116 47528 27492 16849 17472 8441 4943 14245 5685 48521 12207 27891 16607 16693 19223 3749 10797 34873 35434 21644 48786 3524 50986 13085 16898 29437 6642 16846 48970 42968 9261 4025 13636 47777 36906 11001 3267 22254 54355 46958 8550 3030 5291 25711 40732 34795 49262 43774 52134 3611 5060 855 51608 44291 2011 46463 23914 12446 9904 43280 23576 16476 51156 51674 3364 8206 1468 43421 2545 49024 46008 47415 24235 51260 26273 14956 41120 47911 14813 22210 7459 43707 26376 42520 55686 3094 9417 20811 34006 37406 47972 4418 34086 28968 44596 365 40841 21163 7401 4756 17900 21460 41442 31258 7663 50692 29860 47691 6034 29421 51757 25811 10358 51730 2426 43906 26827 43692 22135 49019 49018 17153 242 7795 16185 2315 29700 40820 13317 37234 53698 15360 31958 46506 36363 26526 49158 9534 12017 13554 20258 35927 8803 6258 6744 20691 31781 2131 51035 43756 21373 32897 11586 48510 8327 44274 18643 45781 38356 15464 45412 46218 39016 51725 36236 34623 5460 42766 44581 26728 22681 20611 19367 37172 49808 27272 17581 22734 21686 7451 35464 24640 32933 37447 32397 31249 27679 55580 46869 28098 15299 1159 36850 36619 41234 14654 22567 13637 5530 20398 39724 21287 3170 36800 8310 36271 17272 43445 46456 40336 4105 28260 41981 6023 49214 46941 13220 23398 4326 51452 19010 31883 36464 10485 29578 24946 42305 17365 37776 11947 19310 18359 32552 6070 50489
3 2176 28968 36464
3 10485 44596 47027
3 365 29578 50981
3 24946 40841 42378
3 21163 42031 42305
3 7401 17365 33247
3 4248 4756 37776
3 11947 17900 47735
3 6953 19310 21460
3 11159 18359 41442
3 15961 31258 32552
3 6070 7663 33410
3 48732 50489 50692
2 25505 29860
2 287 47691
2 6034 6601
2 16149 29421
2 51533 51757
2 25811 27210
2 10358 12686
2 2212 51730
2 2426 11717
2 43906 49057
2 26827 33173
2 39702 43692
2 17961 22135
2 23472 49019
2 5395 49018
2 17153 19129
2 242 50732
2 7795 55373
2 16185 40084
2 2315 45543
2 4703 29700
2 40820 46601
2 13317 25318
2 7116 37234
2 47528 53698
2 15360 27492
2 16849 31958
2 17472 46506
2 8441 36363
2 4943 26526
2 14245 49158
2 5685 9534
2 12017 48521
2 12207 13554
2 20258 27891
2 16607 35927
2 8803 16693
2 6258 19223
2 3749 6744
2 10797 20691
2 31781 34873
2 2131 35434
2 21644 51035
2 43756 48786
2 3524 21373
2 32897 50986
2 11586 13085
2 16898 48510
2 8327 29437
2 6642 44274
2 16846 18643
2 45781 48970
2 38356 42968
2 9261 15464
2 4025 45412
2 13636 46218
2 39016 47777
2 36906 51725
2 11001 36236
2 3267 34623
2 5460 22254
2 42766 54355
2 44581 46958
2 8550 26728
2 3030 22681
2 5291 20611
2 19367 25711
2 37172 40732
2 34795 49808
2 27272 49262
2 17581 43774
2 22734 52134
2 3611 21686
2 5060 7451
2 855 35464
2 24640 51608
2 32933 44291
2 2011 37447
2 32397 46463
2 23914 31249
2 12446 27679
2 9904 55580
2 43280 46869
2 23576 28098
2 15299 16476
2 1159 51156
2 36850 51674
2 3364 36619
2 8206 41234
2 1468 14654
2 22567 43421
2 2545 13637
2 5530 49024
2 20398 46008
2 39724 47415
2 21287 24235
2 3170 51260
3 26273 36800 49626
4 8310 14956 26041 49626
3 36271 41120 49517
3 260 17272 47911
3 14813 27571 43445
3 22210 33120 46456
3 7459 40336 43881
3 4105 43707 51515
3 26376 28260 54468
3 22867 41981 42520
3 6023 42272 55686
3 3094 49214 51549
3 1453 9417 46941
3 13220 20811 23089
3 23398 30785 34006
3 4326 37406 53037
3 47972 51452 53681
3 4418 19010 25726
3 27142 31883 34086
