500 200 100000
23431 18626 2556 35339 51760 14494 71999 73008 14837 45207 96977 30652 26496 95980 76200 63566 4880 32706 92228 23887 29484 731 97665 99808 2393 41213 75762 14230 72720 88810 5431 23718 83626 58907 66763 91261 10628 15366 94452 2280 22734 29785 98393 57141 4374 35971 36901 28579 38072 19099 66805 73660 24200 36042 44469 71311 87108 54116 43614 24126 3738 89724 46950 13051 8762 96451 77496 52224 66850 88481 71244 74771 21692 36215 53846 50427 34571 36133 91238 47747 19479 76793 18972 86083 58415 17827 94752 82660 99941 28755 51752 50302 5313 8146 41620 2387 49643 85021 53735 52739 62605 53314 27452 93753 89104 42853 60949 21069 44154 45186 40887 61788 94766 7905 22556 81520 1146 74071 86579 62517 76558 20682 5806 45823 26678 74087 29093 37535 44182 81570 83384 76118 19529 35961 17812 97934 10066 32700 53 20153 72007 95447 55860 83018 69830 80301 84662 2395 74017 43113 52222 5637 30905 91348 6217 65653 61138 75646 38126 1244 12033 92230 15163 9418 48684 54948 22143 19370 14413 50145 19248 31067 84865 59849 6154 56157 68013 18374 24278 53636 28605 83994 67506 5121 93887 17551 84763 73199 46396 82314 67294 32077 2943 57814 16561 19232 94070 25173 1842 73537 36532 27174 45954 67732 72692 60316 32820 9502 63843 48227 51339 67766 39593 72042 96636 45640 17192 11300 31471 39069 93858 74361 77779 46367 86523 3319 43892 30080 47815 86155 12600 27069 60739 14779 1688 98471 43429 38610 8385 35251 90304 33607 69867 65043 2448 79948 14594 84112 48657 15790 20249 81920 46973 29829 24350 13482 26202 34367 94089 69395 28494 85836 39547 10816 37014 97891 22944 73635 34480 13270 26045 56924 46928 75995 3209 15545 67789 60571 30380 76343 47187 30827 80662 39133 77112 35379 72696 68561 55196 34867 53081 50550 56815 10771 42276 46208 17323 752 5590 21894 50381 63006 81615 81974 45997 2281 83539 36915 54441 96240 6250 37718 40231 56780 10535 73065 50689 76854 97904 59786 66572 94101 35242 1094 15394 6840 7703 86886 11537 11759 88031 52276 92671 11165 45620 79510 80193 92512 96605 94943 63643 27843 27925 17588 42574 52713 38334 37061 30216 15451 18257 79173 29309 89031 91118 44599 70522 70333 77217 91030 28311 23174 31614 43853 6876 52117 39786 97453 76352 79296 36798 89285 55493 8998 63086 22621 29272 13611 29643 32174 7118 71112 85620 4471 97958 42895 11883 49913 9331 37054 56163 52322 85906 10639 66594 53432 2293 40382 84978 70109 56373 81232 28115 52871 38923 72591 3160 56096 16544 90779 93292 16755 61989 6791 13486 28079 16545 2658 39950 75283 60281 75575 90513 11667 7882 50659 66565 14322 85337 36254 92299 69795 24409 56826 39718 98093 69701 74455 18797 58766 82188 17743 3810 82822 79750 48376 86554 21732 91868 12619 13313 88355 90055 65371 78203 68158 20076 67704 92294 18146 85920 4398 41208 3515 10179 79737 70584 76551 25179 75147 88875 14752 21583 77522 23969 80286 43011 10573 38405 98042 65481 17639 26028 90784 50884 69372 85515 28847 10669 26106 96327 70569 91514 70544 63857 78213 30583 29232 86542 85817
2 11537 44182
2 11759 81570
2 83384 88031
2 52276 76118
2 19529 92671
2 11165 35961
2 17812 45620
2 79510 97934
2 10066 80193
2 32700 92512
2 53 96605
2 20153 94943
2 63643 72007
2 27843 95447
2 27925 55860
2 17588 83018
2 42574 69830
2 52713 80301
2 38334 84662
2 2395 37061
2 30216 74017
2 15451 43113
2 18257 52222
2 5637 79173
2 29309 30905
2 89031 91348
2 6217 91118
2 44599 65653
2 61138 70522
2 70333 75646
2 38126 77217
2 1244 91030
2 12033 28311
2 23174 92230
2 15163 31614
2 9418 43853
2 6876 48684
2 52117 54948
2 22143 39786
2 19370 97453
2 14413 76352
2 50145 79296
2 19248 36798
2 31067 89285
2 55493 84865
2 8998 59849
2 6154 63086
2 22621 56157
2 29272 68013
2 13611 18374
2 24278 29643
2 32174 53636
2 7118 28605
2 71112 83994
2 67506 85620
2 4471 5121
2 93887 97958
2 17551 42895
2 11883 84763
2 49913 73199
2 9331 46396
2 37054 82314
2 56163 67294
2 32077 52322
2 2943 85906
2 10639 57814
2 16561 66594
2 19232 53432
2 2293 94070
2 25173 40382
2 1842 84978
2 70109 73537
3 23431 36532 56373
3 18626 27174 81232
3 2556 28115 45954
3 35339 52871 67732
3 38923 51760 72692
3 14494 60316 72591
3 3160 32820 71999
3 9502 56096 73008
3 14837 16544 63843
3 45207 48227 90779
3 51339 93292 96977
3 16755 30652 67766
3 26496 39593 61989
3 6791 72042 95980
3 13486 76200 96636
3 28079 45640 63566
3 4880 16545 17192
3 2658 11300 32706
3 31471 39950 92228
3 23887 39069 75283
3 29484 60281 93858
3 731 74361 75575
3 77779 90513 97665
3 11667 46367 99808
3 2393 7882 86523
3 3319 41213 50659
3 43892 66565 75762
3 14230 14322 30080
3 47815 72720 85337
3 36254 86155 88810
3 5431 12600 92299
3 23718 27069 69795
3 24409 60739 83626
3 14779 56826 58907
3 1688 39718 66763
3 91261 98093 98471
3 10628 43429 69701
3 15366 38610 74455
3 8385 18797 94452
3 2280 35251 58766
3 22734 82188 90304
3 17743 29785 33607
3 3810 69867 98393
3 57141 65043 82822
3 2448 4374 79750
3 35971 48376 79948
3 14594 36901 86554
3 21732 28579 84112
3 38072 48657 91868
3 12619 15790 19099
3 13313 20249 66805
3 73660 81920 88355
3 24200 46973 90055
3 29829 36042 65371
3 24350 44469 78203
3 13482 68158 71311
3 20076 26202 87108
3 34367 54116 67704
3 43614 92294 94089
3 18146 24126 69395
3 3738 28494 85920
3 4398 85836 89724
3 39547 41208 46950
3 3515 10816 13051
3 8762 10179 37014
3 79737 96451 97891
3 22944 70584 77496
3 52224 73635 76551
3 25179 34480 66850
3 13270 75147 88481
3 26045 71244 88875
3 14752 56924 74771
3 21583 21692 46928
3 36215 75995 77522
3 3209 23969 53846
3 15545 50427 80286
3 34571 43011 67789
3 10573 36133 60571
3 30380 38405 91238
3 47747 76343 98042
3 19479 47187 65481
3 17639 30827 76793
3 18972 26028 80662
3 39133 86083 90784
3 50884 58415 77112
3 17827 35379 69372
3 72696 85515 94752
3 28847 68561 82660
3 10669 55196 99941
3 26106 28755 34867
3 51752 53081 96327
3 50302 50550 70569
3 5313 56815 91514
3 8146 10771 70544
3 41620 42276 63857
3 2387 46208 78213
3 17323 30583 49643
3 752 29232 85021
3 5590 53735 86542
3 21894 52739 85817
2 50381 62605
2 53314 63006
2 27452 81615
2 81974 93753
2 45997 89104
2 2281 42853
2 60949 83539
2 21069 36915
2 44154 54441
2 45186 96240
2 6250 40887
2 37718 61788
2 40231 94766
2 7905 56780
2 10535 22556
2 73065 81520
2 1146 50689
2 74071 76854
2 86579 97904
2 59786 62517
2 66572 76558
2 20682 94101
2 5806 35242
2 1094 45823
2 15394 26678
2 6840 74087
2 7703 29093
2 37535 86886
