314 164 75298
18231 19787 15390 56627 48237 34433 35996 163 25802 40037 44136 13177 27788 11192 57216 3227 40254 19256 18358 62545 30239 49670 62190 59301 11333 1171 234 69576 73057 55333 1407 14994 42877 6648 5205 67305 2258 45689 21842 57904 45974 67351 71960 47703 49406 39856 34746 40327 57133 54874 1468 9265 17024 19322 29706 46566 17959 33296 19115 8372 53235 64691 28069 45787 63905 8957 48154 8996 36777 39002 34229 10812 24811 40922 74707 51267 6907 18144 19787 32608 27181 46402 3290 62633 68583 20819 30322 73603 36369 9832 31034 43538 11820 64838 43366 41841 43438 701 15865 16649 39229 22065 39875 41215 28621 24255 62318 49488 66019 17237 42814 68852 1641 70948 32693 13321 39951 17448 44607 8942 1814 34502 56425 38218 45165 23170 33038 66174 4570 55788 65844 15904 71766 43646 28584 41143 20224 69885 21452 12637 42780 41817 37102 42180 22040 73513 19780 35237 2203 55719 52170 70554 58342 74446 53932 7264 60950 20409 57021 58117 64846 28005 75253 27790 59569 6961 13468 29996 53064 63381 15279 10259 31467 21740 1136 71737 18616 33338 49917 57894 70464 25388 29931 271 65755 29813 57395 21147 4132 16398 72970 20504 74943 58502 34523 63641 42163 40171 5716 10147 69081 54962 27464 4301 3352 4680 34388 542 72653 71618 1286 26209 70580 48037 32328 50057 52630 9499 11072 36430 31868 49465 55909 26799 25543 24160 75110 38340 54805 38007 58106 51216 37347 48445 56350 68809 3823 62043 40983 29097 5956 67580 18247 72909 35102 54885 56931 70762 55171 30988 17284 66677 48709 10733 68251 5278 1697 11429 11259 28957 23448 43704 26865 42987 74743 58467 51209 68537 61728 11855 15215 48018 64058 58772 31725 5382 15330 38911 45084 42656 65866 29296 26587 23276 17190 53393 20143 33824 24589 46652 72829 406 42655 66192 55625 34904 39603 43143 62978 22262 1587 25952 64943 12280 53560 17986 62436 72063 20509 64236 23863 38321 32992 59428
6 7637 10497 16986 30780 56780 56895
4 19995 44769 53570 58370
7 8837 8950 10840 33753 56064 61545 70621
8 2325 4662 24167 26517 47481 52731 63639 73916
4 14409 42918 43362 46243
5 353 1730 30667 45299 56183
9 12797 17479 37942 39432 41189 44533 60294 67480 72913
7 4111 6654 21902 42024 54465 62579 71557
7 6837 14596 25818 45644 45918 47049 69158
10 14158 15040 16231 30086 35129 35817 56054 56153 65435 66272
6 5144 5916 7746 8844 12081 50398
3 42680 46502 71137
9 4582 9369 28869 36804 56089 56442 61474 63027 66550
10 10026 12408 15313 27854 28986 34392 35500 38744 39416 71113
5 4954 5497 15680 18499 33076
7 2431 8527 8631 19734 41411 51453 72869
8 1381 9008 18887 32830 43992 44604 53615 67285
6 28246 35221 37543 64586 69935 71231
2 21872 43672
3 15090 16788 36607
8 13011 15358 36752 36872 43450 48466 69117 74231
8 2573 12398 27125 35974 56300 64374 73791 74834
4 3515 51222 61671 62899
7 6115 23858 27272 49698 53731 62922 69988
4 15212 38230 46475 63073
7 23503 27471 28198 41793 57995 63641 74421
10 3535 8457 17290 20049 23259 33263 38881 39208 53352 59231
1 39655
6 13861 14637 16283 29010 44901 53604
6 6433 8068 18209 23766 38934 56479
6 35065 46807 56983 63793 72115 75258
4 8017 14383 20545 39849
5 20574 23746 25150 39849 43790
6 22513 36579 48674 62391 68323 74587
6 19299 32484 52749 53517 63338 70798
8 10673 27096 28300 40871 40916 45232 70253 71143
8 7583 10596 27710 33426 43361 44728 60164 67083
8 1526 7259 20162 30369 38831 52800 52919 68640
2 1269 17421
6 6312 30694 42106 44987 45132 46302
5 55115 60012 60177 65334 68241
2 730 30738
5 26749 32913 33044 35789 45125
7 8292 16802 26881 39427 41813 68063 69264
3 3290 50065 65669
10 12943 16147 16478 18317 33473 33702 37569 43507 44882 69886
3 34141 62661 74042
11 4302 8134 9773 21744 24754 26237 38681 51470 56420 63299 63372
3 12579 21340 40956
5 340 40753 66937 69675 74273
5 2402 12602 13967 22803 72008
6 6330 32036 45304 51113 55815 61114
4 1334 30194 48125 57839
5 2870 13665 48867 61358 70743
3 539 27221 61162
4 3115 6845 9249 10591
9 3719 10208 18931 20524 26472 32604 36713 38902 51728
11 3290 5711 11546 37241 47868 49172 63119 66063 68858 73696 74682
6 6449 11515 11825 54881 58580 65103
4 3403 38318 53217 63224
8 9085 17117 18655 33759 46434 49649 51445 64413
11 6709 6793 7033 11202 14430 20784 36237 42201 42595 57713 65171
8 5837 9382 21518 25251 35960 45209 53709 59056
6 2704 18388 18839 41748 74000 74559
4 3280 17871 25485 65997
1 35540
3 5691 36402 65000
5 8692 29818 51058 60017 74748
6 1819 32044 47017 53082 65664 74442
5 20388 35646 38617 42800 71161
3 10926 19146 66685
4 9807 12665 32420 34805
4 19896 40899 69080 71917
4 33427 47236 66129 73791
5 8914 21238 24026 44460 66547
4 40648 42268 58162 66125
11 9901 10113 13055 13294 14065 23158 36084 36762 38753 46320 70021
5 17262 23696 39105 67950 74317
8 3497 4782 6149 25661 27377 28244 29002 39166
6 3645 27910 29314 47628 50648 62089
4 21137 44810 61655 64508
7 4320 13280 35290 37984 44491 71160 73897
6 2926 4191 11880 36290 53131 57290
8 6488 13177 18715 21126 58114 66454 67580 74691
11 2560 8626 11796 15440 16829 37892 46822 52482 54900 73555 74460
6 7945 13000 47106 47491 63759 75271
8 330 4757 30565 34796 51258 55439 58891 71845
6 12799 18466 23397 37447 59935 68168
3 2848 35634 68678
4 3466 16443 32508 42436
8 3835 13960 17614 31210 40250 53066 60498 74268
5 649 22759 28959 31345 37496
5 18978 25556 36760 45679 68980
5 6220 60335 60747 69699 71934
3 3445 47487 52188
6 26637 26816 27323 38628 48875 53811
4 15186 51514 51772 55884
5 6534 7954 25528 29883 73083
5 21821 22083 23880 41282 61069
4 9243 36022 40267 47345
11 4011 7287 18344 24615 33281 40151 42314 46049 48202 48475 71481
1 55203
8 11949 16307 18002 18745 23245 29837 48807 49993
7 12787 24402 27225 32049 34940 71925 73028
2 36721 57619
6 4105 7891 41109 47130 48946 51716
6 11631 15141 26417 33802 36736 64533
5 2466 50194 60900 65736 67669
4 5657 34612 41116 58641
4 18380 21032 21672 72938
5 424 35257 44290 51732 74315
4 13516 20903 55690 63563
7 5185 20184 25465 45235 50084 62616 73104
4 15743 15766 24638 70805
8 11345 29188 33698 47679 51308 51741 56943 71120
8 780 1450 28124 28966 30203 36969 43753 70402
7 6849 19824 28738 31935 64459 65311 65878
8 6357 12976 16731 24773 25991 58158 68149 72660
7 8623 16760 24159 30309 31565 34869 62661
8 7797 14839 16219 18812 43726 45356 65289 74303
4 7093 22313 23654 70427
3 1886 50111 60132
5 7753 10047 29344 32384 41750
4 1000 4851 41769 74770
7 6240 15711 18143 38182 47997 56991 68954
6 15137 49086 49230 50749 58997 59320
5 6257 23243 47658 56984 68570
7 20661 26304 29400 35000 63529 66206 74219
7 4550 28187 52642 61134 61694 65624 72509
7 22735 35948 41516 47243 48115 54743 65633
4 4416 16877 26194 66804
6 30912 36157 39375 59892 64257 73709
5 4046 13380 14449 23056 41227
5 21169 29302 42626 58542 73237
7 6832 10485 21503 21571 51198 58528 66195
7 4828 7851 22460 43629 50447 56908 68077
5 6140 17556 20034 40297 45721
4 6567 18839 24002 51816
5 4826 5839 6592 67208 74786
3 20755 33739 44673
6 7261 41734 43648 50704 51960 59033
5 19024 42263 54181 73224 74516
7 4475 4614 14139 22095 26229 45326 50802
6 6420 15208 19182 20202 37737 49680
5 9321 13504 41967 48764 48785
4 20916 33882 55406 73004
7 19841 58172 62481 64354 64503 67823 68122
5 1445 5520 42599 43790 52817
6 6173 12059 12931 15726 21751 69777
14 433 6071 6648 6884 7791 8316 26662 26676 34883 37404 44140 48466 54389 72675
9 12890 19666 19733 23156 40008 48415 52478 55348 70295
6 9925 13059 25311 46075 46811 49736
3 9249 43297 64875
9 2001 11942 16350 19056 22128 28809 56626 71423 73889
4 21027 43679 68185 73425
4 3347 8110 37286 42272
6 1325 2203 9586 24843 39853 71906
5 27888 48566 61221 68870 70410
5 7745 31752 35851 52997 62698
6 9474 24160 29899 40064 40424 63154
9 31282 41826 42612 54187 54324 61035 66591 66970 67973
2 40758 65952
5 15121 37726 50457 62249 63141
7 8634 14947 15701 20533 56371 60467 60900
