500 200 100000
57632 36574 3418 91889 67055 80408 7736 52671 59045 10406 23330 92903 58967 78321 4387 25401 19995 43317 60253 73465 45212 83214 71918 38019 99852 34112 82636 66943 76577 99291 53543 86774 7912 49877 79615 89866 11303 82547 73682 22306 93160 58194 22148 74907 76875 90530 38946 48722 22239 16303 50267 4260 70303 57257 95028 40760 31729 58391 53352 77595 3282 2680 31458 42824 15475 98129 82576 31417 66938 67236 38595 36138 64632 13671 77842 23029 26434 45677 47170 53180 35596 40142 89678 67947 27802 76645 22295 60946 46156 39432 94275 33847 14627 8829 68517 47746 17636 72664 86117 5373 23187 91069 42760 98168 74023 25893 55001 15358 88795 24029 29548 93209 54868 96428 79249 73340 17265 90096 36187 41743 67568 18944 36316 50534 37022 53285 4137 44155 82536 82526 18136 40113 95230 9468 78006 93632 20819 73074 36275 46586 37919 55465 80041 68345 23339 52451 57647 50373 55713 27444 45229 76502 36477 2492 28435 30568 45123 33496 65871 42832 16311 58413 40693 38229 51842 68717 30988 91607 96338 2173 64209 8153 60452 23419 23141 2026 99784 94995 43549 66093 84588 71188 77 42244 42429 2671 31092 80556 86762 96563 68889 44550 1331 93948 39903 86885 55626 96857 64902 93440 92593 7168 85923 61590 13859 33866 58303 70942 19881 50419 91512 81855 3906 78325 43871 82566 34460 95734 8355 76833 93161 50340 58223 490 74252 51225 21260 2888 21153 4919 97339 90227 66089 36429 64198 42689 43596 69415 695 68530 68007 25029 51840 13787 7145 93016 12058 54648 72715 66537 55193 61468 45761 91143 45794 30102 33139 73840 19173 24403 21678 40001 15504 34823 45448 3395 88827 26379 4024 148 42134 84621 32360 54640 41047 8375 12915 37751 89308 63163 29718 89915 19634 36198 96893 28971 68536 26927 6035 16958 359 265 21312 94311 61783 79503 9989 61943 66543 52939 36947 74112 63206 43893 60756 44272 63241 30080 82347 82093 67314 20422 3558 44762 27831 47202 238 73341 53767 3791 4772 89017 53391 36921 56268 50139 23785 52938 68755 80004 67190 90582 8 4537 36686 14471 48794 61034 53150 43432 99743 80525 83087 40989 18030 61780 91001 44796 54421 99098 86031 5228 55838 82456 68429 87815 32971 59093 64031 66477 63489 85270 97081 73123 62214 34099 69115 66603 9477 72782 50891 66524 38409 50335 83530 82554 5168 35136 50035 29874 50985 91574 12245 82253 73767 94773 51849 51581 77509 42052 71378 23962 94781 64445 25478 79939 81715 6444 3432 94292 3018 28767 48261 23819 96444 51173 84179 18581 59260 67951 75586 41484 12843 53091 28408 85061 86223 71966 78481 76145 26004 43906 75484 5155 19899 53786 8521 63787 11211 76002 60896 34849 74599 17812 64993 57640 7242 15740 96193 49442 91671 58010 267 63532 43994 39003 68848 93659 33871 72917 8810 88655 8066 7523 73825 73943 37536 85888 84928 82616 42272 95840 6118 48484 31573 68276 74030 45020 27328 1210 12567 42437 7487 65319 27887 51881 79912 3721 40473 72376 98803 14835 65010 8529 37979 4409 2318 38498 2748 39052 62090 39333 44660 60324 86 61329 76842 65887 72504 30147
3 2888 63787 66943
3 11211 21153 76577
3 4919 76002 99291
3 53543 60896 97339
3 34849 86774 90227
3 7912 66089 74599
3 17812 36429 49877
3 64198 64993 79615
3 42689 57640 89866
3 7242 11303 43596
3 15740 69415 82547
3 695 73682 96193
3 22306 49442 68530
3 68007 91671 93160
3 25029 58010 58194
3 267 22148 51840
3 13787 63532 74907
3 7145 43994 76875
3 39003 90530 93016
3 12058 38946 68848
3 48722 54648 93659
3 22239 33871 72715
3 16303 66537 72917
3 8810 50267 55193
3 4260 61468 88655
3 8066 45761 70303
3 7523 57257 91143
3 45794 73825 95028
3 30102 40760 73943
3 31729 33139 37536
3 58391 73840 85888
3 19173 53352 84928
3 24403 77595 82616
3 3282 21678 42272
3 2680 40001 95840
3 6118 15504 31458
3 34823 42824 48484
3 15475 31573 45448
3 3395 68276 98129
3 74030 82576 88827
3 26379 31417 45020
3 4024 27328 66938
3 148 1210 67236
3 12567 38595 42134
3 36138 42437 84621
3 7487 32360 64632
3 13671 54640 65319
3 27887 41047 77842
3 8375 23029 51881
3 12915 26434 79912
3 3721 37751 45677
3 40473 47170 89308
3 53180 63163 72376
3 29718 35596 98803
3 14835 40142 89915
3 19634 65010 89678
3 8529 36198 67947
3 27802 37979 96893
3 4409 28971 76645
3 2318 22295 68536
3 26927 38498 60946
3 2748 6035 46156
3 16958 39052 39432
3 359 62090 94275
3 265 33847 39333
3 14627 21312 44660
3 8829 60324 94311
3 86 61783 68517
3 47746 61329 79503
3 9989 17636 76842
3 61943 65887 72664
3 66543 72504 86117
3 5373 30147 52939
2 23187 36947
2 74112 91069
2 42760 63206
2 43893 98168
2 60756 74023
2 25893 44272
2 55001 63241
2 15358 30080
2 82347 88795
2 24029 82093
2 29548 67314
2 20422 93209
2 3558 54868
2 44762 96428
2 27831 79249
2 47202 73340
2 238 17265
2 73341 90096
2 36187 53767
2 3791 41743
2 4772 67568
2 18944 89017
2 36316 53391
2 36921 50534
2 37022 56268
2 50139 53285
2 4137 23785
2 44155 52938
2 68755 82536
2 80004 82526
2 18136 67190
2 40113 90582
2 8 95230
2 4537 9468
2 36686 78006
2 14471 93632
2 20819 48794
2 61034 73074
2 36275 53150
2 43432 46586
2 37919 99743
2 55465 80525
2 80041 83087
2 40989 68345
2 18030 23339
2 52451 61780
2 57647 91001
2 44796 50373
2 54421 55713
2 27444 99098
2 45229 86031
2 5228 76502
2 36477 55838
2 2492 82456
2 28435 68429
2 30568 87815
2 32971 45123
2 33496 59093
2 64031 65871
2 42832 66477
2 16311 63489
2 58413 85270
2 40693 97081
2 38229 73123
2 51842 62214
2 34099 68717
2 30988 69115
2 66603 91607
2 9477 96338
2 2173 72782
2 50891 64209
2 8153 66524
2 38409 60452
2 23419 50335
2 23141 83530
2 2026 82554
2 5168 99784
2 35136 94995
2 43549 50035
2 29874 66093
2 50985 84588
2 71188 91574
2 77 12245
2 42244 82253
2 42429 73767
2 2671 94773
2 31092 51849
2 51581 80556
2 77509 86762
2 42052 96563
2 68889 71378
2 23962 44550
2 1331 94781
2 64445 93948
2 25478 39903
2 79939 86885
2 55626 81715
2 6444 96857
2 3432 64902
2 93440 94292
3 3018 57632 92593
4 7168 28767 36574 57632
3 3418 48261 85923
3 23819 61590 91889
3 13859 67055 96444
3 33866 51173 80408
3 7736 58303 84179
3 18581 52671 70942
3 19881 59045 59260
3 10406 50419 67951
3 23330 75586 91512
3 41484 81855 92903
3 3906 12843 58967
3 53091 78321 78325
3 4387 28408 43871
3 25401 82566 85061
3 19995 34460 86223
3 43317 71966 95734
3 8355 60253 78481
3 73465 76145 76833
3 26004 45212 93161
3 43906 50340 83214
3 58223 71918 75484
3 490 5155 38019
3 19899 74252 99852
3 34112 51225 53786
3 8521 21260 82636
