500 200 100000
12439 93517 66763 20657 91877 41132 82425 24059 81145 23832 46096 80387 8586 44188 64708 28089 33349 39671 92648 64696 15381 99790 55244 99948 36005 4596 55818 59985 91054 13869 70242 9218 37424 11073 76307 85096 75539 90243 62885 90961 67874 94321 6978 27867 58496 31742 67080 12485 61643 58046 77170 3539 6950 92511 84298 15312 72849 31156 64468 69417 58863 89553 23011 66439 84455 88652 33236 42971 76966 50745 92927 49227 95955 26347 63835 95435 98176 53274 61090 7499 65257 34896 4575 82657 71406 15482 33537 3967 11557 28165 61321 34092 46349 69774 76807 42643 29841 65702 40667 44492 75637 16836 20117 68557 73978 58667 528 41515 11472 86509 39560 68034 54270 59777 98589 5275 88325 45164 63736 64207 66654 22734 60531 80609 53257 5230 1596 8875 60025 20383 44129 40834 93890 9843 30626 99460 75522 2562 89524 91283 89820 91993 77292 42204 56001 18222 41861 23163 96267 63124 82398 68898 21756 7855 53187 13830 38723 96743 61958 89544 34460 43956 37309 72208 44757 47248 15327 16784 72008 56183 21283 6666 64192 38979 42437 46816 38917 36762 26938 86149 57485 64964 5420 1792 32692 48924 84280 56645 91074 99015 83651 1583 60100 64702 18687 8845 90579 73156 86561 62624 70346 15591 39601 61698 30559 74218 55678 79631 10982 77490 43484 50633 79083 87955 95980 28147 64442 67095 83733 94599 44896 35623 42723 64456 56484 95449 30784 61209 16421 88374 46144 72510 61260 45102 71528 91446 72844 30369 53063 92360 19462 81397 82998 3616 17432 86559 36437 50645 9891 73734 99232 35969 24600 31343 8391 25908 67299 96041 83883 27338 55867 93679 49381 58850 79419 14931 33651 98251 41387 56106 94285 70718 38330 75586 83371 82617 63518 62334 80981 46068 68459 26995 13569 46682 7270 72867 57098 47239 87009 8465 51329 82794 42795 36187 23468 67773 92547 65585 75723 6039 57896 9025 25255 26443 85353 79912 467 7858 52699 48306 98544 39526 72328 32491 47004 67406 19652 375 69554 87616 38829 94442 99616 98999 97927 84491 68398 30628 64750 10286 22656 33821 4474 87084 42253 40122 69980 9673 18479 90912 52389 85554 9524 79974 6085 18873 74158 87062 65748 15078 93368 38347 18021 19353 79182 1530 47120 46961 79338 62318 17452 31370 36138 36699 32977 68089 49047 46203 12291 1365 79382 61397 80191 42778 86687 18193 15668 70146 7238 58502 56658 84482 92161 98759 90040 69555 56190 39986 30853 57363 41363 5506 89003 49556 97011 83693 80443 23712 30526 16260 83788 66873 81151 60514 92468 10600 95684 71353 37914 92804 13019 42694 10045 58818 25432 83854 68631 69252 49986 50723 7214 96653 88095 89822 87155 88953 52780 46022 3694 16629 44009 68354 94367 55182 52437 89595 63488 34753 62006 28467 89976 9487 32208 9472 4353 35366 63577 31384 70871 1293 65621 63660 18271 17435 14898 31573 17932 8826 6238 97317 56125 24590 30310 30797 27948 50731 9190 44697 45114 40173 15435 98030 22498 27868 65655 57625 67658 49003 80412 92845 86346 93592 75043 40608 84859 32598 27344 8756 84568 9143 63147 1628 31408 61776 85326 13531 41689 79800 24339 61278
3 3694 16421 91054
3 13869 16629 88374
3 44009 46144 70242
3 9218 68354 72510
3 37424 61260 94367
3 11073 45102 55182
3 52437 71528 76307
3 85096 89595 91446
3 63488 72844 75539
3 30369 34753 90243
3 53063 62006 62885
3 28467 90961 92360
3 19462 67874 89976
3 9487 81397 94321
3 6978 32208 82998
3 3616 9472 27867
3 4353 17432 58496
3 31742 35366 86559
3 36437 63577 67080
3 12485 31384 50645
3 9891 61643 70871
3 1293 58046 73734
3 65621 77170 99232
3 3539 35969 63660
3 6950 18271 24600
3 17435 31343 92511
3 8391 14898 84298
3 15312 25908 31573
3 17932 67299 72849
3 8826 31156 96041
3 6238 64468 83883
3 27338 69417 97317
3 55867 56125 58863
3 24590 89553 93679
3 23011 30310 49381
3 30797 58850 66439
3 27948 79419 84455
3 14931 50731 88652
3 9190 33236 33651
3 42971 44697 98251
3 41387 45114 76966
3 40173 50745 56106
3 15435 92927 94285
3 49227 70718 98030
3 22498 38330 95955
3 26347 27868 75586
3 63835 65655 83371
3 57625 82617 95435
3 63518 67658 98176
3 49003 53274 62334
3 61090 80412 80981
3 7499 46068 92845
3 65257 68459 86346
3 26995 34896 93592
3 4575 13569 75043
3 40608 46682 82657
3 7270 71406 84859
3 15482 32598 72867
3 27344 33537 57098
3 3967 8756 47239
3 11557 84568 87009
3 8465 9143 28165
3 51329 61321 63147
3 1628 34092 82794
3 31408 42795 46349
3 36187 61776 69774
3 23468 76807 85326
3 13531 42643 67773
3 29841 41689 92547
3 65585 65702 79800
3 24339 40667 75723
3 6039 44492 61278
2 57896 75637
2 9025 16836
2 20117 25255
2 26443 68557
2 73978 85353
2 58667 79912
2 467 528
2 7858 41515
2 11472 52699
2 48306 86509
2 39560 98544
2 39526 68034
2 54270 72328
2 32491 59777
2 47004 98589
2 5275 67406
2 19652 88325
2 375 45164
2 63736 69554
2 64207 87616
2 38829 66654
2 22734 94442
2 60531 99616
2 80609 98999
2 53257 97927
2 5230 84491
2 1596 68398
2 8875 30628
2 60025 64750
2 10286 20383
2 22656 44129
2 33821 40834
2 4474 93890
2 9843 87084
2 30626 42253
2 40122 99460
2 69980 75522
2 2562 9673
2 18479 89524
2 90912 91283
2 52389 89820
2 85554 91993
2 9524 77292
2 42204 79974
2 6085 56001
2 18222 18873
2 41861 74158
2 23163 87062
2 65748 96267
2 15078 63124
2 82398 93368
2 38347 68898
2 18021 21756
2 7855 19353
2 53187 79182
2 1530 13830
2 38723 47120
2 46961 96743
2 61958 79338
2 62318 89544
2 17452 34460
2 31370 43956
2 36138 37309
2 36699 72208
2 32977 44757
2 47248 68089
2 15327 49047
2 16784 46203
2 12291 72008
2 1365 56183
2 21283 79382
2 6666 61397
2 64192 80191
2 38979 42778
2 42437 86687
2 18193 46816
2 15668 38917
2 36762 70146
2 7238 26938
2 58502 86149
2 56658 57485
2 64964 84482
2 5420 92161
2 1792 98759
2 32692 90040
2 48924 69555
2 56190 84280
2 39986 56645
2 30853 91074
2 57363 99015
2 41363 83651
2 1583 5506
2 60100 89003
2 49556 64702
2 18687 97011
2 8845 83693
2 80443 90579
2 23712 73156
2 30526 86561
2 16260 62624
3 12439 70346 83788
4 12439 15591 66873 93517
3 39601 66763 81151
3 20657 60514 61698
3 30559 91877 92468
3 10600 41132 74218
3 55678 82425 95684
3 24059 71353 79631
3 10982 37914 81145
3 23832 77490 92804
3 13019 43484 46096
3 42694 50633 80387
3 8586 10045 79083
3 44188 58818 87955
3 25432 64708 95980
3 28089 28147 83854
3 33349 64442 68631
3 39671 67095 69252
3 49986 83733 92648
3 50723 64696 94599
3 7214 15381 44896
3 35623 96653 99790
3 42723 55244 88095
3 64456 89822 99948
3 36005 56484 87155
3 4596 88953 95449
3 30784 52780 55818
3 46022 59985 61209
