500 200 100000
79550 91054 98620 1790 95424 75331 81983 3560 51252 78787 9818 62016 44854 9715 4589 96081 32233 874 39835 30051 64037 551 77689 99894 10754 99398 68204 75039 19881 38023 51114 11796 40154 82422 59252 24329 35056 84275 12505 94635 53300 51930 35958 65612 66572 57464 48109 94885 81970 4530 78275 31366 43908 59605 83984 20323 49958 29695 45561 38765 18931 63993 44246 70142 75859 64335 32987 74897 28395 72626 32895 94403 73528 89002 48206 65913 21472 91637 74675 46565 14120 95374 99378 76294 67427 66520 15979 50367 6648 77984 59444 62949 76492 42943 10645 79452 73668 82722 13189 53749 85811 44707 44657 93950 90571 91465 74587 95220 42323 66238 12415 18933 95317 59585 7095 36176 1838 82500 82262 2065 49212 25406 59844 75754 25480 16181 86071 96550 92875 6741 55829 26682 48130 55912 51096 41661 51509 99037 52064 56385 13924 36744 45611 27645 64110 7464 62903 1305 29133 27440 49367 76627 8708 62003 51649 65189 83301 73635 17574 78932 77328 53353 75300 17891 17212 62712 42110 6912 15836 52953 96070 85692 36989 88562 80391 17610 39194 99091 16489 59077 27839 76865 41443 38690 66703 5554 91268 52755 52639 63241 39852 96923 1337 27403 55270 76506 40657 13175 3733 92847 77272 37651 84576 50447 70905 68437 93697 63540 34807 45050 43690 52148 87742 9055 21704 15591 28536 37027 89689 57804 15112 1219 98341 34170 55812 99799 88741 53344 85180 28350 12619 71471 97193 4735 40424 70017 83829 31280 21253 98242 47391 50360 85046 37228 58119 54265 64353 72726 37289 95544 21372 34955 98490 55967 38710 51972 56753 30638 27301 95101 23319 22666 92571 16475 23226 41073 67354 23921 27862 90704 12756 72509 15284 39747 49072 75982 9879 31504 81610 20968 23831 57622 97426 95601 69385 85567 16894 26288 97008 210 35959 85896 641 16551 4515 61848 92852 35834 87410 90505 35 81072 64352 43622 14330 11747 75517 8520 8191 27362 65534 24040 35860 81667 63354 43265 15226 4729 71557 34964 38420 82636 26913 57482 22424 77234 39783 2023 53391 205 46729 13347 41892 5936 11541 61131 11295 49769 18604 59449 99032 39537 39969 22403 58819 74205 51217 71179 39165 11792 15298 11223 25979 29670 79004 45832 86723 29599 93767 6875 11725 90195 96914 25433 1309 30430 49098 61024 51912 34381 95905 38356 49702 53744 36436 62280 12351 19250 17922 53496 36305 36398 78923 54373 41523 17929 47979 437 63551 20797 10460 37330 30408 82342 9134 8612 83709 30501 59773 85343 46944 75778 4072 3395 78541 5823 10700 18711 2542 47201 76626 91428 68214 34951 99385 92297 42863 53160 12063 87400 2174 78553 93372 11833 12721 92422 25463 75290 47783 82299 67520 38385 77806 54618 14221 90026 7690 34481 23786 40784 83970 17202 58179 5961 31832 58050 32044 63767 45618 90886 65042 3369 221 8800 47092 60410 94018 83611 3931 22704 52527 14755 66566 26695 85912 84568 7610 70759 27552 32726 43505 95059 71624 30756 2163 32961 83589 13995 99474 606 35506 91031 36910 9835 555 96464 40955 39950 122 77357 16558 15803 54420 4454 19110 99327 98602 77456 8026 99266
2 83301 86723
2 29599 73635
2 17574 93767
2 6875 78932
2 11725 77328
2 53353 90195
2 75300 96914
2 17891 25433
2 1309 17212
2 30430 62712
2 42110 49098
2 6912 61024
2 15836 51912
2 34381 52953
2 95905 96070
2 38356 85692
2 36989 49702
2 53744 88562
2 36436 80391
2 17610 62280
2 12351 39194
2 19250 99091
2 16489 17922
2 53496 59077
2 27839 36305
2 36398 76865
2 41443 78923
2 38690 54373
2 41523 66703
2 5554 17929
2 47979 91268
2 437 52755
2 52639 63551
2 20797 63241
2 10460 39852
2 37330 96923
2 1337 30408
2 27403 82342
2 9134 55270
2 8612 76506
2 40657 83709
2 13175 30501
2 3733 59773
2 85343 92847
3 46944 77272 79550
4 37651 75778 79550 91054
3 4072 84576 98620
3 1790 3395 50447
3 70905 78541 95424
3 5823 68437 75331
3 10700 81983 93697
3 3560 18711 63540
3 2542 34807 51252
3 45050 47201 78787
3 9818 43690 76626
3 52148 62016 91428
3 44854 68214 87742
3 9055 9715 34951
3 4589 21704 99385
3 15591 92297 96081
3 28536 32233 42863
3 874 37027 53160
3 12063 39835 89689
3 30051 57804 87400
3 2174 15112 64037
3 551 1219 78553
3 77689 93372 98341
3 11833 34170 99894
3 10754 12721 55812
3 92422 99398 99799
3 25463 68204 88741
3 53344 75039 75290
3 19881 47783 85180
3 28350 38023 82299
3 12619 51114 67520
3 11796 38385 71471
3 40154 77806 97193
3 4735 54618 82422
3 14221 40424 59252
3 24329 70017 90026
3 7690 35056 83829
3 31280 34481 84275
3 12505 21253 23786
3 40784 94635 98242
3 47391 53300 83970
3 17202 50360 51930
3 35958 58179 85046
3 5961 37228 65612
3 31832 58119 66572
3 54265 57464 58050
3 32044 48109 64353
3 63767 72726 94885
3 37289 45618 81970
3 4530 90886 95544
3 21372 65042 78275
3 3369 31366 34955
3 221 43908 98490
3 8800 55967 59605
3 38710 47092 83984
3 20323 51972 60410
3 49958 56753 94018
3 29695 30638 83611
3 3931 27301 45561
3 22704 38765 95101
3 18931 23319 52527
3 14755 22666 63993
3 44246 66566 92571
3 16475 26695 70142
3 23226 75859 85912
3 41073 64335 84568
3 7610 32987 67354
3 23921 70759 74897
3 27552 27862 28395
3 32726 72626 90704
3 12756 32895 43505
3 72509 94403 95059
3 15284 71624 73528
3 30756 39747 89002
3 2163 48206 49072
3 32961 65913 75982
3 9879 21472 83589
3 13995 31504 91637
3 74675 81610 99474
3 606 20968 46565
3 14120 23831 35506
3 57622 91031 95374
3 36910 97426 99378
3 9835 76294 95601
3 555 67427 69385
3 66520 85567 96464
3 15979 16894 40955
3 26288 39950 50367
3 122 6648 97008
3 210 77357 77984
3 16558 35959 59444
3 15803 62949 85896
3 641 54420 76492
3 4454 16551 42943
3 4515 10645 19110
3 61848 79452 99327
3 73668 92852 98602
3 35834 77456 82722
3 8026 13189 87410
3 53749 90505 99266
2 35 85811
2 44707 81072
2 44657 64352
2 43622 93950
2 14330 90571
2 11747 91465
2 74587 75517
2 8520 95220
2 8191 42323
2 27362 66238
2 12415 65534
2 18933 24040
2 35860 95317
2 59585 81667
2 7095 63354
2 36176 43265
2 1838 15226
2 4729 82500
2 71557 82262
2 2065 34964
2 38420 49212
2 25406 82636
2 26913 59844
2 57482 75754
2 22424 25480
2 16181 77234
2 39783 86071
2 2023 96550
2 53391 92875
2 205 6741
2 46729 55829
2 13347 26682
2 41892 48130
2 5936 55912
2 11541 51096
2 41661 61131
2 11295 51509
2 49769 99037
2 18604 52064
2 56385 59449
2 13924 99032
2 36744 39537
2 39969 45611
2 22403 27645
2 58819 64110
2 7464 74205
2 51217 62903
2 1305 71179
2 29133 39165
2 11792 27440
2 15298 49367
2 11223 76627
2 8708 25979
2 29670 62003
2 51649 79004
2 45832 65189
