500 200 100000
69267 81722 22354 98744 33561 50176 93988 12597 67852 6 38548 97045 54975 38520 62217 44940 49717 83259 40434 58434 66710 41944 61094 77513 20183 38243 71067 44724 54594 96086 35409 53775 72279 13370 96822 18166 29933 59116 71525 96747 67134 36326 93499 81518 34306 32632 40740 77563 204 52283 19194 97830 72795 52667 3572 98080 16734 565 35003 30287 81974 62971 56054 21094 67727 16268 31247 62536 9814 8947 9922 63114 33045 18092 39370 19525 90962 12655 80159 39315 7330 62297 99606 71408 75087 71426 64623 3597 29036 52019 2288 5415 12568 66545 5789 1291 55258 97042 64731 20504 18349 48040 71563 82703 23497 11660 17122 15101 43162 41806 57627 33335 46689 75624 50632 31873 80451 68885 34498 73848 38850 43066 53575 24713 56930 14527 42832 98670 26979 4098 46395 39384 40425 58528 8328 99956 8309 86595 19597 83400 89024 58398 97356 80810 10938 92286 86304 8720 24701 53287 40424 96138 68307 98253 4447 18516 1696 38315 71081 46354 4944 10248 29540 69279 40758 23090 66163 6100 45212 84872 21256 9811 2702 11080 33665 32988 8602 51633 52913 10059 37408 15813 29428 10953 95981 71633 67666 70235 3993 82612 25313 63552 31735 62669 9089 91970 51688 83 97063 60133 25111 68013 80802 43627 63168 4603 38336 38506 9167 40681 44066 42698 75102 75243 12212 58662 19511 24091 62235 72960 57325 68991 27776 27440 83155 28054 72766 16456 15026 46352 75964 8250 37198 86469 1970 46541 50296 50745 2260 7779 90120 85686 81716 20907 19810 38708 89751 66377 43217 41223 18324 43052 76887 54813 44728 35715 30371 30478 36415 64562 83340 89433 29136 65524 5463 89325 85020 48537 71938 10854 34703 45193 41161 10370 92944 84266 42119 67000 90932 81057 52777 85500 15618 29494 80583 80060 6546 69787 84024 50874 48180 89835 24103 83199 32690 65080 90577 40788 51956 8244 20262 23541 1535 60424 41800 5296 81076 1273 96071 45343 68380 57230 47313 40383 43999 9441 58382 86141 77506 20168 32404 4809 22503 29165 27844 84908 65773 69242 39537 42379 80716 38428 17813 84474 68725 6933 51433 68776 24054 31142 90162 94163 72099 15649 10975 62904 88395 23852 64715 80029 28610 51748 17176 75663 61259 94228 60704 22128 43203 2559 26497 81009 52087 7893 57217 89045 27659 83318 96202 37712 25178 25041 41568 8763 23189 31832 89415 37290 53841 7089 31608 76333 15803 2549 41386 46565 33247 97481 22083 60583 18273 25982 88381 90045 95145 50687 5277 49265 93195 73255 80510 2926 97722 57117 57272 77036 43397 93920 99643 83876 84332 87953 27912 84169 95146 70494 72426 84264 21661 64792 53603 38231 56394 43325 18309 33650 18575 66259 73745 175 32990 86105 21751 65233 49651 49956 47968 245 60222 25011 3440 71131 11684 37792 32086 69398 75292 71161 84090 70670 52867 41450 18044 95013 13252 3913 47706 65470 24331 16469 73062 97270 42213 57577 42990 34 38854 59777 3619 13687 58912 57723 45816 47300 72831 91341 12967 33981 26526 23508 99663 9783 79731 91330 89332 93946 74644 18184 74387 8148 77568 83131 54351 45465 84785 40454 79505 18 73566 51328
5 23266 49921 71985 72728 85913
5 39573 40828 66584 66853 83689
3 5117 70856 78187
7 11682 24297 42621 52992 56358 66063 66095
5 12868 35018 71026 72819 92778
1 86753
4 19529 33214 54960 75903
4 18725 54071 72811 91252
3 7297 13457 86398
2 18409 73408
6 53328 70221 86105 87366 91463 99583
7 5739 7705 16713 25848 45351 54929 89659
5 153 12128 19048 85873 86424
4 5597 66777 87757 99356
3 35179 40246 47292
4 596 32782 49907 94712
8 10514 38384 46161 64230 66651 79748 89382 99969
5 4981 14194 30715 77969 79425
5 18025 45146 63790 82899 93084
5 583 28312 29705 66649 67445
3 4192 27945 80631
5 31399 38875 45031 96861 98237
5 4491 4816 50925 51091 71869
5 324 39248 40316 64043 87620
5 3209 21267 60149 62743 70274
7 1880 28737 52654 54012 64699 65718 79485
5 4733 22807 26919 41863 90735
4 5855 28358 42664 69189
6 17430 34482 47569 48733 50776 63303
5 5477 40437 46323 52314 55014
8 15368 18736 29999 32842 39925 53158 73671 94048
4 906 25424 37287 98021
4 27608 34198 72141 90580
1 57836
9 3990 26206 38531 60828 74034 76988 81385 93403 99798
3 11447 47501 74007
3 18561 66148 78286
5 8579 10113 22408 55002 70774
4 26649 41823 73861 94860
7 19099 50528 55310 72475 73227 80687 85936
11 24931 26402 36444 39311 44966 45868 73196 75815 79586 87633 92345
4 33071 71441 75622 94185
3 19126 29222 99641
1 35641
6 16373 18742 20959 64795 66318 75697
7 1878 23796 50491 51642 54589 67837 74895
7 2353 55816 74326 76248 83461 88442 92336
7 13972 15025 35204 58529 65260 72507 90805
4 6444 35142 35156 74433
6 2852 5537 6341 21034 30517 73269
6 10329 22561 23776 50659 66245 99004
2 45884 96499
2 206 27231
4 53851 58418 78337 81291
8 10358 27010 42675 54584 56581 68382 84114 84691
5 13355 27743 37825 70234 84233
2 5522 22050
11 419 20586 23745 36068 44979 47595 55683 67859 69406 76614 86421
1 79982
9 21660 42356 47182 57552 64484 78900 85796 96900 99764
5 37057 49760 63674 85838 92566
6 6797 9810 20574 25020 34206 92874
7 2315 18013 24714 25520 28115 29485 92377
5 12041 34538 54250 71546 98010
3 10240 63307 91042
8 14154 20509 37241 43019 65788 87319 90575 95779
7 13442 44552 76781 77050 79829 86539 95314
5 16278 46670 61245 62360 78955
7 13153 41535 49094 59692 78278 78497 96111
6 9073 10533 17113 24773 47448 58077
8 14666 17192 17794 49558 57595 65285 74602 87994
6 9221 17316 17457 50093 60104 83371
3 42162 42558 94232
6 23731 47511 51520 68179 75470 76894
8 9587 17514 34889 38812 63041 82997 83582 85988
6 11466 14625 26629 54291 58409 97379
5 15139 21963 27164 50342 68628
1 72397
4 39985 68731 74127 82375
3 16938 73922 86293
5 41663 46949 67217 92711 98291
6 13198 36758 38413 50943 65748 66427
6 6650 14905 41822 57611 70497 95444
8 5931 6766 15679 33078 65710 66404 90742 91944
4 590 37643 48590 61825
2 19910 98357
7 42118 50104 61225 73679 80923 93074 98118
9 1660 1857 3477 6945 13798 39534 41376 44517 66158
2 50921 95164
3 19450 55650 99573
6 37965 43047 47264 52214 83719 87919
5 19456 73856 86053 89895 95634
4 26701 63208 72330 93839
5 18746 24633 69690 73746 78346
6 7589 20316 37601 71312 74892 93145
5 7625 32948 40678 58623 68268
6 16968 31966 39029 45933 67325 93754
3 5884 43913 46308
3 4718 77641 90669
2 37978 97211
2 75267 86331
6 32950 46235 51912 55022 78101 91028
4 44313 49423 58531 84951
7 25468 30527 77113 78146 83320 96086 98784
5 52182 59925 64608 79616 84192
5 42571 49651 67648 72739 97134
8 1799 8656 18328 38852 42637 67173 70565 71757
6 5053 23115 44153 47884 49097 63860
5 1321 29112 49424 59512 95143
4 4955 70683 84578 94185
4 2469 45489 77342 84520
8 7651 15506 23951 28035 31609 48075 64871 89496
7 15417 26113 72805 73998 85317 90893 93641
1 13594
6 2500 11830 34190 35763 59267 65333
2 36575 68713
3 16278 39502 83885
7 328 2652 13991 29552 64843 88193 89358
5 35955 78853 80235 86105 94628
3 4979 25105 33683
8 4028 14201 16744 35363 49103 55822 59772 82747
8 7965 30812 30931 31148 43592 56619 73260 74699
5 32176 70338 70682 77497 83470
4 7390 50991 52448 61065
5 3759 21982 26488 54714 88286
8 4219 8640 9913 31542 44675 50202 94514 96808
2 359 10730
4 15862 40267 52132 78224
7 4890 10001 25911 62526 66874 71307 80303
6 13659 21996 38010 49099 86659 86676
4 418 53101 63391 84775
4 42953 74183 85220 92027
3 48048 91244 93420
13 4007 6169 23359 29901 37535 62632 73076 76969 80424 83043 86488 89486 89875
3 10215 61943 68407
3 59229 65089 85429
4 23253 51981 74083 90079
6 16169 22286 29066 41999 42321 84478
2 24305 64663
1 41462
8 168 30522 31414 53744 54426 63599 64319 65113
4 20604 46074 53578 66666
9 6339 30957 40576 44779 50782 57204 68583 87837 92048
5 10920 35688 58585 70302 70878
5 22303 54899 58774 63276 85765
5 26949 33010 39537 58547 88719
8 25703 26057 34658 48621 57967 60849 61209 72739
8 9955 17727 20481 30136 42603 46983 53778 73207
4 12297 14153 86901 99292
4 12471 19096 53668 68157
5 16902 49252 56008 77972 98344
1 38281
2 5541 20463
3 16226 65899 95117
3 64287 90134 95340
3 44877 52806 78745
6 8200 10763 33692 34812 36446 65541
3 5999 67545 79557
5 40987 51206 80563 95179 97429
4 1982 8252 30155 49165
4 46280 50257 88537 98045
7 6214 35819 35919 58445 67016 79158 83348
6 6255 8330 9182 40611 63233 73945
4 21215 37390 43133 85213
3 23504 71259 76506
5 10148 22630 40409 71413 82672
2 62238 85982
5 21470 28987 37031 48170 80199
7 48995 58834 62018 69814 89045 89822 96875
6 6579 11437 21323 32652 70515 78579
5 1414 27251 57714 58796 74873
3 19368 46748 97540
3 8753 30760 69730
2 30768 85793
6 3052 38537 63308 70535 88970 90298
4 27727 30194 50674 86224
7 4728 30762 67915 69749 71860 73014 84837
8 16300 21372 24695 40296 41526 74523 76654 81329
5 48888 66832 76205 78646 87946
4 24479 32278 74164 99841
5 4041 19248 28711 86132 95582
5 21853 30499 36865 64741 66069
1 84366
7 3065 4820 5684 22711 50874 60181 93912
6 22602 22737 23148 35789 57953 83179
3 19588 21514 51885
5 12930 18816 53345 62006 84664
4 20142 21366 82210 88597
3 54729 63458 80473
2 14303 53459
5 30002 35273 50964 64085 78544
1 74015
6 505 10414 13409 42766 87291 93628
6 6337 40449 55667 62191 86056 87826
6 33414 42042 62194 64488 66435 68509
6 8775 41006 58472 70912 91273 92122
7 13701 27077 29884 74288 82324 86054 94194
9 13435 27362 38582 39387 40047 43361 53527 54523 59893
11 811 4152 19690 27693 27949 37142 39274 40973 57365 73426 97707
4 22199 34195 73004 90303
