500 199 100000
47468 87001 7912 28230 36550 1504 63370 34901 36017 39619 72717 27524 48946 96988 92309 52601 20466 25390 21948 40934 12628 71994 19367 97481 13599 74640 14108 71163 40883 44500 28098 78697 76733 47625 65880 80055 55269 93165 96619 48472 28273 17142 56991 29482 93671 64351 6558 60052 10386 74855 46359 60679 52507 11599 26820 15717 63480 96849 62202 66858 65625 68976 21562 75999 59893 45023 61325 35673 14241 15461 30770 39253 86584 40466 70541 14838 69549 33032 43248 94057 27207 29513 39580 24805 17931 97725 11747 59672 78088 55454 18264 16135 47722 16900 49218 56537 88765 37801 92421 62500 76232 39104 43933 87684 28820 40872 37388 45943 17392 56825 92178 26959 96500 48745 23200 69152 54112 80454 37440 32091 30035 32471 68274 22105 44520 93827 42691 1165 39481 43238 93935 99070 60656 26715 7152 67952 95137 24920 4544 8994 63339 63410 26979 97205 87177 16361 14511 91275 12130 19698 24898 94532 27764 83552 49375 29150 8383 75000 69030 34638 34991 2082 15505 67048 74172 29606 38346 3231 37223 11551 2007 82725 80528 66386 45885 24154 66252 26198 4743 72171 36590 22632 86875 72553 41939 63440 66976 53890 76164 8650 11676 89521 23739 11340 18314 44740 81310 93039 93752 80669 83054 24307 57053 39980 50974 39824 29701 75645 94821 45095 81057 72 87293 91575 66654 32451 68400 93389 8886 99890 2691 39555 95121 4545 40548 4334 99668 54170 46387 69113 43802 28385 46258 52663 17215 20196 90366 56973 86128 21050 66365 22778 33283 60657 78987 99929 1169 96839 13600 20984 3735 59736 37736 26775 24287 7101 17741 63718 9613 41823 10387 6683 32693 53404 49078 14207 11370 12914 11697 1246 87680 78736 38546 93006 3864 19993 48086 41308 86183 61550 51326 19860 61233 99627 43410 36595 95984 11310 64471 72777 11236 52434 61850 5335 91008 95878 66798 53258 15806 45766 11353 21126 76182 13685 94813 61202 71024 33973 86325 14589 61909 18644 84507 10385 45787 60305 63455 23801 13008 88522 65624 96627 59814 16851 57574 53395 40166 13191 72146 26628 53663 63054 45067 66766 93084 89167 53270 27316 64287 90795 12773 93238 26139 6702 86287 41826 96671 36922 88846 70962 95192 55686 62629 69811 46974 97421 23966 34771 34867 70055 79262 48554 66723 17892 41202 46291 93171 59297 63844 36252 93651 15991 26322 45712 57715 30909 2181 66512 1009 64732 35270 58610 61462 59922 41178 73586 30424 20169 10173 61241 67406 76069 10133 51305 4929 90726 56796 1878 86060 47743 98984 10240 7502 41619 7173 96532 39603 26298 77293 72674 31145 44803 75712 32197 76018 25474 69886 65900 1354 26453 45854 76562 88501 42506 24679 66836 40827 64345 81444 2829 17675 39120 3485 34682 71780 993 71560 99775 52268 73493 25533 42319 31530 37671 72267 20857 14813 5196 78253 92713 19050 84960 29550 53947 12429 11171 52597 46014 32002 76839 60268 45784 74894 72406 77407 24405 6184 46119 86256 79760 57402 90343 47506 43257 75601 35597 57361 35029 68511 16911 69964 13743 66421 77754 91618 29636 61888 72113 22940 49677 10751 37213 72632 67345 80751 13064 15906 31980 1256 47940
2 83071 93028
2 30002 57196
4 20984 28261 74340 84354
6 12147 14534 61964 64075 77369 90966
6 5440 5805 31471 55697 83362 94806
5 118 20434 26355 63603 71973
4 10800 12021 27484 28322
4 20521 35244 66754 68805
4 26600 37590 59701 97534
9 14061 17124 50024 50317 61542 72457 74819 93370 95943
5 2310 10807 23224 77728 95099
9 1419 27493 31578 36304 69968 70551 71254 86564 97478
7 28190 29339 34583 65577 70140 71700 90034
5 27197 29738 30721 47061 73119
2 14385 88221
5 7604 33561 64842 88658 96474
1 98221
7 22169 43653 73466 74998 76052 85770 91551
9 8476 9004 9011 9524 15365 41410 54545 84852 96015
7 3040 6690 9708 44141 59357 79127 80974
2 32187 74603
4 49145 53601 66633 88406
6 6900 9538 30292 36989 71749 93946
7 4555 16570 20203 39901 69729 83983 91824
3 4111 33164 36820
8 5397 9451 28239 45215 46791 47912 56273 73881
3 10729 35197 67185
6 18521 33888 46309 76334 94406 97058
6 13410 48670 76933 82976 86016 89681
6 8578 33562 44777 57227 69130 70782
5 61992 69213 75368 84342 88648
3 18940 45668 58365
3 75948 82378 91052
6 3001 17024 37806 60744 68919 86615
7 22292 27318 49806 59787 62398 85433 89354
3 54664 75604 83671
6 22527 31874 45560 48906 70635 98214
3 10206 44728 52891
2 10428 92493
10 5971 13985 14177 16322 19849 26001 29344 41332 42712 73673
6 1324 37907 53318 59237 88320 94078
7 34744 46342 54364 56146 74140 88381 89502
2 39013 74186
3 7890 29433 53129
3 10194 49880 94335
3 27136 33127 82437
6 20749 20949 38224 43801 46359 79375
11 5261 5683 8296 9879 10524 33489 34556 37961 46164 82118 91429
2 17376 89597
2 11047 75920
4 17943 82451 84578 90309
5 11342 17198 30693 45903 83378
8 17434 21922 45228 62062 72062 82182 93491 96980
3 38144 63098 77203
5 8 12675 34222 36227 85734
6 17627 18108 23815 25556 49419 96087
5 38235 48248 77807 93493 98796
6 14668 22008 26617 65138 89228 96187
5 283 24065 47895 67154 71060
8 17862 19370 24090 42728 51722 60251 73619 91628
6 1275 12024 16133 44879 57122 94847
4 20537 40316 63619 67326
1 35208
6 3035 60784 62234 68352 75050 95143
7 7344 23154 26049 57366 57407 65831 80084
7 20679 25124 38360 47296 74224 81971 94436
2 44788 76322
7 2967 5993 39428 41135 47657 67570 82205
3 731 28473 84609
5 37959 49861 66914 70089 82197
4 12203 22508 52401 76559
7 10946 27788 61890 67851 70926 78748 92536
6 7945 23299 38527 39262 51081 76725
4 33285 50344 56924 91269
6 26274 35501 36234 43074 61685 71882
3 37005 46854 59201
4 26427 32720 83591 94229
9 20070 26912 45253 45427 57427 82250 90830 95461 99691
2 45367 79004
6 2091 14262 32862 45639 50065 70617
8 12655 26020 42341 45149 54192 60038 60391 87807
5 20309 36881 52266 71791 82372
8 30193 47416 53972 59711 59791 61953 63464 66980
3 47284 73346 94046
5 6103 72385 74712 76920 95813
8 6499 15030 26977 33457 44628 44785 77427 86270
5 6498 16574 48592 72309 82819
6 27123 28385 47385 54464 79106 81475
5 1227 27782 36025 78219 99160
3 84459 91965 97254
6 30919 41258 53249 55775 72202 81557
6 8953 10092 11605 24713 65651 85594
6 6091 40702 41812 43079 67630 94876
7 7293 17203 23975 61677 71194 75444 79325
8 3596 11405 12247 17750 41666 67320 67626 95953
3 28816 30547 95730
1 59345
2 13741 82867
4 23682 61303 76941 97560
8 18305 21147 25674 31249 53545 53731 81792 99410
6 8970 29662 37207 56536 79611 87591
7 11493 13067 34903 71271 78297 85523 96428
4 15594 25273 41039 67896
9 4377 27189 39034 39832 44916 46139 50182 69049 98157
7 8689 18155 41788 49820 77352 82210 99136
8 3598 6744 47666 64364 75405 78963 82771 94322
5 771 15931 60298 63575 98942
1 31176
2 16436 88225
3 87085 91325 96573
4 1675 49869 55601 88687
3 30370 40392 43154
3 9315 41021 74985
7 30144 44635 53759 55274 71533 77425 82657
2 59588 92867
8 1594 8027 29367 40527 54114 67702 75332 91118
7 45261 55471 61576 67045 75982 77977 81764
9 21771 35378 37029 44101 50783 60831 86929 87594 96914
3 16580 71230 88239
3 79773 95363 98677
7 11667 15019 20629 24430 31147 74501 93711
3 19987 76090 92637
6 11850 22455 41290 77124 79731 84408
6 9444 26124 51649 54804 67870 82569
7 11374 19251 27014 33962 48241 63089 89032
5 23910 24552 49424 57328 65846
8 23244 34812 46293 52009 56188 88960 93749 99624
6 171 7192 45474 51583 93345 95624
3 32276 35564 95171
3 24604 37804 92425
4 32643 62542 77063 81587
4 21942 52415 59823 86873
7 1459 19591 26824 44124 46929 52530 65579
3 22210 52290 63437
5 2770 15582 18122 71144 92835
1 15779
7 20707 35815 58691 63106 67809 89611 97046
5 7457 16659 18671 82174 84532
5 9611 13634 30457 56674 82758
5 32480 43554 44617 49739 73289
6 27454 32232 33674 51445 58063 83164
1 76293
4 55427 56255 65190 82883
4 14863 36050 76474 80134
4 173 4007 59194 60099
8 4558 23930 39954 43862 59148 64254 68884 75752
2 11861 72113
6 4831 16309 20163 48446 65679 74815
7 13456 53572 59431 83732 85541 87600 92298
3 12663 44569 72733
4 21608 67636 83117 92400
9 26170 34743 42388 58724 62526 63457 66544 67434 78794
4 5813 12121 29398 71754
4 8176 39545 96979 99167
4 21403 30106 60303 90510
3 78687 91808 98563
6 15284 25334 41387 42562 62524 76265
4 3181 58949 68690 70966
6 50091 50469 64170 64812 65151 70075
2 15812 62376
5 1476 2022 19732 21018 75548
4 4529 33145 87177 90032
7 6625 25927 45218 67972 88422 89741 99482
2 71564 87571
7 8188 11402 21275 38734 65742 78874 96634
8 35704 36679 45795 62076 68546 77574 79567 99107
3 43015 98528 98803
1 45791
5 8935 73358 85751 95824 99515
5 14213 15212 16396 19194 78752
6 7296 11298 24900 41980 54018 85302
6 21539 39740 62635 66867 92995 94970
11 11557 22370 29395 53914 58645 66216 71121 80988 93962 95481 98630
5 26172 34570 36539 44282 87487
8 31513 59350 63432 69765 79907 82163 88207 98466
5 13742 22605 32465 84844 98481
5 902 1129 12905 20204 38134
4 26072 40383 89932 91055
4 45231 74977 78308 94492
3 30823 32946 80752
8 19107 33546 42544 61263 64908 82018 92761 94623
2 39521 49048
4 17523 27697 31103 88136
1 86003
6 21965 58822 62452 79103 95003 98904
6 14363 33852 44929 48793 50086 58772
6 1793 7628 8600 32137 66787 80054
3 46213 59462 75640
3 30768 43249 47978
5 20742 21813 24971 39551 82571
4 41849 66418 74273 95353
5 9731 14833 21488 90296 96679
5 11985 33748 41993 47092 66858
7 27707 32867 57912 58927 60059 96855 97092
5 74 1910 16464 38713 64293
9 9551 11610 31964 45977 49473 52525 56864 60207 92401
5 48919 59855 68180 80490 86835
6 11241 15651 31571 76643 83456 86811
6 13981 27747 38352 48572 49241 72713
