425 83 94546
56894 27886 377 75105 54504 5104 3879 6553 48712 56289 8616 80208 10365 91662 43657 15802 39291 15369 30860 21085 8900 56763 12149 62832 53910 27163 36435 38039 68315 75658 72421 5493 44570 9413 23707 41807 17731 24629 8570 17858 427 73145 57190 34220 6219 35672 31613 2189 45744 4393 28530 84028 40078 67192 91328 21293 92375 17739 46142 5883 22278 82735 25357 55284 91151 48647 92827 21589 53430 77857 10133 44896 54908 20115 44088 761 4106 9463 35955 59845 17085 38466 92068 39966 33148 396 45656 87242 87102 23469 19509 12322 88555 58182 31747 54899 83669 15801 1807 49558 65831 24679 77417 49827 35566 35559 49413 45953 88437 69802 78402 34590 22676 83366 6602 88101 23748 10277 8838 29431 33136 93042 24633 73149 10598 93160 17814 59686 25966 71497 67329 53378 4418 27267 38261 78544 71196 36443 87289 4272 45465 69359 9317 92295 79195 4360 15115 21143 20438 86517 78587 14403 55024 87480 6273 13107 7705 48649 15900 63286 84642 87802 27367 57037 20476 58201 21813 46596 73868 71336 64326 15471 17975 70966 51994 5010 45323 3908 29462 68096 42031 31016 49114 23199 33561 20898 7226 85949 49139 34724 12322 42639 66972 71396 42682 64483 57715 67959 213 74193 83523 90412 46580 35285 76504 75371 16984 73170 19444 26572 668 4392 29765 93779 10512 21303 19291 13907 42225 73682 34226 25559 27870 14217 12276 64771 38113 32476 55404 46351 37323 52464 24194 48848 70929 13112 79544 66315 56823 216 53162 8736 22870 50506 47030 12990 47215 89325 63007 23219 32146 57046 2798 44189 28538 593 82543 69865 20699 7357 26649 36348 3745 91527 28165 48213 20108 8289 42111 37899 66749 50796 85715 32127 29165 50018 88568 4349 80362 63382 93267 16218 51444 19292 26093 37644 85005 39929 83062 83917 42177 78691 42551 53746 36179 70682 60534 9009 83874 42930 86141 473 40190 59155 7774 58477 88618 4298 34157 33074 47729 52849 71008 8571 70232 28032 64226 48981 66729 35532 6809 17762 64291 7003 8025 92702 38698 22533 78981 83733 17478 6251 14178 90026 29872 16902 87234 72071 78090 49540 80443 41899 18414 55505 25362 55245 62219 8750 7821 42985 70896 57305 3622 37230 53835 3265 78293 50819 93482 45796 28261 93699 48274 53840 11341 16060 58716 18372 74916 33713 57590 38343 45312 20134 8276 81328 14626 68109 18501 31834 92018 68490 88102 15061 37312 12064 67266 47475 6878 89698 41220 84314 46290 41667 74069 60812 60396 37629 322 86167 41190 73477 21185 42657 48161 75411 37830 58018 3297 90324 67090 38780 7835 22659 12390 94278 45337 38706 61213 38571 77950 60334 42537 32102 16025
11 2606 8777 17330 24869 27170 29997 35374 35869 58986 75131 91846
8 8080 20835 31680 34331 34848 47247 69096 77410
8 2405 24821 58096 61641 67671 70839 77050 79914
5 8512 32479 48737 53597 56461
14 8579 22610 24517 29906 34261 56774 61305 63924 67905 68384 68700 81868 82271 92424
10 581 2695 41295 50673 59996 64533 67971 80943 84003 90943
7 7209 11164 12961 67115 80431 88431 91800
8 14024 18348 44835 55498 56221 64802 76245 85751
8 9406 29895 39471 44701 49975 57858 85107 91372
11 8140 9083 35853 41232 44086 53468 58572 69447 87147 89490 92393
5 27436 31486 55047 77848 81212
12 1587 10507 29563 29851 47422 48589 53310 55074 61443 64096 79980 91678
10 1118 4721 8343 9284 19089 36392 42397 62169 63806 75642
7 1087 9112 20158 42516 56932 64917 71085
9 9159 35180 35340 36741 51397 58135 75447 75959 78948
8 12273 19396 21802 24569 33119 53532 65719 92149
10 71 13757 26026 32003 33184 51677 82189 82953 82957 90403
8 18747 41163 43774 47412 61859 64596 71869 90626
5 292 51378 64178 81011 90841
12 7319 39012 44518 44681 47928 48965 60824 66971 77252 79588 84571 93360
8 32760 33174 33649 51586 64232 82342 86100 92107
8 2618 40510 53159 56809 57448 62920 79704 85310
10 4471 15639 22537 26628 46479 49011 49348 50873 55188 89860
6 25455 36420 57110 80790 84601 88582
9 16030 16716 24258 35402 39978 59080 62219 71640 93093
12 2856 14811 26554 37537 38493 49750 53760 55099 74926 75000 81878 91191
10 3740 12350 17836 18612 26819 32976 34146 35648 85898 88286
5 16956 44271 65947 79735 91409
10 11404 21722 35384 38425 68873 76677 78146 79104 80613 89671
10 6895 10982 21934 29444 45197 45301 62973 65756 91648 92974
13 2249 11557 28134 29209 32933 40703 48812 54868 64407 67498 68096 77897 84320
6 19370 20164 22692 24477 88401 92250
9 4965 7887 17892 22470 38633 41752 77316 84901 91476
9 38206 46323 47540 74446 76480 85056 88562 92083 94016
5 20489 28023 31113 34626 76831
11 693 3878 10482 18165 32113 53088 56856 60933 61321 65362 76248
6 18958 23220 27551 50474 52623 80807
7 2800 3054 19048 21206 22601 22611 30640
8 26834 27862 32097 36913 40366 70796 84830 92713
9 4543 4621 10574 22320 24242 26919 46349 67816 70441
9 2064 3990 8869 27670 31395 67351 75253 76707 88475
11 5600 5919 12685 19502 25663 37409 56730 61979 63639 65235 75537
8 4277 6453 12131 17861 45497 68070 79991 91703
12 75 3790 13893 15087 21484 26741 34386 50172 79530 82793 90979 93886
8 9778 19186 28679 35319 41273 57631 63698 65273
12 3424 7593 12482 15217 25266 27513 29323 39620 40499 67888 69621 84980
8 6733 17513 28012 52638 56673 66886 88221 94276
7 29092 33323 37019 61815 66451 79549 83496
9 239 15092 15773 18237 25487 50710 54228 72906 89307
14 3321 8206 10106 11775 18111 18395 24309 25860 29049 42168 58498 65750 68691 77428
9 10342 10986 13075 23407 37773 52354 53609 67198 70364
8 17639 36156 49860 52463 77252 80554 84301 88307
9 10193 12901 16835 45831 46230 63710 65481 65871 78880
6 5097 7902 18863 22526 50930 88403
18 5377 19648 22802 29086 35431 39838 40984 51355 51673 52402 55162 63631 68469 72866 75472 79190 88079 93981
5 14934 31255 47609 50593 82730
4 14658 25004 59279 77946
13 1411 3470 9348 18199 29086 31202 68429 71490 71720 71786 74099 75759 82968
6 8457 13297 71334 73540 73607 81005
3 10899 38534 53795
5 1795 5961 11463 14611 28443
7 4537 22894 23173 45962 49693 62523 68450
10 3180 5240 16654 22612 28326 39607 48278 49204 75209 83334
6 1501 9237 68440 72607 81546 87094
10 10730 16846 21102 27281 33563 38214 41735 71629 78053 87248
8 5740 28065 40010 61546 68829 71260 74799 76990
13 908 8543 16663 22338 22610 31402 33783 57478 58138 61476 70809 72245 88166
9 3190 7304 29167 38428 52762 57407 63637 86872 94290
9 16914 20741 41707 46804 49338 49934 53168 75768 78356
12 1670 17030 23550 47668 52154 63256 69323 70451 82217 85940 87648 88448
9 5490 7132 18675 18889 20272 28711 37286 71841 80086
6 7616 18875 20630 47445 64291 79105
7 12780 31491 48627 63750 67162 89563 93840
10 3873 4804 10356 22098 27052 44510 59820 64929 65665 77945
8 5822 14789 26143 42357 63538 76936 78107 89995
11 16629 19293 23616 32335 38267 39298 52656 61232 69675 72859 92557
7 14817 15262 22471 62373 63036 63776 75522
6 35277 41924 54708 71727 82843 84315
7 3361 22226 70829 72620 75366 87774 94258
4 8088 20996 41952 91899
3 9072 48175 70255
6 983 23885 27001 42467 75602 77400
7 25486 30302 35802 53434 83131 83352 84091
