500 200 500
194 175 373 401 380 404 307 480 354 115 482 215 77 69 248 243 390 343 189 433 7 438 450 46 260 101 54 242 164 268 51 354 123 479 70 99 10 46 93 454 374 215 399 276 260 29 333 237 417 348 410 299 322 331 408 101 208 467 128 155 71 32 37 166 418 173 353 90 73 24 258 39 499 372 258 484 264 290 453 310 314 434 491 421 421 246 297 428 35 214 118 96 208 474 73 377 267 205 39 240 356 388 471 276 56 232 388 485 178 109 286 160 265 308 176 143 312 204 427 217 127 444 233 118 371 495 433 369 479 141 469 410 87 284 304 447 456 429 11 254 37 8 472 452 154 26 41 305 137 312 73 213 290 271 36 479 355 439 151 467 113 25 81 403 470 223 154 227 68 83 391 318 409 324 302 187 246 434 295 50 489 2 494 119 135 49 494 398 467 296 144 160 391 424 151 155 421 342 368 261 60 393 143 445 298 384 433 152 32 423 277 365 334 339 209 161 87 467 96 468 315 102 44 14 114 217 391 90 368 320 201 112 302 397 272 416 424 255 49 455 379 336 476 349 83 417 289 333 499 118 163 34 467 240 499 367 118 444 436 60 338 222 91 169 368 288 78 368 262 90 45 249 442 200 468 286 116 400 118 229 372 452 116 256 367 184 185 408 364 47 268 311 154 73 84 428 182 356 348 129 263 218 164 97 180 347 81 198 52 178 77 390 124 346 209 46 366 104 26 52 4 246 156 224 138 475 121 393 154 55 305 13 157 450 441 198 149 167 165 180 114 345 408 448 145 473 224 370 448 406 185 129 67 489 368 247 359 13 235 330 6 73 181 108 207 374 269 262 338 483 309 117 449 421 481 494 319 312 403 26 381 443 13 146 386 88 60 255 19 118 455 277 425 327 177 222 396 287 202 348 123 315 331 7 43 271 488 452 92 30 317 430 253 196 190 261 165 435 172 427 160 439 299 242 301 489 106 213 116 112 441 86 459 306 430 458 355 137 44 196 444 488 438 439 40 325 220 78 423 87 399 48 252 433 121 165 288 205 203 360 0 238 150 381 167 289 323 8 344 169 173 209 24 434 408 429 19 32 4 327 354 452 20 468 393 477 147 481 266 222 450 57 88 298 463 487 329 87 103 40
2 104 204
2 26 427
2 52 217
2 4 127
2 246 444
2 156 233
2 118 224
2 138 371
2 475 495
2 121 433
2 369 393
2 154 479
2 55 141
2 305 469
2 13 410
2 87 157
2 284 450
2 304 441
2 198 447
2 149 456
2 167 429
2 11 165
2 180 254
2 37 114
2 8 345
2 408 472
2 448 452
2 145 154
2 26 473
2 41 224
2 305 370
2 137 448
2 312 406
2 73 185
2 129 213
2 67 290
2 271 489
2 36 368
2 247 479
2 355 359
2 13 439
2 151 235
2 330 467
2 6 113
2 25 73
2 81 181
2 108 403
2 207 470
2 223 374
2 154 269
2 227 262
2 68 338
2 83 483
2 309 391
2 117 318
2 409 449
2 324 421
2 302 481
2 187 494
2 246 319
2 312 434
2 295 403
2 26 50
2 381 489
2 2 443
2 13 494
2 119 146
2 135 386
2 49 88
2 60 494
2 255 398
2 19 467
2 118 296
2 144 455
2 160 277
2 391 425
2 327 424
2 151 177
2 155 222
2 396 421
2 287 342
2 202 368
2 261 348
3 60 123 194
3 175 315 393
3 143 331 373
3 7 401 445
3 43 298 380
3 271 384 404
3 307 433 488
3 152 452 480
3 32 92 354
3 30 115 423
3 277 317 482
3 215 365 430
3 77 253 334
3 69 196 339
3 190 209 248
3 161 243 261
3 87 165 390
3 343 435 467
3 96 172 189
3 427 433 468
3 7 160 315
3 102 438 439
3 44 299 450
3 14 46 242
3 114 260 301
3 101 217 489
3 54 106 391
3 90 213 242
3 116 164 368
3 112 268 320
3 51 201 441
3 86 112 354
3 123 302 459
3 306 397 479
3 70 272 430
3 99 416 458
3 10 355 424
3 46 137 255
3 44 49 93
3 196 454 455
3 374 379 444
3 215 336 488
3 399 438 476
3 276 349 439
3 40 83 260
3 29 325 417
3 220 289 333
3 78 237 333
3 417 423 499
3 87 118 348
3 163 399 410
3 34 48 299
3 252 322 467
3 240 331 433
3 121 408 499
3 101 165 367
3 118 208 288
3 205 444 467
3 128 203 436
3 60 155 360
3 0 71 338
3 32 222 238
3 37 91 150
3 166 169 381
3 167 368 418
3 173 288 289
3 78 323 353
3 8 90 368
3 73 262 344
3 24 90 169
3 45 173 258
3 39 209 249
3 24 442 499
3 200 372 434
3 258 408 468
3 286 429 484
3 19 116 264
3 32 290 400
3 4 118 453
3 229 310 327
3 314 354 372
2 434 452
3 20 116 491
3 256 421 468
3 367 393 421
3 184 246 477
3 147 185 297
3 408 428 481
3 35 266 364
3 47 214 222
3 118 268 450
3 57 96 311
3 88 154 208
3 73 298 474
3 73 84 463
3 377 428 487
3 182 267 329
3 87 205 356
3 39 103 348
3 40 129 240
2 263 356
2 218 388
2 164 471
2 97 276
2 56 180
2 232 347
2 81 388
2 198 485
2 52 178
2 109 178
2 77 286
2 160 390
2 124 265
2 308 346
2 176 209
2 46 143
2 312 366
