500 200 100000
54103 61674 37646 41053 44326 54500 51270 3336 96576 22872 36889 23880 56317 62159 33600 14249 69928 22063 97067 45889 70301 49263 76567 18681 44629 3367 77687 18868 69589 4397 26350 65593 13523 31974 17520 39192 98509 1423 98191 39251 82603 89217 38893 55446 11366 75455 63112 77930 17081 16068 37215 37561 25879 51074 50998 89559 24703 13550 99159 7094 38648 89222 29594 67195 12736 97836 66491 55979 75555 72537 94080 34637 80737 5331 9204 53233 62670 49467 75704 61839 77204 79035 51122 82721 35186 60310 43947 94154 91689 17572 89393 4601 1798 32689 25737 49060 98102 8794 88265 57192 47448 78876 24725 84959 76469 35984 31255 98926 76605 89213 88367 46544 90141 94230 41514 42065 98143 54646 67978 56194 40822 52859 4603 13876 17545 58629 98617 20787 85098 58318 66145 5556 89163 36652 2235 15422 89983 37375 15802 46300 65759 74436 9662 8799 2347 50429 48614 87490 35337 76920 60403 33961 30746 48374 72160 80379 15734 45690 1113 13229 85200 56303 21278 70486 24110 79766 34265 67158 53377 92342 10051 82892 15877 23004 12606 8383 66303 71462 89668 18252 35771 73769 5976 8609 27199 64493 12099 66544 6410 113 55096 76489 10992 45431 90131 83058 19269 33963 91795 75751 48453 33389 58566 15990 72388 51728 79899 39094 99220 32454 47307 21962 91148 66381 37641 55849 20338 57562 7835 67774 65515 21181 16237 7443 70312 99064 48535 46853 88201 20938 35465 70340 73822 17047 98589 43397 5974 79972 85885 89744 72259 60235 57852 164 4800 57630 69193 27779 25813 34003 80580 6909 55620 98888 58161 82176 62836 91498 44226 17929 23312 66862 33670 93108 11539 46663 52223 80744 76167 52412 8658 66723 7291 31894 87856 59837 19762 57332 10457 24109 71410 90736 88428 91973 46043 50871 5952 88766 83032 32999 31515 36146 53556 59345 82536 77974 78854 15449 27602 96318 87191 91894 12552 3290 53429 65578 68103 3231 90056 51713 50215 55838 88053 70412 9588 72208 87064 67647 37065 85115 16745 35007 42779 7577 75667 46084 15429 65839 71225 15018 15714 87900 64140 45168 34480 11591 8853 30621 31189 82263 65816 54823 15097 27825 12835 13818 86678 58037 65414 29339 36413 19616 36353 58825 62269 27605 39971 22631 63325 4456 80358 94172 90320 69968 83773 43443 84517 21390 88866 45511 34296 78651 56957 14036 3340 28463 64346 46459 72504 82606 32171 73021 27299 27160 96801 46467 72710 25892 89786 54357 40590 94828 30667 74648 11752 86249 89550 3156 49447 15142 94191 43279 90291 42148 63470 48664 1518 97768 46895 38405 64925 44539 54813 94607 45991 93131 70926 14539 47676 240 69898 94354 84454 54498 36746 75841 41547 7167 11614 33196 28833 19636 38891 44466 31560 68998 1854 6910 55146 76049 88148 89077 56904 80004 93231 53283 62849 1840 51474 54172 86536 57858 68855 57549 74007 33064 53563 80218 22020 93394 63685 83304 42680 32244 74656 43800 24934 77529 825 86857 13183 79814 98397 20518 25585 66668 21526 65570 47066 80272 71354 97233 97047 92486 36783 70333 63010 53309 64009 30886 36054 4192 87928 15992 24935 78738 66644 75680 83056 85474
2 72504 89668
2 18252 82606
2 32171 35771
2 73021 73769
2 5976 27299
2 8609 27160
2 27199 96801
2 46467 64493
2 12099 72710
2 25892 66544
2 6410 89786
2 113 54357
2 40590 55096
2 76489 94828
2 10992 30667
2 45431 74648
2 11752 90131
2 83058 86249
2 19269 89550
2 3156 33963
2 49447 91795
2 15142 75751
3 48453 54103 94191
4 33389 43279 54103 61674
3 37646 58566 90291
3 15990 41053 42148
3 44326 63470 72388
3 48664 51728 54500
3 1518 51270 79899
3 3336 39094 97768
3 46895 96576 99220
3 22872 32454 38405
3 36889 47307 64925
3 21962 23880 44539
3 54813 56317 91148
3 62159 66381 94607
3 33600 37641 45991
3 14249 55849 93131
3 20338 69928 70926
3 14539 22063 57562
3 7835 47676 97067
3 240 45889 67774
3 65515 69898 70301
3 21181 49263 94354
3 16237 76567 84454
3 7443 18681 54498
3 36746 44629 70312
3 3367 75841 99064
3 41547 48535 77687
3 7167 18868 46853
3 11614 69589 88201
3 4397 20938 33196
3 26350 28833 35465
3 19636 65593 70340
3 13523 38891 73822
3 17047 31974 44466
3 17520 31560 98589
3 39192 43397 68998
3 1854 5974 98509
3 1423 6910 79972
3 55146 85885 98191
3 39251 76049 89744
3 72259 82603 88148
3 60235 89077 89217
3 38893 56904 57852
3 164 55446 80004
3 4800 11366 93231
3 53283 57630 75455
3 62849 63112 69193
3 1840 27779 77930
3 17081 25813 51474
3 16068 34003 54172
3 37215 80580 86536
3 6909 37561 57858
3 25879 55620 68855
3 51074 57549 98888
3 50998 58161 74007
3 33064 82176 89559
3 24703 53563 62836
3 13550 80218 91498
3 22020 44226 99159
3 7094 17929 93394
3 23312 38648 63685
3 66862 83304 89222
3 29594 33670 42680
3 32244 67195 93108
3 11539 12736 74656
3 43800 46663 97836
3 24934 52223 66491
3 55979 77529 80744
3 825 75555 76167
3 52412 72537 86857
3 8658 13183 94080
3 34637 66723 79814
3 7291 80737 98397
3 5331 20518 31894
3 9204 25585 87856
3 53233 59837 66668
3 19762 21526 62670
3 49467 57332 65570
3 10457 47066 75704
3 24109 61839 80272
3 71354 71410 77204
3 79035 90736 97233
3 51122 88428 97047
3 82721 91973 92486
3 35186 36783 46043
3 50871 60310 70333
3 5952 43947 63010
3 53309 88766 94154
3 64009 83032 91689
3 17572 30886 32999
3 31515 36054 89393
3 4192 4601 36146
3 1798 53556 87928
3 15992 32689 59345
3 24935 25737 82536
3 49060 77974 78738
3 66644 78854 98102
3 8794 15449 75680
3 27602 83056 88265
3 57192 85474 96318
2 47448 87191
2 78876 91894
2 12552 24725
2 3290 84959
2 53429 76469
2 35984 65578
2 31255 68103
2 3231 98926
2 76605 90056
2 51713 89213
2 50215 88367
2 46544 55838
2 88053 90141
2 70412 94230
2 9588 41514
2 42065 72208
2 87064 98143
2 54646 67647
2 37065 67978
2 56194 85115
2 16745 40822
2 35007 52859
2 4603 42779
2 7577 13876
2 17545 75667
2 46084 58629
2 15429 98617
2 20787 65839
2 71225 85098
2 15018 58318
2 15714 66145
2 5556 87900
2 64140 89163
2 36652 45168
2 2235 34480
2 11591 15422
2 8853 89983
2 30621 37375
2 15802 31189
2 46300 82263
2 65759 65816
2 54823 74436
2 9662 15097
2 8799 27825
2 2347 12835
2 13818 50429
2 48614 86678
2 58037 87490
2 35337 65414
2 29339 76920
2 36413 60403
2 19616 33961
2 30746 36353
2 48374 58825
2 62269 72160
2 27605 80379
2 15734 39971
2 22631 45690
2 1113 63325
2 4456 13229
2 80358 85200
2 56303 94172
2 21278 90320
2 69968 70486
2 24110 83773
2 43443 79766
2 34265 84517
2 21390 67158
2 53377 88866
2 45511 92342
2 10051 34296
2 78651 82892
2 15877 56957
2 14036 23004
2 3340 12606
2 8383 28463
2 64346 66303
2 46459 71462
