439 162 63801
1717 56222 10057 20404 28094 4796 9392 52294 2940 35424 19605 46863 7472 61432 19326 5702 25133 35304 37366 51835 47697 1671 44304 14383 11573 17022 5019 43712 47603 23321 47186 35664 35144 3818 57617 57746 61991 35337 38133 46607 50541 45813 31831 10151 58163 47896 14616 21285 61463 50333 19477 36063 810 37124 18356 48969 58629 56172 1230 7776 27030 35018 37291 41288 8905 39872 54856 31110 33371 11673 32660 20316 33845 6786 35881 37389 4354 41099 20563 1973 15507 18526 50124 44477 56946 929 11026 26524 52534 22323 40632 954 22410 49615 14030 2073 54920 18649 50794 4816 52 13304 62004 61750 15367 22035 25431 21809 62767 29660 6320 56283 25401 32275 27077 25488 51745 10313 58453 15775 59224 46679 61874 23935 48352 36345 1169 20427 33894 10485 31335 41807 52137 22650 31907 44033 7610 24290 8472 39687 51328 2427 7114 632 55225 22236 38490 7119 58137 43192 6498 61515 63588 160 48736 19833 35392 28396 47116 38728 42520 18118 19953 33670 26765 22231 30988 53324 12541 55681 50549 42398 21074 22589 50596 51693 4421 30999 7690 50438 36716 34989 42379 51546 51964 55251 26091 62867 39465 11175 14074 3033 19088 59413 20045 6392 4845 48760 59381 19310 45115 9 57947 51144 43639 53944 5340 12709 53242 19028 16324 20473 49253 19170 38554 40936 14296 10496 34795 22530 41739 6015 48249 31547 49065 35401 54385 13785 29566 10176 43504 53789 39587 29946 58998 46960 35876 62884 1441 37279 10812 47597 9516 6335 32495 41387 37902 2778 18468 53473 33717 28522 17344 45999 35532 10156 30509 32963 19466 27471 31921 7522 50559 36848 46410 3322 4478 43786 33881 31689 30200 25067 59776 26320 14253 24991 54778 52992 22445 47997 46670 30896 40433 38173 15724 19881 46231 52832 7981 26810 36074 54512 15149 3382 793 10458 39485 41527 49068 9914 32868 63104 29767 16825 10721 45251 32361 60074 49979 2950 8977 6530 62906 13331 30748 15631 3752 1471 55621 37666 36178 60040 62533 16812 59454 1898 919 23964 4431 12428 9793 2501 33029 32578 52833 46378 1778 9454 47419 61891 8410 1482 42663 39725 6770 61526 29388 31828 33068 32558 21265 19162 26516 13092 43171 35353 51294 31750 57645 53871 61719 20816 12169 56641 31526 35893 54860 47585 19052 32147 11147 52021 20860 6095 4755 39121 56368 26274 14897 8341 31542 47199 2035 8448 62836 15794 3005 19816 39062 33114 24649 46334 17575 53211 31344 12120 49462 11552 14366 39989 4185 23191 25653 9235 43141 24635 30628 856 17908 1360 37327 59975 57357 51692 3539 29864 53990 11991 34881 63427 56217 12647 7492 38309 48999 48164 22697 26377 23224 10804 16138 328 28642 31942 45816 57192 17873 43975 18256
2 160 15631
2 3752 48736
2 1471 19833
2 35392 55621
2 28396 37666
2 36178 47116
2 38728 60040
2 42520 62533
2 16812 18118
3 1717 19953 59454
4 1717 1898 33670 56222
3 919 10057 26765
3 20404 22231 23964
3 4431 28094 30988
3 4796 12428 53324
3 9392 9793 12541
3 2501 52294 55681
3 2940 33029 50549
3 32578 35424 42398
3 19605 21074 52833
3 22589 46378 46863
3 1778 7472 50596
3 9454 51693 61432
3 4421 19326 47419
3 5702 30999 61891
3 7690 8410 25133
3 1482 35304 50438
3 36716 37366 42663
3 34989 39725 51835
3 6770 42379 47697
3 1671 51546 61526
3 29388 44304 51964
3 14383 31828 55251
3 11573 26091 33068
3 17022 32558 62867
3 5019 21265 39465
3 11175 19162 43712
3 14074 26516 47603
3 3033 13092 23321
3 19088 43171 47186
3 35353 35664 59413
3 20045 35144 51294
3 3818 6392 31750
3 4845 57617 57645
3 48760 53871 57746
3 59381 61719 61991
3 19310 20816 35337
3 12169 38133 45115
3 9 46607 56641
3 31526 50541 57947
3 35893 45813 51144
3 31831 43639 54860
3 10151 47585 53944
3 5340 19052 58163
3 12709 32147 47896
3 11147 14616 53242
3 19028 21285 52021
3 16324 20860 61463
3 6095 20473 50333
3 4755 19477 49253
3 19170 36063 39121
3 810 38554 56368
3 26274 37124 40936
3 14296 14897 18356
3 8341 10496 48969
3 31542 34795 58629
3 22530 47199 56172
3 1230 2035 41739
3 6015 7776 8448
3 27030 48249 62836
3 15794 31547 35018
3 3005 37291 49065
3 19816 35401 41288
3 8905 39062 54385
3 13785 33114 39872
3 24649 29566 54856
3 10176 31110 46334
3 17575 33371 43504
3 11673 53211 53789
3 31344 32660 39587
3 12120 20316 29946
3 33845 49462 58998
3 6786 11552 46960
3 14366 35876 35881
3 37389 39989 62884
3 1441 4185 4354
3 23191 37279 41099
3 10812 20563 25653
3 1973 9235 47597
3 9516 15507 43141
3 6335 18526 24635
3 30628 32495 50124
3 856 41387 44477
3 17908 37902 56946
3 929 1360 2778
3 11026 18468 37327
3 26524 53473 59975
3 33717 52534 57357
3 22323 28522 51692
3 3539 17344 40632
3 954 29864 45999
3 22410 35532 53990
3 10156 11991 49615
3 14030 30509 34881
3 2073 32963 63427
3 19466 54920 56217
3 12647 18649 27471
3 7492 31921 50794
3 4816 7522 38309
3 52 48999 50559
3 13304 36848 48164
3 22697 46410 62004
3 3322 26377 61750
3 4478 15367 23224
3 10804 22035 43786
3 16138 25431 33881
3 328 21809 31689
3 28642 30200 62767
3 25067 29660 31942
3 6320 45816 59776
3 26320 56283 57192
3 14253 17873 25401
3 24991 32275 43975
3 18256 27077 54778
2 25488 52992
2 22445 51745
2 10313 47997
2 46670 58453
2 15775 30896
2 40433 59224
2 38173 46679
2 15724 61874
2 19881 23935
2 46231 48352
2 36345 52832
2 1169 7981
2 20427 26810
2 33894 36074
2 10485 54512
2 15149 31335
2 3382 41807
2 793 52137
2 10458 22650
2 31907 39485
2 41527 44033
2 7610 49068
2 9914 24290
2 8472 32868
2 39687 63104
2 29767 51328
2 2427 16825
2 7114 10721
2 632 45251
2 32361 55225
2 22236 60074
2 38490 49979
2 2950 7119
2 8977 58137
2 6530 43192
2 6498 62906
2 13331 61515
2 30748 63588
