500 200 100000
90805 72794 82254 33664 69966 77936 48091 718 45411 4145 53080 41671 77494 30319 83341 40638 58371 5055 33507 82945 99035 50318 33522 45637 20608 17201 42044 43517 1016 95558 78030 13033 265 71732 23363 79121 39169 70040 69179 6965 45427 58687 7517 23967 29060 61687 94148 44828 94677 7771 34440 3047 19888 89672 47137 7591 95578 54484 22003 53650 16915 80387 82469 79653 82179 12505 53585 16653 56 78413 67867 67390 70781 71751 45601 59597 81588 61857 64512 2379 71448 36261 63417 99685 51737 88590 99096 7119 26870 35895 59533 37287 2088 93835 94255 67235 4115 41673 26055 35186 20907 67439 80696 13736 28252 26764 70885 47334 93705 33021 41585 85789 69757 22429 39930 45724 12587 11815 81054 60971 83097 41535 55952 55204 56966 19470 99173 54265 61874 68038 7378 96283 29910 47373 76212 77577 2006 17126 79195 32342 56129 90281 40798 41931 554 25702 72917 29786 42259 34482 32940 23307 10160 20716 19860 62576 1366 11685 14746 14453 28468 29209 27798 99208 98336 49805 50482 94191 56930 30382 92239 28342 82066 11877 12530 46651 39875 5375 73668 53016 74691 33544 7075 96198 20367 69108 1881 89046 60907 73600 36621 45531 57310 62092 8643 96200 87057 62983 69432 62868 39590 50159 78820 44258 15668 70299 58582 27076 5054 31223 7855 30604 86330 75525 27586 19710 88158 44481 44939 79507 3009 36842 48668 34209 84241 20258 29004 54447 50453 26616 34453 49014 12451 24186 81112 96991 87571 14254 26794 5232 87788 32888 68554 59110 29064 69711 94896 97085 10196 78438 90486 27260 12361 52254 33535 59911 57654 5195 6909 44556 2345 2721 54890 2235 95485 73289 31545 85076 13840 78938 55922 77826 96217 86784 38592 87214 27528 10318 19902 22752 71297 18414 67417 12184 90195 82837 32012 58783 38614 45393 1026 72723 39195 80578 61127 72838 69664 21339 6340 69021 51003 90197 23921 27207 70448 86106 40115 83018 77576 54705 29650 6187 76814 73138 22125 21965 64279 79556 40372 61223 31438 15344 38229 76121 92396 19178 61647 33645 54696 8982 73975 22781 51382 911 22868 64839 81673 17304 47944 89941 30460 40552 38862 48401 99009 72419 71906 84207 78170 1999 63717 43797 9837 97 29059 28878 48480 58863 22520 57569 8166 66074 1634 78948 21233 88116 62157 51949 27945 17249 34732 98030 15688 99575 8486 122 82599 91552 20187 34378 28146 1057 17353 33054 47253 69908 26830 23266 1709 74980 86126 53481 14110 31323 34443 84101 45358 20464 92215 51357 99794 18662 7006 36450 13330 54942 10052 77210 76437 69054 14811 12955 59921 89321 3585 41362 2859 68970 17614 83639 42498 11637 63538 64942 87873 35502 64973 97503 95420 87425 66984 92563 48731 37682 62749 48255 92781 13966 90120 6144 80639 61526 28128 15071 44585 12249 95160 21023 85050 35309 8688 62299 45221 57938 71289 62436 7512 41256 87757 45031 56991 16695 30505 94047 60445 61849 71086 4002 7440 86320 14405 85965 63799 71003 87307 20968 88715 9764 96430 19602 37770 61636 27866 4919 90299 96955 90252 13296 83233 16610 40227 57585 10436 34405 39643 53262 71091 67491 55672 72689
2 61647 99173
2 33645 54265
2 54696 61874
2 8982 68038
2 7378 73975
2 22781 96283
2 29910 51382
2 911 47373
2 22868 76212
2 64839 77577
2 2006 81673
2 17126 17304
2 47944 79195
2 32342 89941
2 30460 56129
2 40552 90281
2 38862 40798
2 41931 48401
2 554 99009
2 25702 72419
2 71906 72917
2 29786 84207
2 42259 78170
2 1999 34482
2 32940 63717
2 23307 43797
2 9837 10160
2 97 20716
2 19860 29059
2 28878 62576
2 1366 48480
2 11685 58863
2 14746 22520
2 14453 57569
2 8166 28468
2 29209 66074
2 1634 27798
2 78948 99208
2 21233 98336
2 49805 88116
2 50482 62157
2 51949 94191
2 27945 56930
2 17249 30382
2 34732 92239
2 28342 98030
2 15688 82066
2 11877 99575
2 8486 12530
2 122 46651
2 39875 82599
2 5375 91552
2 20187 73668
2 34378 53016
2 28146 74691
2 1057 33544
2 7075 17353
2 33054 96198
2 20367 47253
2 69108 69908
2 1881 26830
2 23266 89046
2 1709 60907
2 73600 74980
2 36621 86126
2 45531 53481
2 14110 57310
2 31323 62092
2 8643 34443
2 84101 96200
2 45358 87057
2 20464 62983
2 69432 92215
2 51357 62868
3 39590 90805 99794
4 18662 50159 72794 90805
3 7006 78820 82254
3 33664 36450 44258
3 13330 15668 69966
3 54942 70299 77936
3 10052 48091 58582
3 718 27076 77210
3 5054 45411 76437
3 4145 31223 69054
3 7855 14811 53080
3 12955 30604 41671
3 59921 77494 86330
3 30319 75525 89321
3 3585 27586 83341
3 19710 40638 41362
3 2859 58371 88158
3 5055 44481 68970
3 17614 33507 44939
3 79507 82945 83639
3 3009 42498 99035
3 11637 36842 50318
3 33522 48668 63538
3 34209 45637 64942
3 20608 84241 87873
3 17201 20258 35502
3 29004 42044 64973
3 43517 54447 97503
3 1016 50453 95420
3 26616 87425 95558
3 34453 66984 78030
3 13033 49014 92563
3 265 12451 48731
3 24186 37682 71732
3 23363 62749 81112
3 48255 79121 96991
3 39169 87571 92781
3 13966 14254 70040
3 26794 69179 90120
3 5232 6144 6965
3 45427 80639 87788
3 32888 58687 61526
3 7517 28128 68554
3 15071 23967 59110
3 29060 29064 44585
3 12249 61687 69711
3 94148 94896 95160
3 21023 44828 97085
3 10196 85050 94677
3 7771 35309 78438
3 8688 34440 90486
3 3047 27260 62299
3 12361 19888 45221
3 52254 57938 89672
3 33535 47137 71289
3 7591 59911 62436
3 7512 57654 95578
3 5195 41256 54484
3 6909 22003 87757
3 44556 45031 53650
3 2345 16915 56991
3 2721 16695 80387
3 30505 54890 82469
3 2235 79653 94047
3 60445 82179 95485
3 12505 61849 73289
3 31545 53585 71086
3 4002 16653 85076
3 56 7440 13840
3 78413 78938 86320
3 14405 55922 67867
3 67390 77826 85965
3 63799 70781 96217
3 71003 71751 86784
3 38592 45601 87307
3 20968 59597 87214
3 27528 81588 88715
3 9764 10318 61857
3 19902 64512 96430
3 2379 19602 22752
3 37770 71297 71448
3 18414 36261 61636
3 27866 63417 67417
3 4919 12184 99685
3 51737 90195 90299
3 82837 88590 96955
3 32012 90252 99096
3 7119 13296 58783
3 26870 38614 83233
3 16610 35895 45393
3 1026 40227 59533
3 37287 57585 72723
3 2088 10436 39195
3 34405 80578 93835
3 39643 61127 94255
3 53262 67235 72838
3 4115 69664 71091
3 21339 41673 67491
3 6340 26055 55672
3 35186 69021 72689
2 20907 51003
2 67439 90197
2 23921 80696
2 13736 27207
2 28252 70448
2 26764 86106
2 40115 70885
2 47334 83018
2 77576 93705
2 33021 54705
2 29650 41585
2 6187 85789
2 69757 76814
2 22429 73138
2 22125 39930
2 21965 45724
2 12587 64279
2 11815 79556
2 40372 81054
2 60971 61223
2 31438 83097
2 15344 41535
2 38229 55952
2 55204 76121
2 56966 92396
2 19178 19470
